3 0.390900040625 0.29392179218750003 0.3835547921875 0.34618594062499997 0.3909051328125 0.35563419218750003 0.4005754890625 0.3541881953125 0.407537384375 0.3439463203125 0.408696696875 0.3300838671875 0.40560118437500003 0.318428515625 0.40559886875 0.290377425 0.4032774640625 0.28444102031249996 0.39534769999999997 0.28472910156250003 0.390900040625 0.29392179218750003
3 0.36344738125 0.43312247968750006 0.376019028125 0.4334867703125 0.383754571875 0.42335362343750005 0.38510717968749997 0.40811580000000003 0.3785277078125 0.365114965625 0.3684702984375 0.3637014890625 0.36498958125000003 0.3716275359375 0.35841798125 0.4240004125 0.36344738125 0.43312247968750006
3 0.35958701875 0.52795254375 0.365581971875 0.5189773125 0.3679015234375 0.50247284375 0.3605484046875 0.4593632828125 0.348557109375 0.46048309062500004 0.3396641046875 0.5069195640624999 0.3425667859375 0.52556050625 0.35958701875 0.52795254375
3 0.33329089375 0.6196294703125 0.345282190625 0.618509659375 0.3532110296875 0.607001140625 0.3541761203125 0.583293625 0.34663063125 0.5527798703125 0.335799575 0.5512576640625 0.3323188578125 0.5591837109375 0.326907496875 0.608914571875 0.33329089375 0.6196294703125
3 0.43716121250000006 0.733807709375 0.449152971875 0.7382981187500001 0.45920945625 0.7284911578125 0.462689246875 0.709344675 0.45998032499999997 0.694938578125 0.4617199890625 0.6825602265625 0.45862401249999996 0.6652946546875 0.44740636250000004 0.6665231953124999 0.43445136562500003 0.7081811765625 0.4340661625 0.7277625750000001 0.43716121250000006 0.733807709375
3 0.5131302343749999 0.238168134375 0.5117780890625 0.2590161765625 0.50481619375 0.269258053125 0.503464046875 0.290106096875 0.5081063921875 0.2963686875 0.5206780390625 0.2967329796875 0.5268662875000001 0.28638237499999997 0.5280256015625 0.27251992187499996 0.5243497359375 0.25938046875 0.5282165812499999 0.243093459375 0.5276353046875 0.230388921875 0.5197050765625 0.2250667859375 0.5131302343749999 0.238168134375
3 0.4092636203125 0.16887164062499999 0.40752395625000004 0.181249990625 0.41197346875 0.1944981734375 0.422030878125 0.19591165 0.43054006874999995 0.1858872328125 0.43073197499999993 0.16768120625 0.425895871875 0.1571837671875 0.42937519999999996 0.132427065625 0.42589309374999995 0.1235224578125 0.42125121249999997 0.122870084375 0.415256259375 0.1318453171875 0.4144849265625 0.15978767968750002 0.4092636203125 0.16887164062499999
3 0.41873604843749995 0.11269883437499999 0.43034075312500003 0.11432976875 0.4374964078125 0.10832273750000002 0.43923236718750003 0.05106264218749999 0.432655675 0.041723118749999996 0.4243397796875 0.0503721640625 0.4214412671875 0.08222318437500001 0.41564053593750006 0.10104348125 0.41873604843749995 0.11269883437499999
3 0.38046875 0.06328125 0.0015625 0.0015625
5 0.3759907828125 0.09126345625 0.3843089921875 0.11066550312500001 0.39204499843749996 0.10614257499999999 0.3964926578125 0.09694988437499999 0.39455506875 0.054601425 0.3984219140625 0.0383144140625 0.3974540453125 0.028360621875000002 0.3916509984375 0.0191298265625 0.380240053125 0.0217337390625 0.3761794484375 0.033785903125 0.3759907828125 0.09126345625
5 0.250515303125 0.66409765 0.24606857031249998 0.684510778125 0.24935830625 0.70601119375 0.26367100468750004 0.7108277890625 0.269666421875 0.707462775 0.2789487953125 0.6919368671874999 0.2804942375 0.669713453125 0.27120677031249996 0.623526959375 0.2638568921875 0.619688925 0.252833003125 0.625152309375 0.2485791015625 0.6385798453125 0.250515303125 0.66409765
2 0.36845501875000003 0.1785642859375 0.372323253125 0.17910793125 0.382766328125 0.16655022656250001 0.38082781250000003 0.11298133125000001 0.3711551421875 0.0863762359375 0.3659333734375 0.0898499796875 0.3591652359375 0.10432670156249998 0.35723644375 0.1685723890625 0.36845501875000003 0.1785642859375
2 0.25669568125 0.5583733359374999 0.26114797031250003 0.605282828125 0.265790315625 0.6115454203125 0.2793289046875 0.61064306875 0.2891916296875 0.5966012625 0.29151118125000003 0.58009679375 0.286287096875 0.5555194453125 0.286866059375 0.5401728921875 0.27081184375 0.525293775 0.26462313125 0.5300341609375 0.25669568125 0.5583733359374999
0 0.3545326140625 0.2158786921875 0.3479582359375 0.234590259375 0.347185978125 0.2513121859375 0.3535693765625 0.26202708124999996 0.3638200828125 0.2620651859375 0.37329621562500004 0.250774125 0.3754224703125 0.23564503124999997 0.3690386109375 0.219319915625 0.37096925468749997 0.1775151015625 0.3583971453125 0.171540590625 0.35298300625 0.18761014375 0.3545326140625 0.2158786921875
0 0.2942080640625 0.4486372171875 0.2961433390625 0.46293458593750003 0.2903426078125 0.48175488125 0.289763646875 0.4971014359375 0.2951801015625 0.509082975 0.305044215625 0.5118718234374999 0.3176149359375 0.501015678125 0.32148178125000004 0.48472866875 0.31374345937500003 0.46120050625 0.31316033125 0.42605509531249997 0.3087112828125 0.4184171296875 0.2990409265625 0.4198631265625 0.2942080640625 0.4486372171875
4 0.3313264484375 0.2518883515625 0.325524790625 0.25948821093749996 0.3239784234375 0.2704911890625 0.3243668671875 0.29018131875000003 0.329009675 0.302054128125 0.320888465625 0.32615845625 0.3234045546875 0.34755014375000004 0.334042778125 0.356057940625 0.345840315625 0.350703284375 0.35222186093749996 0.3389773078125 0.353187878125 0.326490228125 0.3498986046875 0.310600028125 0.3444826125 0.3042287078125 0.34679985 0.2596731484375 0.3415771546875 0.25192645625 0.3313264484375 0.2518883515625
1 0.307349875 0.327060809375 0.299615259375 0.3484143921875 0.3003902953125 0.365353775 0.30677415468749997 0.38167888906249997 0.2984591875 0.401548371875 0.297107040625 0.4223964140625 0.299041390625 0.4254733453125 0.3046497515625 0.41924885781250004 0.31316125625 0.43727553124999996 0.31877008125 0.43666126250000004 0.3307599875 0.41871079843750003 0.3317255421875 0.40061349999999996 0.3210863921875 0.380885265625 0.324759015625 0.35475319375000003 0.320888928125 0.3317686734375 0.314699290625 0.325288625 0.307349875 0.327060809375
9 0.5707648484375001 0.2210224625 0.5798553140625 0.22370258281250002 0.5885582640625 0.217913009375 0.5935821078125 0.1597124578125 0.5924209421875 0.1511340375 0.5864250625 0.1488888328125 0.57810963125 0.163148096875 0.5667023906249999 0.210633753125 0.5707648484375001 0.2210224625
9 0.5458352234375 0.465768109375 0.556472984375 0.4686656875 0.56652946875 0.45885872812499995 0.568265890625 0.40720885000000007 0.566524375 0.397146328125 0.5622690859375 0.393743209375 0.552792953125 0.40503427031249994 0.5423531171875 0.456863503125 0.5458352234375 0.465768109375
9 0.6377119312499999 0.55301506875 0.64022709375 0.5631863203125 0.65395944375 0.5665188140625 0.6624686328125 0.5564943953125 0.6694272890625 0.5069809921874999 0.6674924765625 0.49829384374999997 0.6609162453125 0.49456453749999996 0.652213759375 0.5059643265625 0.6392578359375001 0.536401871875 0.6377119312499999 0.55301506875
9 0.637140378125 0.6581251140625 0.6481651937499999 0.6638821671875 0.6578350859375 0.65682595 0.6659535171875001 0.5990603140624999 0.65589564375 0.59203661875 0.6493203390625 0.59952775 0.6346238265624999 0.6311232078125 0.633658271875 0.6492205078125 0.637140378125 0.6581251140625
9 0.6359903265625 0.78419193125 0.64624010625 0.7730096 0.6537786484375 0.719370078125 0.6491358421875 0.70749726875 0.6375316 0.711476553125 0.62070883125 0.75820110625 0.6239985671875 0.7797015234375 0.6359903265625 0.78419193125
9 0.67231885625 0.3909766984375 0.6819887484375 0.3839204828125 0.690494234375 0.3290143203125 0.6856581312500001 0.31851687968750003 0.677148478125 0.3229310796875 0.6607122999999999 0.3669048890625 0.661294040625 0.385219646875 0.67231885625 0.3909766984375
9 0.6926144703125 0.2409523875 0.6997701265625 0.23494535625 0.7032485265624999 0.19896821874999998 0.7090487953125 0.174537703125 0.703052453125 0.16668228125 0.6928026734375 0.1778646140625 0.677914253125 0.22766609999999998 0.6841043546875001 0.23975636718749999 0.6926144703125 0.2409523875
9 0.6879651796874999 0.1505365203125 0.6883531609375 0.16461643125 0.692221859375 0.17077029375 0.7098215171875 0.1634259953125 0.7105933109375 0.1410938515625 0.7169730046875 0.106927003125 0.71407125 0.0995064953125 0.708655721875 0.0987453921875 0.701693825 0.1089872671875 0.6968605 0.1321511390625 0.6879651796874999 0.1505365203125
8 0.619318253125 0.313401034375 0.6307287359375 0.3051869046875 0.63942890625 0.2657360234375 0.6407810515625 0.24488798125 0.6351708390625 0.22867159531249998 0.6189256421875 0.2432189421875 0.6063586265625001 0.29895683281249996 0.6096474359374999 0.3092368125 0.619318253125 0.313401034375
8 0.69284249375 0.6603433828124999 0.6959380078125 0.6719987359374999 0.708316821875 0.6793486171875001 0.720694246875 0.6698678453125 0.7326827640625 0.6350867250000001 0.735582203125 0.614456140625 0.7309389328125 0.5969731125 0.7079242109375 0.609166525 0.706184546875 0.6215448765625 0.6951620453125 0.6438389156250001 0.69284249375 0.6603433828124999
11 0.7508211 0.1243068875 0.7359308265625 0.1516674984375 0.734964809375 0.164154578125 0.7378665640625 0.17157508593749998 0.7473440874999999 0.17711467812499998 0.7597215125 0.16763390625000002 0.760686603125 0.14392639062499998 0.7713220484375001 0.11877287656249999 0.77576831875 0.09274953124999999 0.7705456234375 0.0850028390625 0.7628091546875 0.0839155484375 0.7572007921874999 0.0901400359375 0.7519799484374999 0.10483421562499999 0.7508211 0.1243068875
11 0.7090946359375 0.7299493109374999 0.6961373234375 0.7435562 0.69149775625 0.77095491875 0.6947865671875 0.7812348984375 0.70774573125 0.7900688812500001 0.7197365640625 0.783338853125 0.7247636484375 0.764409828125 0.7237957796875001 0.754456034375 0.737719571875 0.7339722828124999 0.73965160625 0.7089981234375 0.7311405640624999 0.69658166875 0.7232107984375 0.6968697515625 0.7176024375 0.7030942375 0.710060653125 0.7174622312500001 0.7090946359375 0.7299493109374999
6 0.6934149734374999 0.566453775 0.696704246875 0.5823439734375 0.7102432984375 0.5870518375 0.7201064875000001 0.5786202515625 0.7336390578125 0.5047850625 0.730737303125 0.49736455625 0.7253217734375 0.496603453125 0.7181661187499999 0.5026104828125 0.6961215796875 0.5528087796875 0.6934149734374999 0.566453775
6 0.7303345046875 0.3037576609375 0.726467659375 0.32004467187499996 0.7289828218750001 0.330215921875 0.7332376484375 0.328008821875 0.7574102953125 0.285122303125 0.76475739375 0.25529902656250003 0.758954346875 0.24606823281249998 0.7516049328125 0.2478404171875 0.7421297265625 0.27035191406250003 0.737489696875 0.2921404125 0.7303345046875 0.3037576609375
10 0.7287913781250001 0.3540321671875 0.7175746546874999 0.36648114375 0.712160515625 0.3825506953125 0.7113877953125 0.393662403125 0.7173846 0.40712804374999995 0.7249277734375 0.40959070625000005 0.74117204375 0.3838229234375 0.741557246875 0.3642415234375 0.7521931562499999 0.344698228125 0.759926846875 0.31212420937499996 0.748708271875 0.3021323109375 0.7388450828125 0.3105638984375 0.7372987156249999 0.321566878125 0.730723875 0.3346682265625 0.7287913781250001 0.3540321671875
7 0.7231894984375 0.43879971093750003 0.7133263109375 0.4472312984375 0.707138525 0.46319212031249996 0.7069470812499999 0.48700836562500005 0.71004213125 0.4930535015625 0.720486596875 0.4973264515625 0.73054354375 0.49312970937499995 0.7355715546875 0.485421121875 0.7382758453125 0.443725034375 0.747171628125 0.4309498734375 0.7543254312500001 0.4025019703125 0.7500692156250001 0.38787841562500003 0.7390448625 0.3877315828125 0.7322762609375 0.3965980859375 0.7272487140624999 0.4099168921875 0.7231894984375 0.43879971093750003