3 0.4086906328125 0.1025765203125 0.4135399421875 0.11436649375 0.42611603125 0.11451132500000001 0.43083947968749997 0.10809469375 0.4290369046875 0.071491065625 0.4314065859375 0.0521915578125 0.42915119375 0.044918034375 0.42234161718749996 0.04268260625 0.4155595265625 0.0530444234375 0.41527597343749995 0.080995990625 0.4086906328125 0.1025765203125
3 0.4022152375 0.1745460390625 0.4028488875 0.188617034375 0.407430559375 0.1961761890625 0.42017591249999997 0.19494248281249998 0.424293196875 0.18705210625 0.4252104 0.1731715328125 0.420431978125 0.1543936671875 0.4232385609375 0.13794644218750002 0.41933394062499996 0.12487314218750001 0.412961265625 0.1254899953125 0.40884397968749997 0.1333803703125 0.40856042812500004 0.1613319390625 0.4022152375 0.1745460390625
3 0.3943148515625 0.26453174218750003 0.4006166390625 0.27090278125 0.41103571250000004 0.26938344375 0.41704237656250004 0.258926415625 0.417790315625 0.246424378125 0.4127876578125 0.20383055468750003 0.404596490625 0.20002616718750002 0.3986882015625 0.21609255156249998 0.39334267500000003 0.2532178203125 0.3943148515625 0.26453174218750003
3 0.38727669374999996 0.31544237656249996 0.38153766875 0.330130221875 0.3821004296875 0.3511891109375 0.38762679218749996 0.35746493749999997 0.39804586406250003 0.3559456 0.40354473906250005 0.3496241828125 0.40557589531250005 0.3330817453125 0.40256099218749997 0.293530625 0.398754746875 0.28606668125 0.39160664375 0.2865883234375 0.3873200953125 0.2958572359375 0.38727669374999996 0.31544237656249996
3 0.3675597296875 0.437560846875 0.3765972109375 0.4344725515625 0.382603875 0.4240155234375 0.38352107812499997 0.41013495000000005 0.376192140625 0.36725549218750003 0.3651669046875 0.36730108281249996 0.3571840578125 0.41949504375 0.359537825 0.432377921875 0.3675597296875 0.437560846875
3 0.3401478140625 0.506959684375 0.34320611875 0.526925665625 0.34890174375 0.5318229578125 0.36009624375 0.53039883125 0.36610290624999997 0.5199418031249999 0.36813406249999997 0.5033993671875 0.3628478515625 0.4887571109375 0.3598604359375 0.4618032375 0.3530508578125 0.4595678078125 0.347721246875 0.4645106890625 0.3401478140625 0.506959684375
3 0.3312593359375 0.617813853125 0.3431583734375 0.6234728296875 0.350983528125 0.617437040625 0.3551008140625 0.6095466640625 0.3560889046875 0.5886782 0.3475751265625 0.555448496875 0.336719153125 0.55411555 0.3333772953125 0.5621011359375 0.3279608796875 0.6062143 0.3312593359375 0.617813853125
3 0.31752154843749997 0.716878046875 0.325543453125 0.722060971875 0.334580934375 0.7189726765625 0.34136302500000004 0.708610859375 0.34356344375000003 0.6906898859374999 0.33606524375 0.6491889671875 0.32864950312499996 0.6454797906249999 0.3234891546875 0.6490441359375 0.31463250625 0.6955335296875 0.31752154843749997 0.716878046875
11 0.7348617125 0.1706116765625 0.7431237687500001 0.167428171875 0.7541215171875 0.154785334375 0.7567313515625 0.127119396875 0.76462739375 0.1140957171875 0.768012653125 0.08652499062499999 0.7553381890625 0.0807708046875 0.7487253609375 0.0897540859375 0.7450724640625 0.1130939921875 0.729744765625 0.154590884375 0.7348617125 0.1706116765625
11 0.69619740625 0.7675715546874999 0.7002712890625 0.7792663171875 0.712776490625 0.7863990390625 0.7257619953125001 0.7767989046875 0.7289779921874999 0.7506067140625 0.7424437984375001 0.724273725 0.7436011515625001 0.702026721875 0.735311609375 0.6926129796875 0.7222277312500001 0.6966037578125001 0.7128083203125 0.7220342640624999 0.6989056140625001 0.745514971875 0.69619740625 0.7675715546874999
5 0.3719113953125 0.0238966796875 0.3669752828125 0.051276984375 0.3777010515625 0.1113653515625 0.3863016328125 0.10542477343750001 0.389009840625 0.0833681921875 0.385345371875 0.0619284640625 0.39037985937499997 0.0401575125 0.3886322578125 0.02874838125 0.3832751578125 0.0210940171875 0.3719113953125 0.0238966796875
5 0.2506265328125 0.652691603125 0.253515575 0.6740361218750001 0.2496934140625 0.698754565625 0.25238570625 0.7088803718750001 0.2673864515625 0.7149201890625 0.2733222265625 0.711451053125 0.2821629609375 0.697144046875 0.2835879515625 0.679127865625 0.2783017421875 0.6644856078125 0.27817588125000003 0.646279003125 0.2727912953125 0.6260273921875 0.255999546875 0.62816358125 0.2506265328125 0.652691603125
8 0.696386928125 0.65704860625 0.7002915484375001 0.67012190625 0.714686128125 0.6746879765625 0.7237945 0.664611790625 0.7350049140625 0.6310052765624999 0.73579625625 0.5989180984375 0.7319900109375 0.59145415625 0.7271681875 0.5922614296875001 0.7099670234375 0.604142584375 0.69713486875 0.6445465687499999 0.696386928125 0.65704860625
8 0.7239030203125 0.2406313984375 0.7376914375 0.243723721875 0.74602438125 0.233552325 0.758490525 0.18330816562500002 0.7576876125 0.17061570625 0.7537829921875 0.15754240625 0.7360740390625 0.1735591703125 0.7321535046875 0.19266825781250002 0.72246645625 0.2138679453125 0.7239030203125 0.2406313984375
2 0.35579235468750003 0.0974807484375 0.3507578671875 0.119251696875 0.353745284375 0.1462055703125 0.35164324062499996 0.1697358984375 0.366742359375 0.181385071875 0.3779093734375 0.167363696875 0.3777126234375 0.15614498593749998 0.3735128796875 0.12624361875 0.3750362453125 0.113836790625 0.368947121875 0.0865020765625 0.36068506718750004 0.08968558125000001 0.35579235468750003 0.0974807484375
2 0.2678479546875 0.5316660390625 0.26295524375 0.5394612046875 0.25835765624999996 0.5640844375 0.2603294953125 0.5993095296875001 0.2650095421875 0.6124780390625 0.2755269890625 0.6165680578125 0.2839583078125 0.6120060171875 0.2909096625 0.6002656625 0.2925039171875 0.5808709453125 0.28695006875 0.5619978671875 0.28759963437499997 0.5438864734375 0.28079005625 0.5416510453125001 0.27422063125 0.5310491859375001 0.2678479546875 0.5316660390625
0 0.3473841796875 0.191602059375 0.34915926875 0.2156084390625 0.343038315625 0.25263849843749997 0.349438478125 0.26461889375 0.3596882875 0.26447809218749996 0.368965921875 0.25302336875 0.3703909140625 0.2350071875 0.36251078593749997 0.21584847968749998 0.36536076875 0.1798161140625 0.35767739062500004 0.17187611875 0.351910878125 0.1739667171875 0.3473841796875 0.191602059375
0 0.2982791171875 0.4248562984375 0.2938507921875 0.4481009953125 0.29552750781250003 0.46649802031250004 0.289040540625 0.493687903125 0.29078814375 0.5050970375 0.2975268328125 0.514320359375 0.3129369921875 0.5106152109375001 0.32005760781250003 0.4974963203125 0.3203686484375 0.4821420015625 0.3126577828125 0.46160475625 0.31391351093750003 0.4449671109375 0.31112284375 0.42923194843749995 0.3026640390625 0.421196740625 0.2982791171875 0.4248562984375
4 0.326077303125 0.256153225 0.3213538546875 0.2625698546875 0.3201690140625 0.2722196078125 0.3209010390625 0.291899959375 0.325411821875 0.30644700625 0.31882648125 0.328027534375 0.3219831609375 0.353602871875 0.333106771875 0.3591666375 0.3432582078125 0.3534164796875 0.349434134375 0.341580915625 0.3499144375 0.324848059375 0.339440390625 0.30117289999999997 0.3430224 0.2848208875 0.3420227375 0.260909715625 0.33649637499999996 0.2546338875 0.326077303125 0.256153225
10 0.7142666015625 0.363987603125 0.7105862187499999 0.3747302625 0.7105428171875 0.3943154015625 0.7157306515624999 0.40334830468750005 0.7233156562499999 0.4056789453125 0.7309440609375 0.3884244453125 0.7391077421875 0.379631584375 0.7399265703125 0.3601416546875 0.75474648125 0.322780375 0.7564391109375 0.30899501093750004 0.746937240625 0.296633775 0.7345579 0.30770765624999996 0.7283110859375 0.3265311109375 0.7273229953125 0.3473995765625 0.7142666015625 0.363987603125
6 0.7245482421875 0.2994820265625 0.72268635 0.3146459265625 0.7252093796875 0.3261502703125 0.7526762671875 0.2819459265625 0.75875381875 0.26450100625 0.7601788109375 0.24648482500000002 0.7498306265625 0.24101626875 0.7452764421875 0.2460543625 0.737140246875 0.26744447031249996 0.7339951390625 0.28664876875 0.7245482421875 0.2994820265625
6 0.698465828125 0.5439590078125 0.696025259375 0.5702464078125 0.7016499953124999 0.5821315921875 0.714226084375 0.582276425 0.72367298125 0.569443165625 0.7249012234375 0.5402082703125 0.7317542031250001 0.5228585609375 0.7334193453125 0.4964759515625 0.72617286875 0.4913882375 0.7183477125 0.49742402500000005 0.71038078125 0.517435596875 0.708857415625 0.5298424234375 0.698465828125 0.5439590078125
7 0.7114281890624999 0.444799603125 0.706633853125 0.45820412499999996 0.70928274375 0.487915071875 0.7204063546875 0.4934788375 0.7302192640625 0.49048575312500003 0.7351119749999999 0.48269058749999993 0.7358049421875 0.44499405468750003 0.745928890625 0.42664665 0.7524158578125 0.3994567640625 0.74514189375 0.3817718046875 0.731550225 0.3898981921875 0.7236816687500001 0.41551911874999997 0.7241460562500001 0.43096864999999995 0.7114281890624999 0.444799603125
9 0.6404853187499999 0.6571813484375 0.651002765625 0.6612713671875 0.657205115625 0.636912340625 0.6680939828125 0.5990012218749999 0.66074913125 0.588304153125 0.6508653328125 0.598285128125 0.6373286390625 0.6316060109375 0.6364114359374999 0.6454865843750001 0.6404853187499999 0.6571813484375
1 0.311678378125 0.3285491765625 0.30341632343749997 0.33173268125 0.297578921875 0.3408111734375 0.29639408125 0.350460928125 0.2980707953125 0.3688579515625 0.3045693328125 0.38644770156249997 0.296771665625 0.4050807390625 0.2968266375 0.430275234375 0.3026640390625 0.421196740625 0.31095358125 0.4306104859375 0.312870446875 0.44064108125 0.32113250312499997 0.437457575 0.329536334375 0.4202982875 0.3300166375 0.40356543125 0.32085329375 0.38844712187499997 0.319274953125 0.37565945312500004 0.3222507984375 0.3578336921875 0.31875559375 0.3350154265625 0.311678378125 0.3285491765625
9 0.6401540203125 0.7816800796875001 0.6509825078125 0.7704157765625 0.6575837640625 0.7166528609375 0.6527344546875 0.7048628859375 0.64214611875 0.7077607609375 0.625365940625 0.7546765859375 0.6296365734375 0.777590059375 0.6401540203125 0.7816800796875001
9 0.64285934375 0.5609198171875 0.65432148125 0.563726509375 0.6634298515625 0.5536503234375 0.66935405625 0.5054015515625 0.6680433531250001 0.496844703125 0.6662248625 0.4924234625 0.65735664375 0.49413322031250007 0.64132440625 0.5285470078125 0.6387854609375 0.549225053125 0.64285934375 0.5609198171875
9 0.658880009375 0.48172639375 0.6668744281250001 0.4743120703125 0.67182645625 0.4147493765625 0.663029125 0.40947124218750003 0.6541883921875 0.4237782484375 0.6442886796875 0.4659416109375 0.6495748890625 0.48058386875 0.658880009375 0.48172639375
9 0.6571801515625 0.3737701 0.6604786078125 0.385369653125 0.6703898921875 0.387985925 0.6799351640625 0.3807620203125 0.6828401203125 0.36992415 0.6824466218749999 0.347486728125 0.687311846875 0.327094315625 0.6834072265625 0.314021015625 0.6779792390625 0.31335454218750003 0.6724803640625 0.3196759609375 0.6585342562500001 0.3627418078125 0.6571801515625 0.3737701
9 0.6720434640625 0.316823678125 0.67943171875 0.30793560625 0.684919021875 0.2568345515625 0.6800697125 0.245044578125 0.670524440625 0.25226848125 0.6560705437500001 0.2994699375 0.6598059000000001 0.3139217734375 0.6720434640625 0.316823678125
9 0.6743466015624999 0.2275500375 0.6795344359375 0.23658294062500002 0.6897842468750001 0.2364421390625 0.6965663375 0.226080321875 0.7027306921875 0.169465121875 0.7010814640625 0.16366534531250002 0.695653478125 0.1629988734375 0.6880959609375 0.1732654796875 0.6752638046875 0.2136694640625 0.6743466015624999 0.2275500375
9 0.7028015812499999 0.1624772296875 0.7100798890625 0.10320016875 0.702396509375 0.095260171875 0.6946697296875 0.10690531562500001 0.6816683109375 0.1486878375 0.68567130625 0.1673704921875 0.7028015812499999 0.1624772296875