4 0.52734375 0.33046875 0.0328125 0.109375
7 0.4796875 0.24375 0.034375 0.115625
9 0.6390625 0.1109375 0.025 0.0796875
3 0.35625 0.60078125 0.0296875 0.0765625
1 0.5796875 0.084375 0.0328125 0.121875
11 0.5921875 0.4203125 0.034375 0.0953125
3 0.53203125 0.63046875 0.028125 0.075
9 0.4765625 0.11328125 0.025 0.078125
5 0.40546875 0.409375 0.0328125 0.0921875
9 0.65234375 0.5109375 0.0296875 0.075
5 0.48359375 0.59765625 0.0328125 0.0921875
3 0.36875 0.178125 0.025 0.0765625
3 0.41875 0.10234375 0.025 0.075
11 0.5984375 0.5984375 0.034375 0.090625
9 0.57421875 0.178125 0.0265625 0.0796875
6 0.41640625 0.6 0.034375 0.0921875
0 0.41484375 0.24609375 0.0296875 0.096875
3 0.5359375 0.41640625 0.0265625 0.0765625