3 0.6375 0.70390625 0.0390625 0.08125
7 0.334375 0.578125 0.053125 0.11875
10 0.43125 0.3 0.046875 0.115625
0 0.5203125 0.61328125 0.04375 0.096875
1 0.64453125 0.51171875 0.0515625 0.1171875
4 0.45390625 0.16171875 0.04375 0.1109375
2 0.56171875 0.24609375 0.0390625 0.0921875
5 0.665625 0.11640625 0.0390625 0.0984375
8 0.41640625 0.5046875 0.040625 0.0875
6 0.72578125 0.26875 0.0453125 0.1015625
11 0.61015625 0.421875 0.0421875 0.096875
2 0.559375 0.84140625 0.0453125 0.0953125
8 0.2875 0.8265625 0.04375 0.0875
9 0.7765625 0.96640625 0.046875 0.0671875
9 0.49765625 0.9921875 0.0234375 0.015625
2 0.36875 0.97734375 0.025 0.021875