11 0.3859375 0.43046875 0.046875 0.096875
5 0.31484375 0.1234375 0.04375 0.0984375
7 0.390625 0.328125 0.0515625 0.1203125
10 0.5578125 0.296875 0.0515625 0.1140625
0 0.378125 0.26015625 0.0421875 0.0953125
6 0.3109375 0.26484375 0.0453125 0.1
9 0.57421875 0.6921875 0.040625 0.08125
2 0.51640625 0.42578125 0.0453125 0.09375
1 0.36015625 0.16796875 0.0515625 0.1203125
5 0.5296875 0.48984375 0.046875 0.0984375
8 0.72890625 0.81484375 0.0484375 0.0890625
8 0.66796875 0.31875 0.0453125 0.090625
9 0.62734375 0.40546875 0.040625 0.08125
9 0.675 0.5859375 0.0421875 0.0828125
3 0.37265625 0.71171875 0.04375 0.08125
4 0.52734375 0.1578125 0.05 0.1140625
6 0.2984375 0.534375 0.0515625 0.1
0 0.484375 0.61484375 0.046875 0.0953125
3 0.43125 0.625 0.040625 0.078125
3 0.2578125 0.2671875 0.040625 0.0796875
2 0.45859375 0.84375 0.05 0.09375
2 0.6546875 0.9703125 0.0265625 0.021875