9 0.47578125 0.50625 0.0390625 0.075
5 0.534375 0.58125 0.0484375 0.09375
7 0.5828125 0.67265625 0.059375 0.11875
9 0.36171875 0.43359375 0.0390625 0.0765625
2 0.61484375 0.33984375 0.0453125 0.09375
3 0.38515625 0.36015625 0.0390625 0.0734375
10 0.6609375 0.55390625 0.05625 0.109375
9 0.55078125 0.83671875 0.046875 0.0859375
6 0.53984375 0.459375 0.0453125 0.0953125
3 0.3546875 0.6453125 0.0421875 0.078125
8 0.35390625 0.803125 0.053125 0.1046875
3 0.490625 0.3875 0.0375 0.0734375
8 0.27265625 0.5359375 0.046875 0.0890625