6 0.30703125 0.26875 0.046875 0.1015625
5 0.3078125 0.1265625 0.0453125 0.0984375
10 0.55390625 0.29609375 0.053125 0.115625
11 0.38515625 0.43203125 0.0484375 0.0984375
9 0.57734375 0.69140625 0.0421875 0.0828125
0 0.37421875 0.2625 0.04375 0.096875
2 0.51484375 0.42578125 0.046875 0.096875
8 0.734375 0.8109375 0.05 0.0875
8 0.665625 0.31640625 0.046875 0.090625
5 0.5296875 0.4890625 0.0484375 0.1
7 0.38671875 0.3296875 0.0546875 0.1203125
1 0.35546875 0.1703125 0.0515625 0.1203125
0 0.48671875 0.61484375 0.0484375 0.096875
3 0.37578125 0.7140625 0.04375 0.08125
4 0.521875 0.16015625 0.0515625 0.1140625
6 0.2984375 0.53671875 0.053125 0.1
2 0.4640625 0.84453125 0.05 0.09375
2 0.66328125 0.96796875 0.025 0.021875