3 0.6254200078125 0.3758382609375 0.63463678125 0.37910288125 0.6436548875 0.37123073125 0.6464170625000001 0.3185252828125 0.6438051671875 0.3086528359375 0.6360760625 0.306856975 0.6326645890625 0.3122413671875 0.6273099171875 0.3397766390625 0.6220473296875 0.350627196875 0.6205402624999999 0.36445616406250003 0.6254200078125 0.3758382609375
3 0.6534821625 0.45241186093749997 0.6570245171875 0.399747303125 0.6551201125 0.3913027265625 0.6449777812499999 0.39077118906249997 0.630314246875 0.43172655468750004 0.6287344906250001 0.4469425078125 0.6343944140625 0.458365490625 0.6468045953125 0.46040667500000004 0.6534821625 0.45241186093749997
3 0.656200640625 0.49010579375 0.644643328125 0.4867185125 0.6291996140625 0.5276329875 0.6283273484375 0.5442768140625 0.6324996031250001 0.5542310374999999 0.6496635484375 0.5551305609375 0.6560697578125 0.5373859640624999 0.656200640625 0.49010579375
3 0.6491304265625 0.6399411109375001 0.6533075828125 0.590091409375 0.651403178125 0.5816468359375 0.6404806671875 0.5810744109375 0.6272515125 0.60958779375 0.6236752640625001 0.6330438843749999 0.6292624984375 0.645853853125 0.6408198109375001 0.6492411359375 0.6491304265625 0.6399411109375001
3 0.49668040312499995 0.7126176515625 0.4964429390625 0.7320763343750001 0.5044434 0.74362198125 0.5170716468750001 0.741502209375 0.5212632984375001 0.7361587046875 0.52462148125 0.7168635703125 0.5198532203124999 0.6734990328125 0.5090760875 0.6701526375 0.502742565625 0.6865102515625 0.5020883671874999 0.6989931203124999 0.49668040312499995 0.7126176515625
3 0.515894553125 0.271351834375 0.5143874859374999 0.285180803125 0.5184870515625 0.2965220109375 0.53089723125 0.2985631953125 0.5366492421875 0.2933014671875 0.5392999328125 0.27257845937499997 0.5344201890625 0.2611963625 0.5370708796875 0.24047335625000002 0.5331166921875 0.2263581765625 0.524316653125 0.23006937187499998 0.521321915625 0.24242957812500002 0.5220100078125001 0.259155178125 0.515894553125 0.271351834375
3 0.639463446875 0.1526562625 0.638155046875 0.17762200156250002 0.631404790625 0.18700380156250002 0.6281192984375 0.2049119484375 0.6345594015625 0.2163758203125 0.6447017328125 0.21690735625 0.6515973671874999 0.20475158750000003 0.6522515656250001 0.19226871875 0.6488594921875 0.18235538281250002 0.6534339859375 0.1547792234375 0.64926173125 0.144825 0.6445806546874999 0.144579675 0.639463446875 0.1526562625
3 0.6589340359375 0.12446998125 0.6568309625000001 0.104888634375 0.6600631640625 0.07306974375 0.653550371875 0.062992859375 0.6453124453125 0.070905896875 0.63609076875 0.12744519999999998 0.641968759375 0.134707228125 0.65367145 0.135320540625 0.6589340359375 0.12446998125
3 0.70078125 0.09453125 0.0015625 0.0015625
5 0.6785112078125 0.1241051828125 0.681123103125 0.1339776296875 0.6878539625 0.139893559375 0.6997214281249999 0.122435171875 0.7105034625 0.06597764375000001 0.7088171234375 0.0533721125 0.6981126796875 0.04863873125 0.6906549328125 0.05659265625 0.6878055734374999 0.066178890625 0.688493665625 0.0829044921875 0.6785112078125 0.1241051828125
5 0.680366590625 0.7305890046875 0.6865159375000001 0.74760081875 0.6917591265625 0.7520479875 0.7067279109375 0.7500508781249999 0.714059678125 0.729573196875 0.713589653125 0.7086866390625 0.72035930625 0.6840071125 0.7187456562500001 0.6700145953125001 0.7089667703125 0.66254813125 0.7010195984375 0.664913228125 0.6830899703125 0.7084790125 0.680366590625 0.7305890046875
2 0.7033799578125 0.20190221875 0.7137452578125 0.138468875 0.709863759375 0.12296670937500001 0.70540075 0.118560428125 0.6908293015625 0.1428310796875 0.678704975 0.19504587812500002 0.686560059375 0.2093654953125 0.6904609546875 0.20956993124999998 0.7033799578125 0.20190221875
2 0.695505053125 0.6507162734375 0.7086227234375 0.65418533125 0.714374734375 0.6489236015625 0.7276959765625 0.60372550625 0.7253215453124999 0.5743943734375 0.7201510453125 0.56856021875 0.7015527203125 0.5801026765625 0.699192784375 0.5952777421875 0.6893751031249999 0.6184067328125 0.6885028359375001 0.6350505578125001 0.695505053125 0.6507162734375
0 0.6719304187499999 0.27952932812500003 0.6790780125 0.292421071875 0.6891476546875 0.2943395953125 0.6974582687499999 0.285039571875 0.69989089375 0.2684775203125 0.697007640625 0.2488552875 0.7039226734375 0.221401790625 0.7016742218750001 0.2045944140625 0.68819310625 0.208060284375 0.6821115453125 0.2494654109375 0.6727299953125 0.2642724890625 0.6719304187499999 0.27952932812500003
0 0.6781522437499999 0.519072128125 0.6788403359374999 0.535797728125 0.6891086468750001 0.5488530218750001 0.6993236671874999 0.5479975734375 0.7069267921875 0.537269678125 0.709286728125 0.5220946125 0.707183653125 0.502513265625 0.7118114390625 0.48884784843749995 0.712557725 0.45968026562500003 0.7033409500000001 0.4564156453125 0.6975162515625 0.46306436093750003 0.690237775 0.49745278437499996 0.6781522437499999 0.519072128125
4 0.69624195625 0.293320596875 0.6900150171874999 0.3374996953125 0.683482828125 0.34272053593749996 0.6772219953125 0.3576911640625 0.6757876171875 0.37013314531249997 0.67981449375 0.382861340625 0.690373559375 0.3903686921875 0.7024396937499999 0.38404707656250003 0.70899128125 0.3635285078125 0.7056186046875 0.33831744375 0.71244155 0.3275486609375 0.7165799109375001 0.3082944125 0.7171614203125001 0.2971985296875 0.712916478125 0.2886312921875 0.7028468359375 0.28671276875 0.69624195625 0.293320596875
1 0.715232715625 0.36385560625 0.707920346875 0.3690355609375 0.6997357109375 0.3908593421875 0.6983546234375 0.4172120640625 0.6841466203125 0.4345477890625 0.6816413078125 0.45249682656249995 0.6899858156249999 0.47240527187500003 0.69537438125 0.47407847031249994 0.7071691578125 0.45800706875 0.711486790625 0.4651873203125 0.7139727062500001 0.46253601250000004 0.716623396875 0.44181300625000003 0.7122524734375 0.4207220109375 0.7216340234375 0.40591493125 0.72562700625 0.3894346578125 0.7221089515625 0.366997565625 0.715232715625 0.36385560625
9 0.489736803125 0.203222809375 0.4875998359375 0.15443299375 0.48215797812499994 0.1388490546875 0.4758438546875 0.13990894062499998 0.47306718437499995 0.1481081890625 0.46689353593750005 0.20619802968749998 0.474331884375 0.21354183125 0.483766725 0.21264549531250002 0.489736803125 0.203222809375
9 0.466655859375 0.4495746859375 0.46629731874999997 0.3967056875 0.45914972499999995 0.38381394375 0.45432327031249997 0.386342590625 0.45069373125 0.3958879375 0.44254299062499997 0.44692018906250003 0.4505434515625 0.458465834375 0.46153865156249996 0.4576512734375 0.466655859375 0.4495746859375
9 0.3502927546875 0.53526881875 0.354702471875 0.5257643562500001 0.3563549171875 0.5091614203125 0.3494447875 0.47681099062500004 0.3430773734375 0.463960134375 0.33591038281249996 0.46636611875 0.33235353125 0.47452448125 0.329736734375 0.5244559578125 0.3361768375 0.535919828125 0.3502927546875 0.53526881875
9 0.3403247921875 0.6209757046875 0.3428301046875 0.60302666875 0.33443230625 0.56920748125 0.3294071828125 0.5605993546875 0.3181939171875 0.5655748734375 0.3151409859375 0.6238282625 0.3232868265625 0.6325999375 0.33520758281249996 0.6290522921874999 0.3403247921875 0.6209757046875
9 0.32464361406250003 0.681348865625 0.314011859375 0.6752284984375 0.30718891406250004 0.6859972828124999 0.30435404843749997 0.7400897171875 0.312281821875 0.7530223484375 0.32491006875 0.7509025765625 0.3322418359375 0.73042489375 0.32464361406250003 0.681348865625
9 0.35989258125 0.2923828125 0.35238154375 0.2864259953125 0.3456312875 0.2958077953125 0.34350391406249997 0.35132810000000003 0.351649753125 0.3600997765625 0.363570509375 0.35655213125 0.36763618125 0.33868486875000003 0.35989258125 0.2923828125
9 0.3689349875 0.209409009375 0.377318290625 0.198722 0.37220598437499997 0.1469946640625 0.3642782109375 0.1340620328125 0.35689315312500003 0.140628971875 0.3579252921875 0.165717371875 0.354475025 0.20169721875 0.36035301406250003 0.20895924687499998 0.3689349875 0.209409009375
9 0.35825484375 0.129573975 0.3741297875 0.1401415109375 0.37910161875 0.13483889375 0.3821690453125 0.1210917015625 0.3769452546875 0.10134680468749999 0.37662060468749997 0.0776862765625 0.37174086093750003 0.06630418125000001 0.3662796046875 0.06601796875 0.3620152640625 0.07274845937499999 0.36175840312499996 0.1075048703125 0.35825484375 0.129573975
8 0.428766428125 0.2918199515625 0.43395632656250005 0.2823563796875 0.4322554921875 0.2252446515625 0.41908453124999995 0.20786485 0.41048316093750004 0.222712815625 0.40783246875 0.24343582343749998 0.4088452109375 0.2838219515625 0.41847872031250005 0.2940623859375 0.428766428125 0.2918199515625
8 0.25094821562499997 0.6246364468750001 0.261289215625 0.6363047546875 0.27484301875 0.6314519 0.28010560624999997 0.620601340625 0.280977871875 0.603957515625 0.2744117890625 0.5799698890625 0.2750659875 0.56748701875 0.2548007234375 0.5511262171875 0.24690684375 0.56740205625 0.24581651093749998 0.5882068375 0.25094821562499997 0.6246364468750001
11 0.313610253125 0.041004967187500005 0.307005375 0.04761279375 0.306404465625 0.0740064046875 0.31204499218750004 0.100727115625 0.30846874375 0.12418320624999998 0.31880974375000004 0.1358515140625 0.3291701421875 0.132222096875 0.3334344828125 0.12549160625 0.3348688609375 0.1130496234375 0.325472815625 0.08335050625 0.32805081875000003 0.0640144828125 0.325729678125 0.0485940921875 0.321412046875 0.041413840625 0.313610253125 0.041004967187500005
11 0.24332569375 0.6506620703125 0.23559658906249997 0.6488662109375001 0.22487274687499997 0.6594305578124999 0.2220039890625 0.6843145203125001 0.23176347812500003 0.7070787125 0.22891411874999998 0.71666495 0.2302370140625 0.7362054078125 0.240723390625 0.74509974375 0.25513006250000003 0.7389007921874999 0.2603199609375 0.72943721875 0.2609935578125 0.701656621875 0.250870625 0.68582735625 0.252305003125 0.673385375 0.247643325 0.657842321875 0.24332569375 0.6506620703125
6 0.29119779375 0.5432981421874999 0.2974586265625 0.5283275140625 0.2974053359375 0.514416771875 0.285344103125 0.46093446250000003 0.2794661140625 0.45367243593750006 0.2740048578125 0.4533862234375 0.2697405171875 0.46011671249999997 0.2689360375 0.5351774781249999 0.2770091890625 0.5453361375 0.29119779375 0.5432981421874999
6 0.3038650484375 0.28666494375 0.30762056718749997 0.2896433515625 0.31203028593750004 0.280138890625 0.31134219218750003 0.263413290625 0.3065351375 0.250644209375 0.3061378 0.22837066718750001 0.301132075 0.2044648140625 0.29425583906249997 0.20132285625000002 0.2867980921875 0.20927678125 0.2883196546875 0.2399540125 0.3038650484375 0.28666494375
10 0.3016892859375 0.26847058281249997 0.293616134375 0.25831192187499996 0.28069713281249997 0.2659796359375 0.28207331875 0.29943083593750003 0.28878477812500003 0.3206444921875 0.285426596875 0.339939628125 0.296455690625 0.3683335375 0.304330171875 0.3673554265625 0.3127861640625 0.35528143125 0.3141478546875 0.3442264359375 0.31189940312500003 0.32741905937500004 0.3032641390625 0.3130585546875 0.3050619625 0.293681646875 0.301107775 0.2795664671875 0.3016892859375 0.26847058281249997
7 0.2917213234375 0.3541774703125 0.28676888906250003 0.344182359375 0.2759190671875 0.34222294999999997 0.2689507453125 0.3557657046875 0.270544996875 0.3850559484375 0.276839721875 0.399293790625 0.271538340625 0.44073980468749996 0.275003103125 0.44926615468750003 0.2840745 0.455304746875 0.2951423890625 0.4531032 0.299334040625 0.44775969375 0.30369046875 0.4243444921875 0.3006618375 0.40749622968750004 0.2925886859375 0.39733756875 0.2941151515625 0.368210875 0.2917213234375 0.3541774703125