0 0.50703125 0.61484375 0.053125 0.0984375
8 0.4171875 0.49453125 0.05 0.090625
10 0.45703125 0.29296875 0.059375 0.115625
4 0.49609375 0.15859375 0.05625 0.1125
2 0.5921875 0.25546875 0.0484375 0.09375
5 0.7109375 0.1390625 0.05 0.1
11 0.61875 0.4375 0.053125 0.0984375
6 0.75234375 0.29765625 0.05625 0.103125
3 0.73125 0.840625 0.053125 0.08125
9 0.71640625 0.98125 0.0546875 0.0375
8 0.24921875 0.7984375 0.053125 0.0890625
2 0.51796875 0.84609375 0.0546875 0.096875
2 0.3125 0.9578125 0.025 0.0234375
9 0.43828125 0.98984375 0.0234375 0.0203125