3 0.3140625 0.66171875 0.040625 0.08125
7 0.63984375 0.61796875 0.0546875 0.11875
10 0.61796875 0.325 0.0484375 0.115625
0 0.45078125 0.6046875 0.0453125 0.096875
1 0.3578125 0.4734375 0.053125 0.1171875
4 0.63203125 0.18515625 0.0453125 0.1125
2 0.50625 0.2390625 0.040625 0.0921875
5 0.4390625 0.08671875 0.040625 0.0984375
8 0.57890625 0.52578125 0.0421875 0.0875
6 0.34140625 0.21796875 0.046875 0.1015625
11 0.41328125 0.39609375 0.04375 0.0984375
2 0.35390625 0.8140625 0.046875 0.0953125
8 0.62109375 0.8703125 0.0453125 0.0875
9 0.11015625 0.88359375 0.0484375 0.078125
9 0.3734375 0.978125 0.0234375 0.0203125
2 0.503125 0.9921875 0.025 0.015625