1 0.4640625 0.078125 0.04375 0.1234375
5 0.50546875 0.6 0.0421875 0.0953125
11 0.36171875 0.4140625 0.04375 0.1
9 0.346875 0.49296875 0.0375 0.0796875
7 0.54765625 0.24765625 0.0453125 0.115625
4 0.5953125 0.33125 0.046875 0.1109375
6 0.5359375 0.41484375 0.040625 0.1
9 0.4015625 0.09765625 0.034375 0.084375
11 0.43046875 0.31953125 0.040625 0.09375
3 0.47265625 0.4125 0.034375 0.078125
3 0.3921875 0.5921875 0.0359375 0.0765625
9 0.46015625 0.1734375 0.0359375 0.0828125
3 0.63203125 0.615625 0.0390625 0.078125
3 0.621875 0.11171875 0.03125 0.0765625
9 0.5625 0.11796875 0.03125 0.0796875
0 0.5015625 0.09296875 0.0375 0.1015625
5 0.71640625 0.4296875 0.0453125 0.0953125
3 0.56328125 0.18359375 0.0296875 0.0796875