9 0.46171875 0.18359375 0.02265625 0.06015625
9 0.34453125 0.50859375 0.028125 0.078125
9 0.453125 0.43046875 0.02421875 0.06640625
9 0.46171875 0.3375 0.025 0.07890625
11 0.3 0.1 0.03125 0.0953125
11 0.2546875 0.71171875 0.03671875 0.09765625
7 0.2890625 0.40546875 0.0375 0.11640625
6 0.2875 0.2578125 0.03125 0.09921875
10 0.40234375 0.40390625 0.0328125 0.1109375
0 0.58125 0.709375 0.03359375 0.1
5 0.52421875 0.590625 0.03046875 0.08984375
2 0.71484375 0.59921875 0.0375 0.08984375
3 0.52421875 0.50703125 0.02734375 0.07734375
3 0.51640625 0.259375 0.025 0.07890625
3 0.46015625 0.7046875 0.028125 0.07578125
1 0.7 0.41015625 0.0421875 0.11875
4 0.68828125 0.328125 0.0375 0.1078125
0 0.67578125 0.2359375 0.03046875 0.09921875
5 0.6734375 0.08359375 0.03046875 0.0953125
3 0.628125 0.09140625 0.025 0.07890625
6 0.396875 0.6921875 0.03125 0.096875
8 0.39921875 0.50234375 0.03046875 0.08984375
8 0.409375 0.2546875 0.028125 0.0859375
2 0.51875 0.40390625 0.0296875 0.0921875
3 0.58125 0.16953125 0.025 0.07578125
3 0.58125 0.4140625 0.02734375 0.075
9 0.34921875 0.18125 0.02265625 0.0765625
9 0.33125 0.73671875 0.0296875 0.06328125
9 0.35 0.109375 0.02265625 0.07578125