10 0.4359375 0.578125 0.0515625 0.1078125
5 0.303125 0.4234375 0.0453125 0.090625
9 0.5375 0.5078125 0.0375 0.0765625
9 0.64921875 0.4828125 0.0359375 0.075
9 0.4203125 0.4375 0.0375 0.0734375
6 0.559375 0.675 0.0453125 0.1015625
7 0.26171875 0.775 0.059375 0.1265625
5 0.37109375 0.34921875 0.046875 0.1046875
3 0.54375 0.396875 0.0359375 0.0734375
5 0.32265625 0.571875 0.0484375 0.103125
9 0.2109375 0.7078125 0.0515625 0.0984375
8 0.40859375 0.82734375 0.05 0.1015625
3 0.503125 0.315625 0.034375 0.0734375
8 0.41640625 0.7265625 0.0453125 0.0890625
9 0.715625 0.36796875 0.0375 0.0734375
9 0.3453125 0.80390625 0.0453125 0.084375
2 0.4390625 0.3140625 0.04375 0.09375
9 0.540625 0.8453125 0.04375 0.084375
3 0.67109375 0.86875 0.04375 0.0828125