9 0.52265625 0.18203125 0.034375 0.0640625
9 0.34609375 0.47890625 0.0421875 0.0828125
9 0.4671875 0.42265625 0.0359375 0.0703125
9 0.49375 0.3328125 0.0390625 0.0828125
11 0.3796875 0.06953125 0.0484375 0.1
11 0.21875 0.6609375 0.0546875 0.103125
7 0.3109375 0.3671875 0.059375 0.121875
6 0.3375 0.221875 0.05 0.103125
10 0.42265625 0.38671875 0.053125 0.115625
0 0.53984375 0.72109375 0.0515625 0.1046875
5 0.50625 0.59375 0.046875 0.09375
2 0.6921875 0.63828125 0.0546875 0.0953125
3 0.52265625 0.51171875 0.0421875 0.08125
3 0.56171875 0.2671875 0.0390625 0.0828125
3 0.421875 0.69296875 0.0421875 0.0796875
1 0.71328125 0.45 0.0640625 0.125
4 0.71796875 0.3671875 0.0578125 0.1125
0 0.72265625 0.27421875 0.0484375 0.103125
5 0.75 0.12421875 0.0484375 0.1
3 0.70390625 0.1234375 0.0390625 0.0828125
6 0.36171875 0.66875 0.0484375 0.1015625
8 0.40078125 0.4828125 0.046875 0.09375
8 0.4578125 0.2421875 0.04375 0.0890625
2 0.53671875 0.409375 0.046875 0.096875
3 0.64296875 0.19140625 0.0390625 0.0796875
3 0.59609375 0.43125 0.040625 0.078125
9 0.4125 0.15859375 0.0375 0.0796875
9 0.2890625 0.7 0.040625 0.0671875
9 0.42734375 0.08828125 0.0359375 0.078125