2 0.5247378671875 0.3749227953125 0.5138686484375 0.361584478125 0.500426328125 0.38871406249999996 0.5007752765625 0.4401551875 0.5090858921875 0.4494552109375 0.523763921875 0.445904378125 0.5283529109375 0.42897434062500006 0.5247378671875 0.3749227953125
11 0.273674884375 0.0626344359375 0.2607752796875 0.07026445 0.2628638578125 0.0951893 0.2711938703125 0.1197870515625 0.2690181078125 0.1379814140625 0.271159978125 0.148995521875 0.27776485625 0.1556033484375 0.289467546875 0.1549900375 0.295200159375 0.14495403906249998 0.29447327031250004 0.131084184375 0.2818789171875 0.09975594374999999 0.283783321875 0.09131136875 0.280425140625 0.072016234375 0.273674884375 0.0626344359375
11 0.24304495468749998 0.687315809375 0.24364586250000003 0.7137094203125 0.25466045937500004 0.729821709375 0.2529741203125 0.742427240625 0.256332303125 0.761722375 0.267763634375 0.7708588484375001 0.28144341875 0.763187946875 0.28539760625 0.7490727671874999 0.2844526515625 0.7310419546875 0.27585128124999997 0.716193990625 0.2645992203125 0.68062301875 0.2533859546875 0.6756475 0.24304495468749998 0.687315809375
5 0.6449336609375 0.0709934875 0.63746141875 0.1075457578125 0.6435768734375 0.11974241562500001 0.6569852984375 0.1218213 0.6640602046875 0.1075425703125 0.659122265625 0.0730314828125 0.6640020109375 0.0616493859375 0.6627663 0.038070634375 0.6577217796875 0.031381031250000004 0.6498472984375 0.030402920312499998 0.6414301015625 0.048924381249999996 0.6449336609375 0.0709934875
5 0.7096842765625 0.6795498171875 0.7033168625 0.6924006734375 0.7034816375 0.710472371875 0.7105953375 0.7267890984375 0.7202482453125 0.731846390625 0.732440359375 0.7256442484375001 0.7364672359375 0.7129160546875 0.73374385625 0.6908060625 0.7381874671875 0.671102053125 0.7382407578125 0.6571913109375 0.7344658421875 0.6448719921875 0.7240327546875001 0.6398555874999999 0.7156688484375 0.64446630625 0.7096842765625 0.6795498171875
1 0.693091825 0.348019403125 0.687305921875 0.37196614375000003 0.6889583671875 0.38856908125 0.68649185 0.40121550156249997 0.675661425 0.41847263906250004 0.6766790687500001 0.437890434375 0.687693665625 0.4540027234375 0.6923020531249999 0.4523704140625 0.6978892890624999 0.43956044531250005 0.7082496859375 0.44318986406249994 0.7092818249999999 0.41810146406250004 0.702875615625 0.4003568640625 0.7112928125 0.3818354046875 0.713323196875 0.360867071875 0.7069896765625 0.344509459375 0.70138304375 0.3420217 0.693091825 0.348019403125
4 0.674037971875 0.31285730625 0.6618652546875 0.334357175 0.6612498515625 0.3524697609375 0.6665851265625 0.3647073046875 0.676310721875 0.371151584375 0.688575525 0.3663364265625 0.6935085609375 0.3410435890625 0.6880279078125 0.3260320734375 0.695354771875 0.28670583125000004 0.69214196875 0.27018466874999997 0.6802212125 0.2666370234375 0.6735630421875001 0.2739399375 0.6715326578124999 0.2949082703125 0.674037971875 0.31285730625
7 0.264482621875 0.36491868125 0.255067178125 0.3793200734375 0.25893418125 0.4083241046875 0.2678263078125 0.4287200125 0.2666681890625 0.46633217031249996 0.27015235 0.473103546875 0.2805854375 0.4781199515625 0.29207005937499997 0.4733456828125 0.2967317375 0.45780263125 0.2967850296875 0.4438918890625 0.29386298125 0.4329186671875 0.284626809375 0.4208855609375 0.2766941328125 0.3740142671875 0.264482621875 0.36491868125
6 0.2892786828125 0.2857346578125 0.2806773125 0.2708866921875 0.2749591953125 0.23641649375 0.2680635609375 0.224260725 0.25750449375 0.23176807500000002 0.26144418593749996 0.26215909375 0.2867588734375 0.31229182031249997 0.290078259375 0.3009914984375 0.2892786828125 0.2857346578125
9 0.32202191406249997 0.20891573281250003 0.32409109375 0.21854285468749998 0.3314761515625 0.225109796875 0.344521134375 0.220253753125 0.3460620953125 0.20487424999999998 0.337877459375 0.1830504703125 0.334155834375 0.1568204078125 0.32286987968749997 0.15045790625 0.3203306734375 0.16171733906250002 0.32368885468749997 0.1810124734375 0.32202191406249997 0.20891573281250003
9 0.34250034218750003 0.13691196249999998 0.33407824375 0.0956294984375 0.32710992031249997 0.08208674375 0.321648665625 0.0823729546875 0.31811121249999996 0.0895123203125 0.320311275 0.1464196109375 0.33805673125 0.15661597031250002 0.341666871875 0.1508635921875 0.34250034218750003 0.13691196249999998
9 0.4354386703125 0.2085349921875 0.4405558796875 0.21661157968750003 0.453818928125 0.21591649375 0.45869867343750004 0.20453439687500002 0.45147348750000005 0.15623523125 0.44450516562500003 0.1426924765625 0.43650470312499995 0.154238121875 0.43852059218750006 0.1777759875 0.43520120625000003 0.1890763078125 0.4354386703125 0.2085349921875
9 0.3288207703125 0.3685008359375 0.3378388765625 0.37637298750000003 0.34861600937500004 0.3730265921875 0.35235212968749996 0.3547504546875 0.33895819843749997 0.3081653734375 0.3323533203125 0.30155754687499997 0.3252057265625 0.314449290625 0.3285639078125 0.333744425 0.3266062125 0.356099740625 0.3288207703125 0.3685008359375
9 0.344022328125 0.554070675 0.354726771875 0.5493372953125 0.35819153593749997 0.54081094375 0.3582448265625 0.5269002015625001 0.3459945203125 0.4872091625 0.3354887453125 0.4808057703125 0.330754378125 0.4949618375 0.3322275515625 0.537999275 0.3350042234375 0.546198525 0.344022328125 0.554070675
9 0.353772225 0.6356166062499999 0.35360744843749997 0.6175449078125 0.34264614375 0.587521878125 0.33589588593749997 0.578140078125 0.3260443109375 0.5842195578125 0.329024553125 0.6410859609374999 0.3373351671875 0.6503859859375 0.3495999703125 0.6455708296875 0.353772225 0.6356166062499999
9 0.3562679453125 0.7578757640625 0.3561758578125 0.7411910500000001 0.344560353125 0.6986851515625 0.3349074453125 0.693627859375 0.3276871625 0.7051326171875 0.331447584375 0.761958134375 0.340538378125 0.7712172703125 0.352095690625 0.7678299875000001 0.3562679453125 0.7578757640625
9 0.446472878125 0.46386297968749995 0.45810287812499995 0.46186268124999996 0.4615676421875 0.45333633281249996 0.4556120609375 0.3994074484375 0.4504948515625 0.3913308609375 0.4442534171875 0.3916579609375 0.440226540625 0.4043861546875 0.43665519531249997 0.4407339890625 0.43823495156250003 0.45594994218749996 0.446472878125 0.46386297968749995
8 0.4121302796875 0.286250253125 0.40475971718750003 0.23517711718749998 0.390624403125 0.219228378125 0.3852358375 0.220901575 0.38135433750000003 0.236403740625 0.38582225000000003 0.291801384375 0.394205553125 0.3024883921875 0.4073959125 0.3004063203125 0.4121302796875 0.286250253125
8 0.25541143593750004 0.59487524375 0.2564290796875 0.614293040625 0.26276260156250003 0.6306506546875 0.26534060312499996 0.649986675 0.2776248046875 0.660469246875 0.289109428125 0.655694978125 0.29328168125 0.6457407546875 0.29311690625 0.6276690578124999 0.28327982500000004 0.5892423390625 0.2653889921875 0.576272009375 0.25795064375 0.583615809375 0.25541143593750004 0.59487524375
6 0.2738400828125 0.528542078125 0.27210045312500003 0.555058353125 0.27814321875000003 0.5658680234375 0.2853829 0.5696609921875 0.29757501249999996 0.5634588515625001 0.3000221328125 0.5355147046875001 0.28151099375 0.48085303437500004 0.27107790781249996 0.47583663125 0.2661254734375 0.485831740625 0.26621756093750004 0.5025164546875 0.2738400828125 0.528542078125
3 0.5304851875 0.5442985703125001 0.5356556875 0.5384644171875 0.5374680046875 0.5133351296875001 0.5283384156250001 0.47348053749999996 0.5227317828125 0.47099277968750003 0.5168537921875 0.47825480625 0.5116493984375 0.5132974296875 0.5118868625 0.5327561140625 0.517856940625 0.5421788015625 0.5304851875 0.5442985703125001
3 0.5274712625 0.7405586093750001 0.5384664625 0.7413731703125 0.5458321234375 0.7326423828124999 0.5471550171875 0.7131019234375 0.53702718125 0.6691272625 0.5275196515625 0.6668439421875 0.5239095109374999 0.6725963203124999 0.522877371875 0.697684721875 0.518923184375 0.7117999015625001 0.5197954499999999 0.728443728125 0.5274712625 0.7405586093750001
3 0.6623065015625 0.626400984375 0.6647730203125 0.6137545656250001 0.6599610609375001 0.566719721875 0.6481856828125 0.5659460484375 0.6373019671875 0.597113928125 0.63690463125 0.6193874703125 0.6430200859374999 0.631584128125 0.654868153125 0.6337447875 0.6623065015625 0.626400984375
3 0.5714275484375 0.444797228125 0.5824227484375 0.44561178906250004 0.5883007390625 0.4383497625 0.5894782562499999 0.4160353328125 0.5819090250000001 0.3760989671875 0.5747420328125 0.3736929828125 0.5703517125 0.3794862484375 0.568684771875 0.4073895078125 0.563877715625 0.42015858906250003 0.5637517359374999 0.43268234687499996 0.5714275484375 0.444797228125
3 0.6067099875 0.35671886875 0.612607375 0.36475456875 0.6236025749999999 0.3655691296875 0.6294078765625 0.35692011875 0.631094215625 0.3443145859375 0.626393740625 0.3292621828125 0.626791078125 0.30698864062500003 0.6230161625 0.294669321875 0.6129465203125 0.29658784531250004 0.6111342015625 0.32171713281250003 0.605837721875 0.3400750421875 0.6067099875 0.35671886875
3 0.5569236765625 0.13819166562500002 0.5578686312500001 0.1562224765625 0.55193735 0.177395246875 0.5519567484375 0.1926929734375 0.5602673625000001 0.20199299843750002 0.5696295140625 0.20150234843749998 0.5747273265625 0.1942812078125 0.5756334843750001 0.1817165640625 0.5710057 0.168051146875 0.5709669046875 0.1374556921875 0.5666298750000001 0.129338215625 0.5603884406249999 0.129665315625 0.5569236765625 0.13819166562500002
3 0.49469840625000006 0.23463601406249998 0.49742178593749997 0.25674600625 0.4918345515625 0.269555975 0.49192663750000004 0.2862406890625 0.4971165359375 0.2957042609375 0.5111597640625 0.29496828750000004 0.5159668187500001 0.28219920625 0.5143870625 0.2669832546875 0.509269853125 0.258906665625 0.5086689453125001 0.232513053125 0.5059649640625 0.22570078906250002 0.4988706609375 0.224681790625 0.49469840625000006 0.23463601406249998
3 0.5955304031249999 0.0986169109375 0.5954771125 0.11252765312499999 0.59988683125 0.1220321140625 0.611662209375 0.1228057875 0.6176128890625 0.1169307453125 0.61951729375 0.1084861703125 0.6138185734375 0.089313696875 0.6155776015625001 0.07809515156249999 0.611855975 0.051865090625 0.604688984375 0.0494591078125 0.6010061546875 0.0538245 0.59962996875 0.0872757015625 0.5955304031249999 0.0986169109375
0 0.64801579375 0.264152453125 0.656399096875 0.2748394625 0.667394296875 0.2756540234375 0.6739070890625001 0.2655771375 0.6715083578125001 0.21980661875 0.673756809375 0.20299924218749998 0.6695457593749999 0.18235801093749998 0.6632316359375 0.181298125 0.657426334375 0.18994713593749998 0.6569030171875 0.22474443593750001 0.6470708390625 0.24612164218750002 0.64801579375 0.264152453125
0 0.6889293765625 0.47758147656250005 0.6791698875 0.50034566875 0.68252806875 0.5196408031249999 0.693179221875 0.5288181640625 0.7009810140625 0.5284092890625 0.7103964578124999 0.514007896875 0.7104497484375 0.5000971546875 0.705603896875 0.4822707828125 0.7094127078125 0.46538163125 0.70654395 0.44049766874999996 0.6993769578125 0.43809168437499996 0.692864165625 0.44816856875 0.689472090625 0.45808190625 0.6889293765625 0.47758147656250005
2 0.7013493609375 0.5951481421875 0.7015141359375 0.6132198390625 0.7077022796875 0.6268034828125 0.7165750078124999 0.6319016625 0.7279869421875 0.6257404078125 0.7327939984375 0.6129713265625 0.7366561 0.5821714328125001 0.7337146531250001 0.5559004859375001 0.72859744375 0.547823896875 0.7222833203125 0.5467640109375 0.708821603125 0.55859586875 0.708060821875 0.5739344843749999 0.7013493609375 0.5951481421875
10 0.2844910234375 0.3138014671875 0.28042535156250004 0.29593420625 0.26948344375 0.281208903125 0.2595591796875 0.285901396875 0.2567292171875 0.2916128890625 0.2574561046875 0.30548274375 0.270777346875 0.35068083906249997 0.2699438765625 0.36463246875 0.2774743125 0.3739733796875 0.2830276546875 0.39037188125 0.290756759375 0.3885760203125 0.296489371875 0.3785400234375 0.29795764375 0.36177353437500004 0.29496290625 0.349413328125 0.28394830937500004 0.3333010390625 0.2844910234375 0.3138014671875