2 0.5522400859375 0.383693325 0.5446499124999999 0.36825182500000003 0.525449290625 0.3916622171875 0.5142175609375 0.44186340625 0.520223125 0.45279455156250004 0.5353237203125001 0.4526365640625 0.543603525 0.43717274218749996 0.5522400859375 0.383693325
11 0.3778614265625 0.0229320140625 0.36357605937500004 0.027464690625 0.36000423593750003 0.052220546874999996 0.3625874609375 0.0780617046875 0.356374621875 0.09530030625 0.355983959375 0.1065139390625 0.36093311875 0.1144381828125 0.372473834375 0.116473121875 0.3803171296875 0.1079839046875 0.38272890937500004 0.09430601875 0.37750466875 0.060947606249999994 0.3812598796875 0.0531478625 0.3823282296875 0.033591834375000004 0.3778614265625 0.0229320140625
11 0.20749380624999997 0.6247126078125 0.20214204218749998 0.650564928125 0.20924986093750003 0.66874200625 0.204771115625 0.6806451140625 0.20370276562499998 0.700201140625 0.21278585468750003 0.7116749375 0.22784060312499999 0.7072779234375 0.23486867031249997 0.6944140140624999 0.238003984375 0.6766327609375 0.2329631328125 0.6602304625000001 0.2300011875 0.623040009375 0.220194565625 0.6156695765625 0.20749380624999997 0.6247126078125
5 0.7377244875 0.1145918765625 0.7222212859375 0.14852642656249998 0.7254363515625 0.1617861609375 0.7380334734375 0.16682800312499999 0.7481390640625001 0.1545067453125 0.7510909906250001 0.11976937968750001 0.7584060828125 0.10977670937499999 0.7625061093750001 0.0865243046875 0.7590957125 0.07887138593750001 0.7516430796875 0.076146971875 0.73927519375 0.0923002703125 0.7377244875 0.1145918765625
5 0.6639201609375001 0.7221166671875 0.6548251296875 0.7332058 0.6509204343749999 0.7508513875 0.654181346875 0.7683501515625 0.66244920625 0.7754492578125001 0.675724015625 0.77214870625 0.6825109046875 0.760652584375 0.684830990625 0.7384966421875 0.69359315 0.720297240625 0.6967743125 0.7067550171875 0.6958673906249999 0.6939022703125 0.6868301484375 0.686667503125 0.677643421875 0.6892785796875 0.6639201609375001 0.7221166671875
1 0.722331090625 0.395350865625 0.711306634375 0.4173823078125 0.7091818796875 0.4339314328125 0.7039337531250001 0.4456988796875 0.6894989 0.460077403125 0.6861224078125 0.4792264421875 0.693230225 0.49740351875 0.698087690625 0.49684970625 0.7064133406249999 0.4856249109375 0.7156917593750001 0.491491890625 0.7223411078125 0.467278684375 0.7200907546875001 0.4485477953125 0.7324586421875 0.43239449687500003 0.7391538359375 0.4124203171875 0.7366623046874999 0.39505721718750003 0.73175899375 0.3913720015625 0.722331090625 0.395350865625
4 0.7116753359375 0.3568037859375 0.6949781875000001 0.37501435 0.6903041109375 0.392524275 0.6927497953125 0.4056483484375 0.7007764765625 0.41411524375 0.7138101078125 0.4121824796875 0.7243063609375 0.3886475859375 0.7223430328125 0.37278793593750004 0.738328590625 0.336117809375 0.738914584375 0.31929735937500003 0.7280974015624999 0.31315905312500003 0.7199670828125 0.31877703125 0.7132718875 0.3387512109375 0.7116753359375 0.3568037859375
7 0.3009056015625 0.31540092343750004 0.2884918671875 0.32731519531250003 0.2857352734375 0.35644574218749997 0.28981141250000003 0.37831919687500004 0.28022208125 0.4147068375 0.28209371562499996 0.4220884296875 0.2911309578125 0.4293231984375 0.3033952078125 0.42725477187500005 0.31143383281250003 0.4131587375 0.31461499531250003 0.3996165140625 0.314236275 0.3882672171875 0.3079436859375 0.37446483124999996 0.310758071875 0.3270103828125 0.3009056015625 0.31540092343750004
6 0.3428786703125 0.2438242828125 0.33783781875 0.22742198125000002 0.3400203640625 0.1925489546875 0.3360359171875 0.1791535578125 0.3240586921875 0.184093221875 0.32106091875 0.214591559375 0.33444938281250003 0.26913395156250003 0.3402257125 0.25886995625 0.3428786703125 0.2438242828125
9 0.39206319375 0.1763398453125 0.391913709375 0.186185690625 0.3976322484375 0.194245596875 0.41143526093749994 0.1924484953125 0.4163963625 0.177809809375 0.41333078125 0.1547042296875 0.4156050203125 0.12830925937499998 0.406039575 0.11957104062499999 0.40103262656250005 0.129970696875 0.399964278125 0.149526725 0.39206319375 0.1763398453125
9 0.4282140859375 0.11078817187500001 0.429294378125 0.0686692140625 0.425551109375 0.0539060265625 0.4201654421875 0.0529563890625 0.41511264687500005 0.05911701875000001 0.4044549671875 0.1150606859375 0.419451925 0.128987571875 0.42426354374999997 0.1241947328125 0.4282140859375 0.11078817187500001
9 0.502658734375 0.2014820828125 0.5058279531250001 0.21050278906250003 0.5189074312499999 0.21280905468750003 0.5262225218750001 0.202816384375 0.5300474671875001 0.154129809375 0.5263041984375 0.1393666234375 0.5159115828124999 0.1488166421875 0.5125809375 0.17220470937500001 0.5068046078124999 0.1824687046875 0.502658734375 0.2014820828125
9 0.3627889578125 0.33336420312500004 0.36980508125 0.3430632234375 0.3810587734375 0.3422269234375 0.3888103734375 0.32525964687500003 0.38623909218749997 0.276855559375 0.3812899328125 0.26893131718749996 0.3714255203125 0.2798847875 0.370357171875 0.2994408140625 0.3634207984375 0.3207827796875 0.3627889578125 0.33336420312500004
9 0.3358567703125 0.51759750625 0.3473516390625 0.51539341875 0.35264561250000004 0.5078649984375 0.35582677500000004 0.4943227765625 0.3528189828125 0.45289329531250005 0.3440229203125 0.4442907375 0.336225471875 0.457018984375 0.327979571875 0.49928476718750003 0.328840646875 0.5078984859375 0.3358567703125 0.51759750625
9 0.327012934375 0.59924666875 0.3309176296875 0.5816010796875 0.3269909734375 0.54988178125 0.322524171875 0.5392219593750001 0.31155750625 0.5429295 0.30166920625000004 0.5990088296875 0.3076747703125 0.6099399765625 0.3207084015625 0.6080072125 0.327012934375 0.59924666875
9 0.3019423625 0.7189337484375 0.30560588125 0.702655946875 0.3038498265625 0.6586265515624999 0.295581965625 0.6515274453125001 0.28595873125 0.6611131265625 0.2768398125 0.7173281203124999 0.28361475937499997 0.7283949296875 0.29563783125 0.7276942921875 0.3019423625 0.7189337484375
9 0.45597383437500005 0.45274818593750005 0.46775572812500005 0.45341533749999996 0.4730497015625 0.44588692031250005 0.47937812031249993 0.392000515625 0.476208903125 0.382979809375 0.47005385468750005 0.3818945078125 0.463266965625 0.39339062812500003 0.45161067031249996 0.4280034921875 0.44972709218749995 0.44318482968749995 0.45597383437500005 0.45274818593750005
8 0.46246560625 0.271962259375 0.46677290625 0.2205401078125 0.456587565625 0.2018203796875 0.4509607203125 0.20223853125 0.44369147499999995 0.2164702296875 0.43558311562499996 0.2714530953125 0.441347503125 0.2837520296875 0.454668159375 0.28469050625 0.46246560625 0.271962259375
8 0.2403379390625 0.5374231421875 0.236961446875 0.5565721828125 0.23945297812500002 0.573935284375 0.23761524843749998 0.5933556484375 0.2472265390625 0.6063328953125 0.2594907890625 0.6042644687500001 0.265795321875 0.5955039249999999 0.26970001718750003 0.5778583375 0.2687591921875 0.5382036328125 0.25424458906249997 0.52154116875 0.2453448875 0.527023484375 0.2403379390625 0.5374231421875
6 0.2732159765625 0.4769356359375 0.26555606875 0.5023809671875 0.2690123125 0.5142729140625 0.27521320781249997 0.5195972421875 0.2884880171875 0.516296690625 0.2971584828125 0.4896192328125 0.2914179828125 0.43219443750000003 0.28238074062499996 0.42495967031250004 0.275306828125 0.43358455156250003 0.27164330937500003 0.4498623515625 0.2732159765625 0.4769356359375
3 0.51973884375 0.5500208765625 0.5260892234375001 0.5454993609375001 0.5335079515625 0.52142181875 0.533577684375 0.4805349859375 0.5286743734375 0.4768497703125 0.521313434375 0.48260341249999994 0.5083595546875 0.5155771625 0.50421368125 0.5345905390625 0.5079111015625 0.5451146984374999 0.51973884375 0.5500208765625
3 0.47265326406249997 0.740572796875 0.4831834203125 0.7438398640624999 0.49232430000000005 0.7369897578125 0.49800893437499993 0.71824770625 0.49803282187500003 0.6731218453125 0.4892826046875 0.6687583187499999 0.48447098750000006 0.6735511578125 0.4778216390625 0.6977643640625 0.4707935734375 0.7106282734375 0.46789943593750005 0.7270417375 0.47265326406249997 0.740572796875
3 0.6297125625 0.659672353125 0.6349606890625 0.6479049078125 0.6408525984375 0.600993109375 0.6295530609375 0.5975903812500001 0.611937046875 0.625511128125 0.6065394359375 0.64712441875 0.6097545015625 0.6603841546875 0.6208128609375 0.6651546703125 0.6297125625 0.659672353125
3 0.5820147875 0.462279775 0.59254494375 0.46554684062499996 0.5999058828125 0.4597931984375 0.606072875 0.43831556875000005 0.60768136875 0.3977000640625 0.6012392953125001 0.3937435234375 0.5956582984375001 0.3984007 0.5877572125 0.4252138203125 0.58020094375 0.43657427968749996 0.577260959375 0.44874871406250005 0.5820147875 0.462279775
3 0.636206259375 0.3843956796875 0.6401448578125 0.3935520484375 0.6506750140625 0.39681911406250003 0.65827713125 0.389697684375 0.6627558765625 0.377794575 0.6615619296874999 0.3620705875 0.666959540625 0.34045729687500004 0.66605261875 0.32760455 0.6558094859375 0.32720872343749996 0.6483907578125 0.3512862671875 0.6391003953125 0.367982215625 0.636206259375 0.3843956796875
3 0.6368538921875 0.16026983125 0.633718578125 0.17805108125 0.623176478125 0.197346946875 0.6197541390625 0.21225695781249998 0.6257597031250001 0.2231881046875 0.6349922765625 0.22481605624999998 0.641583834375 0.21892675156250002 0.6452931984375 0.2068879796875 0.6438580734375 0.19253178124999998 0.6507027515625 0.162711759375 0.6483029140625 0.15382671406249998 0.6421478656249999 0.1527414125 0.6368538921875 0.16026983125
3 0.5545281937500001 0.2402446765625 0.5522081078125 0.26240061875 0.5438824578125 0.27362541406249996 0.540218940625 0.2899032140625 0.5431469796874999 0.300291709375 0.5569958390624999 0.3027336375 0.564552109375 0.291373178125 0.5664356859375 0.27619184375 0.5632664671875001 0.267171134375 0.56861823125 0.241318815625 0.567515978125 0.2340728859375 0.5608327265625 0.2314841328125 0.5545281937500001 0.2402446765625
3 0.6833735140625 0.1303939984375 0.680192353125 0.143936221875 0.6823510125000001 0.154189053125 0.69365055 0.1575917828125 0.7007703109375 0.153205928125 0.7045255218750001 0.14540618593750002 0.703285728125 0.12544316875 0.7075232953125 0.11490784843749999 0.709797534375 0.088512878125 0.7033554609375 0.0845563390625 0.698785021875 0.087981390625 0.6899192249999999 0.120265665625 0.6833735140625 0.1303939984375
0 0.6972763125 0.30349351874999997 0.7030406984375001 0.315792453125 0.7135708562499999 0.31905951875 0.72218353125 0.3107059640625 0.7301424062499999 0.2655689421875 0.7361140671874999 0.2496981296875 0.7366542125 0.2286386515625 0.7307403421875 0.2261855609375 0.7231382265625 0.233306990625 0.7148006328125 0.2670947171875 0.7004116265625 0.28571226875 0.6972763125 0.30349351874999997
0 0.6891301984375 0.520655925 0.674500015625 0.5406412640625 0.6734316671875 0.5601972921875 0.681745375 0.5715354265625 0.6894391843750001 0.572892053125 0.70185291875 0.56097778125 0.7050340796875 0.5474355578125001 0.7043224890625 0.5289759953125001 0.7118329125 0.5133765078125 0.7146353546875 0.48848498749999997 0.70819328125 0.484528446875 0.6995806046874999 0.49288200312499997 0.694045453125 0.5017782109375 0.6891301984375 0.520655925
2 0.674785115625 0.6380032531250001 0.6708804203125001 0.655648840625 0.6738543078125 0.6702763640625 0.6813527859375 0.6772398078124999 0.6938582140625 0.6738035921875001 0.701414484375 0.662443134375 0.71210606875 0.6333014234375 0.7151496890625 0.6070421171875 0.7119804703125 0.598021409375 0.7060666 0.5955683203125 0.6902883171875 0.6040687 0.686096596875 0.61884305 0.674785115625 0.6380032531250001
10 0.3319000609375 0.27009475312500003 0.3319578515625 0.25177085 0.32460885625 0.23496156250000003 0.31388336875 0.2373013140625 0.30984113125 0.24222981875 0.3074293515625 0.255907703125 0.3102418109375 0.3029440015625 0.30629126875 0.3163505625 0.31152745312499996 0.3271460453125 0.313249603125 0.34437348437500004 0.32118459062500004 0.344362321875 0.3290278859375 0.335873103125 0.334230165625 0.319866628125 0.334092625 0.30714954375 0.3269848078125 0.28897246718749997 0.3319000609375 0.27009475312500003