9 0.478125 0.5109375 0.0296875 0.071875
5 0.5515625 0.571875 0.0375 0.090625
7 0.61953125 0.64921875 0.0453125 0.115625
9 0.35 0.46640625 0.0296875 0.075
2 0.57578125 0.31875 0.034375 0.090625
3 0.35625 0.3890625 0.0296875 0.071875
10 0.66875 0.51640625 0.04375 0.10625
9 0.625 0.81640625 0.0375 0.0828125
6 0.5296875 0.4515625 0.0359375 0.0921875
3 0.39140625 0.675 0.0328125 0.075
8 0.42578125 0.82890625 0.040625 0.1015625
3 0.465625 0.3921875 0.0296875 0.071875
8 0.2859375 0.5859375 0.0359375 0.0859375