8 0.67109375 0.85 0.034375 0.08125
10 0.609375 0.8234375 0.040625 0.103125
11 0.73515625 0.8453125 0.040625 0.09375
6 0.53515625 0.83203125 0.034375 0.0921875
3 0.525 0.5171875 0.028125 0.078125
4 0.42578125 0.3921875 0.034375 0.1109375
1 0.58828125 0.2328125 0.0328125 0.115625
2 0.4015625 0.8328125 0.034375 0.090625
0 0.31640625 0.82890625 0.0375 0.090625
5 0.2546875 0.81953125 0.040625 0.0921875
7 0.48125 0.23984375 0.03125 0.1171875
9 0.36796875 0.171875 0.025 0.078125
0 0.57109375 0.98984375 0.021875 0.01875
9 0.4421875 0.990625 0.021875 0.01875