0 0.44765625 0.23984375 0.0375 0.1
4 0.6203125 0.18125 0.0421875 0.1125
1 0.56875 0.16953125 0.0421875 0.1203125
5 0.4265625 0.0875 0.0375 0.0984375
2 0.49765625 0.23984375 0.0375 0.09375
6 0.49609375 0.40859375 0.0390625 0.1
11 0.41015625 0.4 0.0390625 0.0984375
0 0.4546875 0.60625 0.0421875 0.096875
3 0.31875 0.6671875 0.0390625 0.0796875
6 0.33203125 0.225 0.04375 0.1015625
8 0.58125 0.52109375 0.0390625 0.0875
7 0.60234375 0.40390625 0.046875 0.11875
9 0.1234375 0.89765625 0.046875 0.0765625
2 0.36484375 0.81875 0.04375 0.0921875
8 0.63359375 0.86640625 0.04375 0.0875
10 0.61171875 0.31875 0.04375 0.1140625
2 0.51875 0.99140625 0.025 0.0171875
9 0.39140625 0.9828125 0.0234375 0.01875