8 0.7453125 0.80234375 0.0515625 0.0875
10 0.6796875 0.790625 0.0625 0.1109375
11 0.80703125 0.78359375 0.0609375 0.1
6 0.60859375 0.815625 0.053125 0.096875
3 0.528125 0.5109375 0.04375 0.0828125
4 0.403125 0.41171875 0.0578125 0.115625
1 0.52578125 0.21953125 0.0578125 0.11875
2 0.47890625 0.84609375 0.053125 0.0953125
0 0.3953125 0.86171875 0.05625 0.0953125
5 0.3328125 0.86640625 0.0609375 0.0984375
7 0.4234375 0.25078125 0.0578125 0.121875
9 0.29765625 0.21015625 0.040625 0.0828125
0 0.6796875 0.9609375 0.025 0.0234375
9 0.553125 0.98984375 0.025 0.0203125