5 0.4605180765625 0.613217078125 0.46342444531250004 0.6257697125 0.4695522953125 0.6328221765625 0.48126926093750005 0.633026696875 0.49090946718749995 0.6179148640625 0.4879249109375 0.56507695 0.48047719375 0.5441104421875 0.4695171203125 0.545308234375 0.4646364171875 0.55633584375 0.46495699999999995 0.5827343484374999 0.4605180765625 0.613217078125
5 0.32680633281250004 0.08163585625 0.32234317031250004 0.11350726250000001 0.3291309546875 0.12751675 0.341653290625 0.1263462265625 0.34892586406250004 0.11258216562500001 0.3401098 0.08047896875 0.34291374218750004 0.054135003125000004 0.3338552828125 0.0359185828125 0.3228467296875 0.039893729687500004 0.3203579 0.0481848890625 0.3207754390625 0.06902868281249999 0.32680633281250004 0.08163585625
3 0.416229796875 0.151262671875 0.41835503437500005 0.163801671875 0.41335313593749995 0.18177266875 0.41464876406249995 0.1970753890625 0.4207766140625 0.2041278546875 0.42936905625 0.2042778359375 0.436544671875 0.1960684828125 0.43681130625 0.1807930328125 0.430072 0.1640061921875 0.43182817812499996 0.15292404375 0.4290187671875 0.1348166984375 0.41888830312499997 0.13325077031250002 0.416229796875 0.151262671875
3 0.4096014890625 0.4414689703125 0.415729340625 0.448521434375 0.42668941406250005 0.4473236421875 0.43393774843750005 0.4349482578125 0.43337477187499995 0.42243652656249997 0.42548527500000005 0.3820149015625 0.420895446875 0.37637838437500004 0.414622159375 0.377657984375 0.4075974484375 0.4219865828125 0.4096014890625 0.4414689703125
3 0.4823217578125 0.2593770453125 0.476659925 0.27039102187499997 0.477882834375 0.289859775 0.484010684375 0.29691223906249997 0.4981437609375 0.2929916328125 0.50011809375 0.269411384375 0.49484409218750003 0.2582065234375 0.49532888125 0.230432978125 0.48605226718749994 0.22471465156249998 0.4811230875 0.2385196171875 0.4823217578125 0.2593770453125
3 0.46722220468750003 0.5424899765625 0.48125832500000004 0.5441240765625001 0.4876043296875 0.5386784453125 0.48950594374999995 0.51926423125 0.4850857921875 0.5039069734375 0.484595534375 0.48722920937499997 0.47858888125 0.473233359375 0.474707465625 0.47177650781249997 0.46831298125 0.4799994953125 0.4628505328125 0.5243553624999999 0.46722220468750003 0.5424899765625
3 0.5248780984375 0.731024925 0.5317386015625 0.740868378125 0.5426744359375 0.7410592640625 0.5507039 0.728697515625 0.5509947734375 0.7120333859375 0.5462055609375 0.6730549765625 0.5416157328125 0.6674184609375 0.5345613140625 0.6686844265625 0.5228498187499999 0.7129312140625 0.5248780984375 0.731024925
3 0.36764876874999997 0.114298075 0.3729227703125 0.1255029375 0.3846397359375 0.12570745781249998 0.3902530890625 0.11747083437500001 0.39049548437500003 0.1035840625 0.38448882968750003 0.0895882109375 0.38575475 0.0618282984375 0.3812134015625 0.05341442656249999 0.374964353125 0.053305349999999994 0.37015637031250004 0.060166928125 0.37191801562500004 0.0935360875 0.36764876874999997 0.114298075
2 0.49074215624999995 0.4484416859375 0.49796625156249996 0.43745497968749997 0.4957628265625 0.3846307015625 0.48130916875 0.3621528046875 0.47091207031250004 0.375862328125 0.4698940140625 0.43418677656250004 0.4782198203125 0.449612209375 0.49074215624999995 0.4484416859375
2 0.265132896875 0.5709118046875 0.26469658749999997 0.5959079968750001 0.26777263125 0.598739890625 0.2697524328125 0.6196109546875 0.28113004531249997 0.6392569578125 0.2944335125 0.6381000703125 0.30007110625 0.6284747703125 0.303413784375 0.6160312140624999 0.3028992875 0.6007421296875 0.29762528593750004 0.5895372671875 0.2941074625 0.5672502546875 0.2810221515625 0.555909046875 0.2716243390625 0.5571341078125001 0.265132896875 0.5709118046875
0 0.3162020171875 0.1967460953125 0.3201373796875 0.239876903125 0.3167947015625 0.25232045937500003 0.317993371875 0.27317788906249996 0.3240969828125 0.28161902968749997 0.3374246890625 0.279073465625 0.343867653125 0.2680731234375 0.34340163437500004 0.250006684375 0.3365653703125 0.238774553125 0.3318488765625 0.1956301125 0.324964134375 0.1871753359375 0.32025310937499996 0.18848220625 0.3162020171875 0.1967460953125
0 0.40194965624999995 0.74554840625 0.4095912890625 0.75540549375 0.4181594921875 0.756944153125 0.425286628125 0.75151215625 0.4318023109375 0.7363457828125 0.424252165625 0.676482675 0.4167074890625 0.6610708765625 0.41123957187500004 0.660975434375 0.40477236874999994 0.673364453125 0.3991160046875 0.7288297390625 0.40194965624999995 0.74554840625
1 0.29632655625000004 0.35058931875 0.28849100625 0.35184165 0.2819753234375 0.367008021875 0.2854689078125 0.3906837109375 0.2937704765625 0.40749782031250004 0.2879389671875 0.4282325375 0.289894528125 0.45049228125 0.299855315625 0.46177894999999997 0.3115965203125 0.46059479375 0.3204555953125 0.4454693234375 0.32160031875 0.4246527984375 0.31635055625 0.412059259375 0.309393096875 0.4077705140625 0.30758297031250004 0.377178709375 0.3032112984375 0.3590440953125 0.29632655625000004 0.35058931875
4 0.29661196093750003 0.28947388125 0.3059910015625 0.33408880625 0.3010618203125 0.34789377187500004 0.30614190625000004 0.370208053125 0.3107074953125 0.3772332484375 0.326402834375 0.373339909375 0.3328215578125 0.363728246875 0.3331609109375 0.3442867625 0.3248593421875 0.32747265312499996 0.3178964140625 0.2787325984375 0.3109631921875 0.2730551765625 0.2999546390625 0.2770303234375 0.29661196093750003 0.28947388125
9 0.5370196984375 0.2144914875 0.5471744015625 0.2146687390625 0.553544646875 0.20783442812500003 0.553884 0.188392946875 0.5501722609375 0.1772153546875 0.551413940625 0.15084411874999998 0.5491917453124999 0.143859828125 0.5422100453125 0.1409597609375 0.53732934375 0.151987371875 0.5310130453124999 0.2004956359375 0.5370196984375 0.2144914875
9 0.6431244859375 0.3580318 0.6483984875 0.3692366625 0.65774781875 0.37078895625 0.6656803265625 0.36398191562500004 0.6681691562500001 0.35569075625 0.6660681578125 0.341763078125 0.6681879281249999 0.30985076718750004 0.663719296875 0.2972708625 0.6574702484375 0.2971617859375 0.6542487671874999 0.30266195625000003 0.6432941609375 0.3483110578125 0.6431244859375 0.3580318
9 0.6448642578125 0.2135957203125 0.6502352171875 0.21924587343750002 0.6603899203125 0.2194231234375 0.6659790343750001 0.2125751796875 0.6670698093749999 0.1500846984375 0.6585500875 0.1457686859375 0.652960971875 0.15261662812500001 0.651864728125 0.1706558 0.6434959109375 0.20245903125 0.6448642578125 0.2135957203125
9 0.6506418187499999 0.151187046875 0.6664098765625 0.143127678125 0.6674279328125 0.08480322812499999 0.6652057375 0.07781893749999999 0.658199796875 0.0763075484375 0.6517083546875 0.09008524375 0.644635165625 0.13719119531249999 0.6506418187499999 0.151187046875
9 0.536731928125 0.45480084375 0.5467411953125 0.4633101578125 0.555382115625 0.460682784375 0.5610197078125 0.45105748593749995 0.56052945 0.4343797234375 0.5549591078125 0.3953876796875 0.551150409375 0.389764796875 0.5440959921874999 0.3910307625 0.5391668109375 0.404835728125 0.536731928125 0.45480084375
9 0.6469065781250001 0.544237278125 0.6585508250000001 0.5486078296875 0.6681425515625 0.53627335 0.6690636515625 0.48350361093750005 0.6614220171875 0.473646521875 0.6542948796875 0.4790785203125 0.6426318625 0.5205479546875 0.643146359375 0.5358370390625 0.6469065781250001 0.544237278125
9 0.6553887578125 0.6402332656249999 0.6670330046874999 0.6446038187500001 0.6766247328125 0.6322693390625 0.6767889406250001 0.5780972875 0.6667311953125 0.5723653265624999 0.6595071 0.583352034375 0.650381390625 0.613752953125 0.6508716484375 0.6304307171875 0.6553887578125 0.6402332656249999
9 0.651887340625 0.751300184375 0.6563802109375 0.7624914109375001 0.669610959375 0.76550055625 0.678397315625 0.75454111875 0.6786100015625001 0.6975917125 0.67638780625 0.690607421875 0.6701872375 0.6877209890625 0.6622547296875 0.6945280296874999 0.651348603125 0.7373997765625 0.651887340625 0.751300184375
11 0.7235035296875 0.7219900406249999 0.7231156984375 0.744208878125 0.7283654609375 0.7568024171875 0.7423288609375 0.76260255 0.754288221875 0.748920296875 0.7530895515625 0.7280628671875 0.7556510984375 0.715605675 0.763656325 0.704632603125 0.76333574375 0.6782341 0.752593825 0.6669337953125 0.7415610328125 0.6722976187499999 0.7342157406250001 0.6902277125 0.7332164546875 0.7027121734375 0.7235035296875 0.7219900406249999
11 0.692308396875 0.136634234375 0.699144659375 0.147866365625 0.7108616249999999 0.1480708859375 0.7173045890624999 0.13707054531250001 0.715518703125 0.1050900625 0.7228639953125 0.08715996875000001 0.7233245453125 0.060775098437499994 0.71092340625 0.055002234375 0.7036508328125 0.068766296875 0.7031418046875 0.0979285203125 0.6925992703125 0.11997010781249999 0.692308396875 0.136634234375
10 0.6963141125 0.3547929265625 0.6976339796875 0.3687069703125 0.7067651578125 0.382757359375 0.713843815625 0.3801027171875 0.7251917203125 0.3566860875 0.7238960921875 0.3413833671875 0.7348264578125 0.29712294375 0.7350930921875001 0.2818474921875 0.7235215640625 0.2733109078125 0.713978315625 0.2828680328125 0.7088794578125001 0.306393740625 0.7102720437500001 0.31614175 0.6963141125 0.3547929265625
8 0.71849069375 0.6510584171875 0.7294022890625 0.6526379796875 0.7397509078125 0.6417058124999999 0.7474113124999999 0.6057229140625 0.747750665625 0.5862814296875001 0.7440874046875 0.572326484375 0.7371299437500001 0.5680377390625 0.7197026671875 0.58162455 0.7121392203125 0.6120527390625 0.7109702578125 0.63425794375 0.71849069375 0.6510584171875
8 0.5848008250000001 0.29728243593750003 0.5949070484375001 0.30023704218749997 0.606012559375 0.2907071875 0.6098642671875 0.24910140468750003 0.6086413578125 0.229632653125 0.6049538578125 0.21706638281249999 0.5995101796875 0.21558226249999998 0.5867212109375 0.23202823593750002 0.5803806734375 0.281925178125 0.5848008250000001 0.29728243593750003
6 0.7008046171875 0.545178071875 0.7052732484375 0.5577579765625 0.7161363640625 0.5621148921875 0.7288768546875 0.548446275 0.732456459375 0.47766463437500006 0.7286962421875 0.469264396875 0.72244719375 0.46915531875000005 0.7168580796875 0.4760032625 0.7011439703125 0.5257365875 0.7008046171875 0.545178071875
6 0.7065603046875 0.3049641578125 0.717980928125 0.277381496875 0.7251323046875 0.2705608234375 0.7326230328125 0.244298665625 0.7329623859375001 0.22485718124999998 0.72607764375 0.21640240624999998 0.7189989859375 0.21905704843749998 0.7031151999999999 0.278511115625 0.7035327390624999 0.299354909375 0.7065603046875 0.3049641578125
7 0.7148970484375 0.4092922109375 0.701157271875 0.435445290625 0.701623290625 0.45351173125 0.70762994375 0.46750758281250004 0.7185172984375 0.47047582343750005 0.7279635890625 0.46647340625 0.732844290625 0.45544579687500003 0.7294719046875 0.42482672031249996 0.7377437640625 0.398578196875 0.74054770625 0.3722342328125 0.733759921875 0.358224746875 0.7259486125 0.35808840000000003 0.7195783671875 0.364922709375 0.7145764671875 0.3828937078125 0.7148970484375 0.4092922109375