2 0.47977687500000005 0.45279455156250004 0.48578243906249996 0.44186340625 0.474550709375 0.3916622171875 0.4553500875 0.36825182500000003 0.44775991406250004 0.383693325 0.456396475 0.43717274218749996 0.46467627968749997 0.4526365640625 0.47977687500000005 0.45279455156250004
11 0.617271090625 0.09430601875 0.6196828703125 0.1079839046875 0.627526165625 0.116473121875 0.63906688125 0.1144381828125 0.6440160406250001 0.1065139390625 0.643625378125 0.09530030625 0.6374125390625001 0.0780617046875 0.6399957640625 0.052220546874999996 0.6364239406250001 0.027464690625 0.6221385734375 0.0229320140625 0.6176717703125 0.033591834375000004 0.6187401203125 0.0531478625 0.62249533125 0.060947606249999994 0.617271090625 0.09430601875
11 0.7651313296875 0.6944140140624999 0.772159396875 0.7072779234375 0.7872141453125 0.7116749375 0.796297234375 0.700201140625 0.795228884375 0.6806451140625 0.7907501390625 0.66874200625 0.7978579578125 0.650564928125 0.79250619375 0.6247126078125 0.7798054343749999 0.6156695765625 0.7699988125 0.623040009375 0.7670368671875 0.6602304625000001 0.7619960156250001 0.6766327609375 0.7651313296875 0.6944140140624999
5 0.248909009375 0.11976937968750001 0.25186093593750003 0.1545067453125 0.2619665265625 0.16682800312499999 0.2745636484375 0.1617861609375 0.2777787140625 0.14852642656249998 0.2622755125 0.1145918765625 0.26072480625 0.0923002703125 0.2483569203125 0.076146971875 0.24090428749999998 0.07887138593750001 0.237493890625 0.0865243046875 0.24159391718749998 0.10977670937499999 0.248909009375 0.11976937968750001
5 0.3032256875 0.7067550171875 0.30640685 0.720297240625 0.31516900937500003 0.7384966421875 0.31748909531249997 0.760652584375 0.324275984375 0.77214870625 0.33755079375 0.7754492578125001 0.345818653125 0.7683501515625 0.349079565625 0.7508513875 0.3451748703125 0.7332058 0.3360798390625 0.7221166671875 0.322356578125 0.6892785796875 0.3131698515625 0.686667503125 0.304132609375 0.6939022703125 0.3032256875 0.7067550171875
1 0.26824100624999997 0.3913720015625 0.2633376953125 0.39505721718750003 0.2608461640625 0.4124203171875 0.2675413578125 0.43239449687500003 0.2799092453125 0.4485477953125 0.2776588921875 0.467278684375 0.28430824062500004 0.491491890625 0.293586659375 0.4856249109375 0.301912309375 0.49684970625 0.30676977499999997 0.49740351875 0.3138775921875 0.4792264421875 0.31050110000000003 0.460077403125 0.296066246875 0.4456988796875 0.2908181203125 0.4339314328125 0.28869336562500003 0.4173823078125 0.277668909375 0.395350865625 0.26824100624999997 0.3913720015625
4 0.261085415625 0.31929735937500003 0.261671409375 0.336117809375 0.2776569671875 0.37278793593750004 0.2756936390625 0.3886475859375 0.2861898921875 0.4121824796875 0.29922352343749997 0.41411524375 0.3072502046875 0.4056483484375 0.3096958890625 0.392524275 0.3050218125 0.37501435 0.2883246640625 0.3568037859375 0.28672811249999997 0.3387512109375 0.2800329171875 0.31877703125 0.2719025984375 0.31315905312500003 0.261085415625 0.31929735937500003
7 0.6853850046875001 0.3996165140625 0.6885661671875 0.4131587375 0.6966047921875 0.42725477187500005 0.7088690421875 0.4293231984375 0.7179062843749999 0.4220884296875 0.71977791875 0.4147068375 0.7101885875 0.37831919687500004 0.7142647265625001 0.35644574218749997 0.7115081328125 0.32731519531250003 0.6990943984375 0.31540092343750004 0.689241928125 0.3270103828125 0.6920563140625 0.37446483124999996 0.6857637249999999 0.3882672171875 0.6853850046875001 0.3996165140625
6 0.6597742875 0.25886995625 0.6655506171875001 0.26913395156250003 0.67893908125 0.214591559375 0.6759413078125001 0.184093221875 0.6639640828125 0.1791535578125 0.6599796359375001 0.1925489546875 0.66216218125 0.22742198125000002 0.6571213296875 0.2438242828125 0.6597742875 0.25886995625
9 0.5885647390625001 0.1924484953125 0.6023677515625 0.194245596875 0.608086290625 0.186185690625 0.60793680625 0.1763398453125 0.600035721875 0.149526725 0.5989673734375 0.129970696875 0.593960425 0.11957104062499999 0.5843949796875 0.12830925937499998 0.58666921875 0.1547042296875 0.5836036375 0.177809809375 0.5885647390625001 0.1924484953125
9 0.57573645625 0.1241947328125 0.580548075 0.128987571875 0.5955450328125 0.1150606859375 0.584887353125 0.05911701875000001 0.5798345578124999 0.0529563890625 0.574448890625 0.0539060265625 0.570705621875 0.0686692140625 0.5717859140625 0.11078817187500001 0.57573645625 0.1241947328125
9 0.494172046875 0.21050278906250003 0.497341265625 0.2014820828125 0.4931953921875 0.1824687046875 0.4874190625 0.17220470937500001 0.48408841718750006 0.1488166421875 0.4736958015625 0.1393666234375 0.46995253281249993 0.154129809375 0.473777478125 0.202816384375 0.48109256875 0.21280905468750003 0.494172046875 0.21050278906250003
9 0.63019491875 0.3430632234375 0.6372110421875 0.33336420312500004 0.6365792015625 0.3207827796875 0.6296428281249999 0.2994408140625 0.6285744796875 0.2798847875 0.6187100671875 0.26893131718749996 0.6137609078125 0.276855559375 0.6111896265625 0.32525964687500003 0.6189412265625001 0.3422269234375 0.63019491875 0.3430632234375
9 0.6526483609375 0.51539341875 0.6641432296875001 0.51759750625 0.671159353125 0.5078984859375 0.672020428125 0.49928476718750003 0.663774528125 0.457018984375 0.6559770796875 0.4442907375 0.6471810171875 0.45289329531250005 0.6441732250000001 0.4943227765625 0.6473543875 0.5078649984375 0.6526483609375 0.51539341875
9 0.6792915984375 0.6080072125 0.6923252296875 0.6099399765625 0.6983307937500001 0.5990088296875 0.68844249375 0.5429295 0.677475828125 0.5392219593750001 0.6730090265625 0.54988178125 0.6690823703125 0.5816010796875 0.672987065625 0.59924666875 0.6792915984375 0.6080072125
9 0.70436216875 0.7276942921875 0.716385240625 0.7283949296875 0.7231601875 0.7173281203124999 0.71404126875 0.6611131265625 0.704418034375 0.6515274453125001 0.6961501734375 0.6586265515624999 0.69439411875 0.702655946875 0.6980576375 0.7189337484375 0.70436216875 0.7276942921875
9 0.532244271875 0.45341533749999996 0.544026165625 0.45274818593750005 0.5502729078125 0.44318482968749995 0.5483893296875 0.4280034921875 0.536733034375 0.39339062812500003 0.5299461453125 0.3818945078125 0.5237910968749999 0.382979809375 0.5206218796875001 0.392000515625 0.5269502984375001 0.44588692031250005 0.532244271875 0.45341533749999996
8 0.5453318406250001 0.28469050625 0.558652496875 0.2837520296875 0.564416884375 0.2714530953125 0.556308525 0.2164702296875 0.5490392796875 0.20223853125 0.543412434375 0.2018203796875 0.53322709375 0.2205401078125 0.53753439375 0.271962259375 0.5453318406250001 0.28469050625
8 0.7405092109375 0.6042644687500001 0.7527734609375 0.6063328953125 0.7623847515625 0.5933556484375 0.760547021875 0.573935284375 0.763038553125 0.5565721828125 0.7596620609375 0.5374231421875 0.7546551125 0.527023484375 0.7457554109375 0.52154116875 0.7312408078125 0.5382036328125 0.7302999828125001 0.5778583375 0.734204678125 0.5955039249999999 0.7405092109375 0.6042644687500001
6 0.7247867921875 0.5195972421875 0.7309876875 0.5142729140625 0.73444393125 0.5023809671875 0.7267840234375 0.4769356359375 0.728356690625 0.4498623515625 0.724693171875 0.43358455156250003 0.7176192593749999 0.42495967031250004 0.7085820171874999 0.43219443750000003 0.7028415171875 0.4896192328125 0.7115119828124999 0.516296690625 0.7247867921875 0.5195972421875
3 0.47391077656249997 0.5454993609375001 0.48026115625 0.5500208765625 0.4920888984375 0.5451146984374999 0.49578631875 0.5345905390625 0.49164044531249995 0.5155771625 0.478686565625 0.48260341249999994 0.4713256265625 0.4768497703125 0.46642231562500003 0.4805349859375 0.46649204843750003 0.52142181875 0.47391077656249997 0.5454993609375001
3 0.5019910656250001 0.71824770625 0.5076757 0.7369897578125 0.5168165796874999 0.7438398640624999 0.5273467359375 0.740572796875 0.5321005640625 0.7270417375 0.5292064265625 0.7106282734375 0.5221783609374999 0.6977643640625 0.5155290124999999 0.6735511578125 0.5107173953124999 0.6687583187499999 0.5019671781249999 0.6731218453125 0.5019910656250001 0.71824770625
3 0.3791871390625 0.6651546703125 0.3902454984375 0.6603841546875 0.3934605640625 0.64712441875 0.388062953125 0.625511128125 0.3704469390625 0.5975903812500001 0.35914740156249997 0.600993109375 0.3650393109375 0.6479049078125 0.3702874375 0.659672353125 0.3791871390625 0.6651546703125
3 0.393927125 0.43831556875000005 0.4000941171875 0.4597931984375 0.40745505625 0.46554684062499996 0.4179852125 0.462279775 0.42273904062499995 0.44874871406250005 0.41979905625 0.43657427968749996 0.4122427875 0.4252138203125 0.4043417015625 0.3984007 0.3987607046875 0.3937435234375 0.39231863125 0.3977000640625 0.393927125 0.43831556875000005
3 0.3384380703125 0.3620705875 0.3372441234375 0.377794575 0.34172286875 0.389697684375 0.3493249859375 0.39681911406250003 0.3598551421875 0.3935520484375 0.363793740625 0.3843956796875 0.36089960468750004 0.367982215625 0.3516092421875 0.3512862671875 0.3441905140625 0.32720872343749996 0.33394738125 0.32760455 0.333040459375 0.34045729687500004 0.3384380703125 0.3620705875
3 0.3547068015625 0.2068879796875 0.358416165625 0.21892675156250002 0.3650077234375 0.22481605624999998 0.374240296875 0.2231881046875 0.3802458609375 0.21225695781249998 0.376823521875 0.197346946875 0.366281421875 0.17805108125 0.3631461078125 0.16026983125 0.35785213437499996 0.1527414125 0.35169708593750004 0.15382671406249998 0.3492972484375 0.162711759375 0.3561419265625 0.19253178124999998 0.3547068015625 0.2068879796875
3 0.43356431406249996 0.27619184375 0.435447890625 0.291373178125 0.44300416093750006 0.3027336375 0.4568530203125 0.300291709375 0.459781059375 0.2899032140625 0.4561175421875 0.27362541406249996 0.44779189218750004 0.26240061875 0.44547180624999994 0.2402446765625 0.43916727343749995 0.2314841328125 0.432484021875 0.2340728859375 0.43138176875 0.241318815625 0.4367335328125 0.267171134375 0.43356431406249996 0.27619184375
3 0.2924767046875 0.11490784843749999 0.296714271875 0.12544316875 0.295474478125 0.14540618593750002 0.2992296890625 0.153205928125 0.30634945 0.1575917828125 0.31764898750000004 0.154189053125 0.319807646875 0.143936221875 0.3166264859375 0.1303939984375 0.310080775 0.120265665625 0.30121497812500003 0.087981390625 0.2966445390625 0.0845563390625 0.290202465625 0.088512878125 0.2924767046875 0.11490784843749999
0 0.2638859328125 0.2496981296875 0.26985759374999996 0.2655689421875 0.27781646875 0.3107059640625 0.28642914375 0.31905951875 0.2969593015625 0.315792453125 0.3027236875 0.30349351874999997 0.2995883734375 0.28571226875 0.2851993671875 0.2670947171875 0.27686177343749996 0.233306990625 0.2692596578125 0.2261855609375 0.2633457875 0.2286386515625 0.2638859328125 0.2496981296875
0 0.2853646453125 0.48848498749999997 0.28816708750000003 0.5133765078125 0.2956775109375 0.5289759953125001 0.2949659203125 0.5474355578125001 0.29814708125 0.56097778125 0.31056081562500004 0.572892053125 0.318254625 0.5715354265625 0.32656833281250003 0.5601972921875 0.325499984375 0.5406412640625 0.3108698015625 0.520655925 0.305954546875 0.5017782109375 0.3004193953125 0.49288200312499997 0.29180671875 0.484528446875 0.2853646453125 0.48848498749999997
2 0.2848503109375 0.6070421171875 0.28789393125 0.6333014234375 0.298585515625 0.662443134375 0.3061417859375 0.6738035921875001 0.31864721406249996 0.6772398078124999 0.3261456921875 0.6702763640625 0.3291195796875 0.655648840625 0.325214884375 0.6380032531250001 0.313903403125 0.61884305 0.3097116828125 0.6040687 0.2939334 0.5955683203125 0.2880195296875 0.598021409375 0.2848503109375 0.6070421171875
10 0.665907375 0.30714954375 0.665769834375 0.319866628125 0.6709721140625 0.335873103125 0.6788154093750001 0.344362321875 0.6867503968750001 0.34437348437500004 0.688472546875 0.3271460453125 0.69370873125 0.3163505625 0.6897581890625 0.3029440015625 0.6925706484374999 0.255907703125 0.69015886875 0.24222981875 0.68611663125 0.2373013140625 0.67539114375 0.23496156250000003 0.6680421484375 0.25177085 0.6680999390625 0.27009475312500003 0.6730151921874999 0.28897246718749997 0.665907375 0.30714954375