1 0.52578125 0.1484375 0.053125 0.121875
8 0.265625 0.8109375 0.05 0.0875
10 0.44609375 0.29609375 0.053125 0.1140625
9 0.42265625 0.69140625 0.0421875 0.08125
5 0.6921875 0.12578125 0.0453125 0.1
6 0.69296875 0.26796875 0.046875 0.1
8 0.33515625 0.3171875 0.046875 0.090625
3 0.6234375 0.7140625 0.04375 0.08125
9 0.3734375 0.40390625 0.0421875 0.0828125
11 0.553125 0.33984375 0.046875 0.1
9 0.32265625 0.58359375 0.04375 0.0828125
7 0.64140625 0.17578125 0.053125 0.121875
5 0.5859375 0.51015625 0.0484375 0.0984375
11 0.45 0.0796875 0.046875 0.096875
4 0.375 0.13046875 0.0546875 0.1125
6 0.7015625 0.5375 0.053125 0.1015625
0 0.45390625 0.47421875 0.046875 0.1
3 0.3734375 0.58359375 0.040625 0.078125
0 0.51015625 0.25 0.046875 0.1015625
3 0.746875 0.271875 0.0421875 0.08125
2 0.5359375 0.84453125 0.0515625 0.0953125
2 0.67421875 0.3515625 0.0484375 0.1
2 0.33671875 0.9671875 0.0265625 0.0234375