11 0.42578125 0.61796875 0.05 0.0953125
6 0.603125 0.57890625 0.05 0.0953125
0 0.52578125 0.23359375 0.046875 0.1
3 0.55546875 0.15703125 0.040625 0.0796875
4 0.43515625 0.3421875 0.053125 0.1140625
7 0.46171875 0.24609375 0.0546875 0.1203125
3 0.6625 0.56640625 0.04375 0.0796875
9 0.2765625 0.1515625 0.040625 0.084375
1 0.32890625 0.11328125 0.0546875 0.125
3 0.4984375 0.634375 0.0421875 0.0796875
11 0.39140625 0.44296875 0.05 0.1
5 0.53828125 0.5921875 0.05 0.096875
9 0.43515625 0.1171875 0.0375 0.0796875
9 0.35390625 0.54453125 0.04375 0.0796875
5 0.57265625 0.390625 0.0484375 0.096875
9 0.35546875 0.203125 0.040625 0.0828125
3 0.48984375 0.09453125 0.0390625 0.078125
3 0.44609375 0.42578125 0.040625 0.0796875