3 0.66171875 0.6859375 0.03046875 0.07734375
7 0.3453125 0.59765625 0.03984375 0.1140625
10 0.4078125 0.31015625 0.0328125 0.11171875
0 0.534375 0.61015625 0.03203125 0.09375
1 0.64453125 0.49375 0.03828125 0.11328125
4 0.41328125 0.16953125 0.03046875 0.10859375
2 0.53046875 0.240625 0.028125 0.0890625
5 0.61796875 0.09921875 0.028125 0.0953125
8 0.41796875 0.51484375 0.03046875 0.084375
6 0.69609375 0.24296875 0.03359375 0.0984375
11 0.6 0.409375 0.03046875 0.09453125
2 0.60078125 0.83125 0.034375 0.09140625
8 0.32890625 0.85 0.034375 0.08359375
9 0.8328125 0.934375 0.0390625 0.07265625
9 0.55859375 0.99140625 0.02109375 0.0171875
2 0.428125 0.98984375 0.02265625 0.01875