9 0.35 0.53203125 0.0390625 0.08125
11 0.34375 0.4515625 0.0453125 0.0984375
7 0.4796875 0.2421875 0.0484375 0.11875
5 0.690625 0.68671875 0.05 0.1
4 0.54765625 0.3125 0.0484375 0.1125
1 0.68984375 0.384375 0.059375 0.125
6 0.45546875 0.5234375 0.0421875 0.0984375
9 0.4421875 0.34921875 0.0375 0.0796875
9 0.30078125 0.13671875 0.034375 0.08125
0 0.61328125 0.70078125 0.0453125 0.1
3 0.528125 0.5078125 0.0375 0.078125
0 0.396875 0.10546875 0.0390625 0.1046875
11 0.38671875 0.34296875 0.04375 0.0984375
9 0.4625 0.1140625 0.034375 0.08125
3 0.65859375 0.57578125 0.040625 0.0796875
6 0.5125 0.40859375 0.040625 0.0984375
9 0.3765625 0.196875 0.0359375 0.08125
3 0.5734375 0.08046875 0.034375 0.08125
3 0.4203125 0.6171875 0.0375 0.0765625
9 0.4828125 0.71875 0.0390625 0.0828125
3 0.53671875 0.16328125 0.034375 0.0765625
5 0.64609375 0.2046875 0.0453125 0.0953125