9 0.5546875 0.17890625 0.028125 0.08125
9 0.6546875 0.5171875 0.0328125 0.0796875
6 0.5921875 0.69765625 0.0359375 0.0984375
9 0.546875 0.33984375 0.0296875 0.0796875
7 0.715625 0.41640625 0.04375 0.11875
8 0.603125 0.26015625 0.0328125 0.0875
11 0.73359375 0.7234375 0.0421875 0.1
5 0.3484375 0.075 0.0359375 0.096875
2 0.4859375 0.4046875 0.034375 0.0921875
10 0.60234375 0.40859375 0.0390625 0.1140625
3 0.49609375 0.2578125 0.0296875 0.0796875
1 0.3046875 0.39921875 0.0484375 0.1203125
3 0.5296875 0.70703125 0.03125 0.075
3 0.39375 0.08515625 0.0296875 0.0796875
8 0.60078125 0.5078125 0.0359375 0.090625
0 0.4078125 0.7046875 0.0390625 0.1015625
3 0.47578125 0.50546875 0.03125 0.078125
4 0.32109375 0.31953125 0.04375 0.109375
11 0.7203125 0.1109375 0.0359375 0.096875
6 0.725 0.2703125 0.0359375 0.1
9 0.55078125 0.4296875 0.028125 0.075
0 0.33828125 0.22734375 0.034375 0.096875
3 0.43671875 0.165625 0.0296875 0.078125
3 0.4234375 0.41015625 0.0296875 0.0765625
5 0.47265625 0.5875 0.0359375 0.09375
9 0.66640625 0.18984375 0.0265625 0.078125
9 0.65703125 0.74453125 0.0328125 0.0640625
5 0.28125 0.5890625 0.0421875 0.090625
9 0.6703125 0.1171875 0.0265625 0.0796875