11 0.6 0.41171875 0.03125 0.09375
5 0.6171875 0.096875 0.028125 0.09375
7 0.578125 0.31171875 0.03125 0.1171875
10 0.4078125 0.31015625 0.0328125 0.109375
0 0.578125 0.24296875 0.0265625 0.090625
6 0.6453125 0.2359375 0.028125 0.096875
9 0.46015625 0.70234375 0.028125 0.078125
2 0.47109375 0.4296875 0.0296875 0.090625
1 0.5796875 0.1484375 0.03125 0.115625
5 0.46875 0.4953125 0.03125 0.09375
8 0.32890625 0.85 0.034375 0.084375
8 0.303125 0.35078125 0.03125 0.0859375
9 0.3578125 0.42890625 0.028125 0.078125
9 0.3421875 0.61484375 0.028125 0.078125
3 0.6625 0.68671875 0.03125 0.0765625
4 0.4140625 0.16796875 0.03125 0.1109375
6 0.7046875 0.4984375 0.034375 0.096875
0 0.53515625 0.61015625 0.03125 0.090625
3 0.5890625 0.6109375 0.028125 0.075
3 0.6984375 0.22890625 0.028125 0.0765625
2 0.60078125 0.83125 0.034375 0.0890625
2 0.42890625 0.98984375 0.0234375 0.01875