3 0.3515625 0.696875 0.0359375 0.0796875
7 0.6609375 0.58671875 0.0484375 0.1171875
10 0.57890625 0.30390625 0.040625 0.1140625
0 0.4734375 0.6125 0.0390625 0.0953125
1 0.35546875 0.50390625 0.0453125 0.115625
4 0.56328125 0.1640625 0.0375 0.1109375
2 0.4515625 0.24375 0.034375 0.090625
5 0.3546875 0.10859375 0.034375 0.096875
8 0.5828125 0.509375 0.0359375 0.0859375
6 0.28671875 0.25703125 0.040625 0.1
11 0.39375 0.41640625 0.0375 0.096875
2 0.42265625 0.8375 0.040625 0.09375
8 0.6953125 0.8375 0.040625 0.0859375
9 0.1984375 0.95625 0.04375 0.075
9 0.475 0.9921875 0.021875 0.015625
2 0.60625 0.98359375 0.0234375 0.0203125