9 0.753125 0.74765625 0.0390625 0.0796875
4 0.35 0.484375 0.04375 0.103125
6 0.65625 0.45390625 0.0375 0.096875
7 0.45703125 0.49140625 0.04375 0.1109375
10 0.4734375 0.76171875 0.0484375 0.1078125
0 0.36796875 0.78671875 0.0484375 0.103125
9 0.66484375 0.603125 0.0375 0.0765625
5 0.30078125 0.57109375 0.04375 0.0890625
9 0.53984375 0.52890625 0.0328125 0.06875
9 0.47734375 0.6265625 0.0359375 0.078125
6 0.58671875 0.415625 0.0375 0.09375
3 0.46796875 0.41953125 0.0328125 0.0734375
9 0.634375 0.928125 0.040625 0.0859375
2 0.40703125 0.43125 0.0390625 0.090625
9 0.4328125 0.934375 0.0421875 0.084375
0 0.5890625 0.58828125 0.0484375 0.11875
8 0.5 0.94140625 0.0484375 0.1046875
3 0.6203125 0.740625 0.0359375 0.078125
8 0.4828125 0.83984375 0.04375 0.090625
3 0.76875 0.91953125 0.0421875 0.0859375