9 0.72734375 0.23046875 0.04375 0.08125
8 0.7796875 0.23515625 0.053125 0.096875
3 0.46328125 0.15390625 0.0421875 0.0765625
2 0.41484375 0.134375 0.046875 0.0796875
2 0.42109375 0.09453125 0.0453125 0.0765625
9 0.7 0.30390625 0.0453125 0.0828125
6 0.70625 0.56953125 0.05625 0.1
8 0.6953125 0.6625 0.0578125 0.09375
9 0.68984375 0.37890625 0.0453125 0.0828125
11 0.684375 0.7671875 0.0640625 0.10625
5 0.24609375 0.6359375 0.0609375 0.0984375
0 0.3125 0.44453125 0.0546875 0.09375
9 0.6484375 0.55 0.0484375 0.084375
1 0.33125 0.3609375 0.06875 0.1234375
7 0.734375 0.46875 0.0640625 0.1125
9 0.63203125 0.64609375 0.0484375 0.08125
2 0.2671875 0.540625 0.059375 0.0953125
3 0.3328125 0.5625 0.046875 0.078125
6 0.7703125 0.31953125 0.0515625 0.09375
3 0.4203125 0.3078125 0.04375 0.078125
4 0.36328125 0.28515625 0.0640625 0.1125
9 0.60546875 0.76015625 0.0515625 0.0875
9 0.66484375 0.46640625 0.046875 0.084375
10 0.74921875 0.3875 0.0609375 0.109375
3 0.38671875 0.3828125 0.0453125 0.0765625
3 0.30625 0.6578125 0.0484375 0.0828125
3 0.3578125 0.47578125 0.046875 0.0796875
3 0.4828125 0.07265625 0.04375 0.08125
3 0.44453125 0.22578125 0.04375 0.078125
11 0.7984375 0.1640625 0.0546875 0.1
9 0.7453125 0.1640625 0.04375 0.084375
5 0.440625 0.05390625 0.0546875 0.1015625
0 0.39921875 0.19921875 0.0546875 0.1015625
2 0.36328125 0.25546875 0.0359375 0.0515625
2 0.46640625 0.13046875 0.0234375 0.034375
2 0.3578125 0.45625 0.0265625 0.0375
2 0.3875 0.3640625 0.025 0.034375
2 0.33359375 0.54609375 0.025 0.0359375
2 0.26796875 0.509375 0.0203125 0.0265625