1 0.5015625 0.14765625 0.0453125 0.1203125
8 0.2875 0.8265625 0.04375 0.0859375
10 0.43125 0.3 0.0453125 0.1140625
9 0.4359375 0.69609375 0.0359375 0.0796875
5 0.665625 0.11328125 0.0390625 0.0984375
6 0.6765625 0.2546875 0.040625 0.1
8 0.32265625 0.3296875 0.040625 0.0890625
3 0.6375 0.7046875 0.0390625 0.0796875
9 0.36640625 0.4125 0.0375 0.08125
11 0.5421875 0.33671875 0.040625 0.1
9 0.32890625 0.5953125 0.0375 0.08125
7 0.61796875 0.16640625 0.0453125 0.1203125
5 0.5859375 0.50390625 0.0421875 0.096875
11 0.42109375 0.084375 0.040625 0.0953125
4 0.35 0.13984375 0.046875 0.1125
6 0.703125 0.5234375 0.046875 0.1
0 0.45234375 0.47734375 0.040625 0.0984375
3 0.37890625 0.5921875 0.0359375 0.0765625
0 0.49296875 0.25 0.0390625 0.1
3 0.7296875 0.25546875 0.0375 0.0796875
2 0.559375 0.84140625 0.0453125 0.09375
2 0.6640625 0.33984375 0.0421875 0.0984375
2 0.36953125 0.97734375 0.025 0.021875