9 0.7484375 0.7515625 0.0375 0.0796875
4 0.35 0.48203125 0.0421875 0.103125
6 0.65703125 0.45625 0.0359375 0.0953125
7 0.45703125 0.490625 0.0421875 0.1109375
10 0.46875 0.76171875 0.046875 0.1078125
0 0.36328125 0.784375 0.0453125 0.1015625
9 0.66328125 0.60546875 0.0359375 0.075
5 0.3 0.56796875 0.0421875 0.0890625
9 0.5390625 0.5296875 0.03125 0.06875
9 0.475 0.62578125 0.0359375 0.0765625
6 0.58828125 0.4171875 0.0359375 0.0921875
3 0.46953125 0.41875 0.03125 0.0734375
9 0.62734375 0.93046875 0.040625 0.0859375
2 0.40859375 0.4296875 0.0375 0.090625
9 0.425 0.9328125 0.040625 0.084375
0 0.5875 0.58984375 0.0453125 0.1171875
8 0.4921875 0.94140625 0.046875 0.103125
3 0.61640625 0.7421875 0.0359375 0.0765625
8 0.47734375 0.8390625 0.0421875 0.090625
3 0.76171875 0.92421875 0.040625 0.0859375