9 0.52421875 0.50625 0.0390625 0.075
7 0.41796875 0.67265625 0.059375 0.1203125
5 0.46484375 0.58046875 0.046875 0.09375
9 0.63828125 0.43359375 0.0390625 0.078125
2 0.38515625 0.33984375 0.0453125 0.09375
10 0.33984375 0.55390625 0.05625 0.1109375
3 0.61484375 0.3609375 0.0390625 0.075
9 0.44921875 0.8359375 0.046875 0.0859375
6 0.46015625 0.459375 0.0453125 0.0953125
3 0.64453125 0.64453125 0.040625 0.0765625
8 0.64609375 0.803125 0.053125 0.1046875
8 0.728125 0.53671875 0.046875 0.0890625
3 0.509375 0.3875 0.0390625 0.0734375