5 0.466497509375 0.6151282421875 0.4700568484375 0.6275115671875 0.4765453984375 0.6342336578125 0.4882570109375 0.6338246796875 0.4970931125 0.6182290265625 0.491347325 0.5656197265625 0.4828125109375 0.545071734375 0.47193014531250005 0.546841490625 0.46763327343750005 0.5581094249999999 0.46933500625 0.5844549734375 0.466497509375 0.6151282421875
5 0.3051482015625 0.0912734671875 0.3023591765625 0.123334778125 0.3098708578125 0.13696981875 0.322314771875 0.1351455328125 0.3288570234375 0.1210197171875 0.3183728890625 0.0894219140625 0.319794253125 0.0629673046875 0.309794834375 0.0452499328125 0.2990094109375 0.049795775 0.2969579171875 0.05820582656249999 0.298465765625 0.078999203125 0.3051482015625 0.0912734671875
3 0.3980931 0.1561247984375 0.400871665625 0.1685353875 0.39681715156249997 0.186743534375 0.3989118859375 0.2019574765625 0.40540043593749997 0.20867956875 0.4139889515625 0.2083796515625 0.42072508906249995 0.19980600625 0.4201919015625 0.184537534375 0.4125832765625 0.168126409375 0.413757053125 0.15696753593749999 0.4100038265625 0.13903204062500002 0.3998052921875 0.1379984453125 0.3980931 0.1561247984375
3 0.40666209999999997 0.446280278125 0.41315065000000006 0.45300236875 0.42403301562499995 0.4512326125 0.4306237390625 0.43849484062500005 0.42940672031249993 0.42602972031249997 0.41941253125 0.38607639531250004 0.4145340015625 0.3806878171875 0.40833627968749997 0.38229398125 0.4036411765625 0.42692947343750004 0.40666209999999997 0.446280278125
3 0.46975275156249996 0.26063201875 0.46467510624999997 0.27192721875000003 0.4669152546875 0.2913052875 0.47340380625 0.29802737968750004 0.487312325 0.293372478125 0.48804985624999997 0.26972121875 0.48219666562499996 0.25880773281249997 0.4812272359375 0.2310468765625 0.4716640609375 0.22582188749999998 0.46746413125 0.2398659078125 0.46975275156249996 0.26063201875
3 0.4694908796875 0.544147203125 0.48359328437500004 0.5450444703125 0.489645590625 0.539274178125 0.49052853750000003 0.519787046875 0.48531070625000006 0.5046821687499999 0.48394827500000004 0.48805291874999995 0.47721736718749996 0.4743906125 0.473265025 0.47313889531250003 0.46730966093750004 0.4816852765625 0.46417610624999994 0.5262662359375 0.4694908796875 0.544147203125
3 0.5369349140625 0.72940629375 0.54430118125 0.73887720625 0.5552320187500001 0.73849549375 0.562603515625 0.72573045625 0.5620218578125 0.7090739421875 0.5551992359375 0.6703995984375 0.55032070625 0.6650110203125 0.5433422109375 0.6666444499999999 0.5339624625 0.7114435328125001 0.5369349140625 0.72940629375
3 0.34764407343750003 0.1217533953125 0.3534972640625 0.13266688124999998 0.365208875 0.1322579015625 0.3703834640625 0.1237387875 0.3698987484375 0.10985836093750001 0.36316784062499996 0.0961960546875 0.362979184375 0.0684079328125 0.3580037109375 0.060243267187500005 0.35175751875 0.0604613890625 0.34731523124999997 0.06756519375 0.35082087031250003 0.100796425 0.34764407343750003 0.1217533953125
2 0.488056490625 0.44899686406250006 0.494695684375 0.43764713437499997 0.48973067031250006 0.38501056718750004 0.47412041875 0.363319921875 0.46445507187499996 0.3775547984375 0.466490875 0.43585259687500005 0.4756125765625 0.45082115 0.488056490625 0.44899686406250006
2 0.2691660109375 0.583106615625 0.2700384984375 0.6080913875 0.2732585375 0.6107584125 0.2763279328125 0.6314972578125 0.2887181453125 0.6505208796875 0.301942834375 0.648669328125 0.30706895156249997 0.6387621703125 0.3097558046875 0.6261607234375 0.30844184375 0.6109195203125 0.302588653125 0.600006034375 0.2979092375 0.5779336734375 0.28424830624999997 0.567292840625 0.27492748906250003 0.5690080656250001 0.2691660109375 0.583106615625
0 0.3005828234375 0.20678093749999998 0.306770084375 0.249646675 0.30408323125000003 0.2622481203125 0.30637185312500004 0.2830142328125 0.31290887500000003 0.2911243671875 0.326085090625 0.287884771875 0.3319435109375 0.2765623078125 0.3305326078125 0.2585450171875 0.32311786875 0.2476860609375 0.3161498328125 0.20484759062500002 0.3088320375 0.1967647203125 0.3041958640625 0.1983163546875 0.3005828234375 0.20678093749999998
0 0.414935040625 0.7503434484375 0.42308208281250004 0.7597870953125 0.43171906875 0.7608752203125 0.43855215000000003 0.7550776640625 0.44426515625 0.7395910703124999 0.43359236562500003 0.680205146875 0.42525143749999994 0.665209328125 0.41978601875 0.6654001843749999 0.4139760703125 0.6781106921875 0.4112302859375 0.733795996875 0.414935040625 0.7503434484375
1 0.28878613125 0.36145352656249996 0.2810268625 0.363114221875 0.27531385625000004 0.3786008125 0.28004174375 0.40206121406250006 0.28921191562500004 0.41841781093749997 0.2844735703125 0.439429309375 0.2875914375 0.46155619999999997 0.298129271875 0.47230609531249995 0.3097924125 0.47050907343750004 0.317847740625 0.454940684375 0.3179014421875 0.43409277656249995 0.3119997796875 0.4217912484375 0.3048273984375 0.41787250625 0.3014187015625 0.3874173609375 0.296103928125 0.36953639531250004 0.28878613125 0.36145352656249996
4 0.2858726109375 0.3004069078125 0.2975737625 0.3444698296875 0.2933738328125 0.3585138484375 0.299614796875 0.38053167656250003 0.3045417984375 0.3873083 0.320011865625 0.38259886718749997 0.3259187578125 0.3726644453125 0.32524015624999997 0.35323184531249996 0.3160699828125 0.33687524999999996 0.3065657390625 0.28856640312500004 0.29934488593749997 0.28325961875 0.2885594640625 0.2878054609375 0.2858726109375 0.3004069078125
9 0.522026603125 0.21294530625000002 0.5321766671875 0.21259085781249998 0.5381805015625 0.20543252031249998 0.5375019 0.185999921875 0.5332102578125 0.17503190625 0.5330700734375 0.1486318265625 0.53048539375 0.141773409375 0.5233614828125 0.1392427109375 0.5190646109375 0.15051064375 0.5152956953125 0.19928300000000002 0.522026603125 0.21294530625000002
9 0.635498296875 0.35073580625 0.6413514874999999 0.36164929218749997 0.6507692484375001 0.3627101515625 0.65833463125 0.355497284375 0.6603861249999999 0.3470872328125 0.6575590874999999 0.3332886 0.6580057906250001 0.30130908437500004 0.6528849015625 0.28898029062499997 0.646638709375 0.2891984125 0.6437094984375 0.2948596453125 0.6351589953125 0.34101950468750003 0.635498296875 0.35073580625
9 0.629676484375 0.2064066171875 0.6353357890625 0.2117679328125 0.6454858515625 0.21141348437500002 0.6507089125000001 0.2042824140625 0.64852769375 0.1418204875 0.639793765625 0.1379562765625 0.634570703125 0.145087346875 0.634420059375 0.16315916875 0.6277271640625 0.19535680625000001 0.629676484375 0.2064066171875
9 0.632179909375 0.1437811 0.6475045625 0.1349075390625 0.645468759375 0.0766097390625 0.642884078125 0.06975132187500001 0.635808640625 0.068608665625 0.6300471625 0.082707215625 0.6254490015624999 0.13011879375 0.632179909375 0.1437811
9 0.534316046875 0.4529403875 0.5447569390625 0.46091419531250005 0.5532485109375 0.4578381921875 0.5583746296875 0.4479310359375 0.5570121968749999 0.4313017875 0.5494088015624999 0.392654709375 0.5453110453125001 0.387238865625 0.53833255 0.3888722953125 0.5341326203125 0.402916315625 0.534316046875 0.4529403875
9 0.649020446875 0.53648815625 0.6608774734375 0.5402433046875 0.6698105187500001 0.5274237375 0.6679686 0.4746781109375 0.659821559375 0.46523446249999995 0.6529884781249999 0.471032021875 0.6435117875 0.5130550203124999 0.6448257484375 0.528296225 0.649020446875 0.53648815625
9 0.6625150453125 0.6319086625 0.6743720718749999 0.6356638125 0.6833051171875 0.62284424375 0.680633953125 0.5687378390625 0.6702900046875 0.5635401156250001 0.663650809375 0.574889846875 0.65612866875 0.6057267046875 0.6574911 0.6223559546875 0.6625150453125 0.6319086625
9 0.6648312187500001 0.7430066171874999 0.6699036359375 0.75394736875 0.6832737390625 0.7562599453125001 0.69147448125 0.7448556859375 0.688706375 0.68797319375 0.6861216953125 0.6811147765625 0.679778559375 0.6785568125 0.6722131765625 0.6857696796874999 0.6635657296875 0.7291534546875 0.6648312187500001 0.7430066171874999
11 0.7348152875 0.709988540625 0.73559083125 0.732197225 0.74149249375 0.744498753125 0.7557403140625001 0.74956015 0.766967209375 0.73527074375 0.7646785890625 0.71450463125 0.7665846671875001 0.7019304515625 0.7740046359375 0.69055345625 0.772302903125 0.6642079078124999 0.76098429375 0.653485278125 0.7502473421875 0.6594191640625 0.74385050625 0.67770910625 0.7435059749999999 0.6902287578124999 0.7348152875 0.709988540625
11 0.6730277499999999 0.1270675703125 0.6804424890625 0.13792652656249998 0.6921541 0.1375175484375 0.6980125203124999 0.126195084375 0.6945553531249999 0.0943518953125 0.700952190625 0.0760619515625 0.70003123125 0.0496891375 0.6873449593750001 0.0445732109375 0.6808027078125 0.0586990265625 0.6818206109375 0.0878479234375 0.6724460921875 0.1104110578125 0.6730277499999999 0.1270675703125
10 0.6884455203125001 0.3447176421875 0.6904917828125 0.35854353906249997 0.7003457875 0.372096784375 0.7072758109375 0.36907531250000003 0.7173826328125 0.3450968703125 0.7152878968749999 0.3298829296875 0.723886871875 0.2851111125 0.7233536843749999 0.26984264062499996 0.7113512453124999 0.26192336250000003 0.7023212562500001 0.27196684531250004 0.698460628125 0.2957271640625 0.7003614765624999 0.3053889328125 0.6884455203125001 0.3447176421875
8 0.726097046875 0.639416478125 0.73707635625 0.6404228078124999 0.746838646875 0.6289640171875 0.752605353125 0.5926295171875 0.751926753125 0.5731969171875 0.7475381671875 0.559452815625 0.7403657859375 0.5555340734375 0.7236734703125001 0.5700143375 0.7177128781250001 0.600796665625 0.7177076484375 0.6230326171875 0.726097046875 0.639416478125
8 0.574075190625 0.29312212187500003 0.584322196875 0.295543759375 0.5949137328125 0.285445746875 0.5965826843750001 0.2436954015625 0.5943425343750001 0.22431733281250002 0.5900024203124999 0.2119612734375 0.5844885296875 0.2107640875 0.572577803125 0.2278568453125 0.568857359375 0.27801724375000003 0.574075190625 0.29312212187500003
6 0.702893859375 0.5346068546875 0.708014746875 0.5469356484375 0.7190909984375 0.5507180640625 0.73109866875 0.536401390625 0.73096894375 0.4655294125 0.72677424375 0.4573374828125 0.7205280515625 0.45755560468749995 0.715304990625 0.46468667343750003 0.7022152578124999 0.5151742546875 0.702893859375 0.5346068546875
6 0.696069834375 0.29442091718749996 0.706031240625 0.26627834687499996 0.7128158499999999 0.259092746875 0.7189218578125 0.23247454687500002 0.71824325625 0.2130419453125 0.7109254609375 0.2049590765625 0.7039954359375 0.20798055 0.6912450046874999 0.2681844296875 0.6927528515625 0.28897780625 0.696069834375 0.29442091718749996
7 0.7098552609375 0.39816968125 0.6975030609374999 0.4250060015625 0.6989139640625 0.44302329374999994 0.7056448718749999 0.45668559999999997 0.7166726531250001 0.45907997343750007 0.7258965265625 0.45458866093749994 0.7301934 0.44332072812499995 0.72522315625 0.4129201109375 0.7321099375 0.3862746453125 0.7335313015625 0.35982003749999997 0.72601961875 0.34618499687500004 0.718211878125 0.34645764843750004 0.7122080421875 0.353615984375 0.708153528125 0.3718241328125 0.7098552609375 0.39816968125