0 0.68515625 0.24296875 0.034375 0.1
3 0.6421875 0.09609375 0.028125 0.0796875
7 0.2921875 0.39765625 0.0421875 0.11875
9 0.4734375 0.17578125 0.0265625 0.078125
3 0.52421875 0.50859375 0.0296875 0.078125
8 0.39921875 0.4984375 0.034375 0.0921875
8 0.41796875 0.2515625 0.03125 0.0875
10 0.40546875 0.39921875 0.0359375 0.1140625
9 0.45546875 0.43046875 0.0265625 0.065625
9 0.4671875 0.3359375 0.028125 0.08125
4 0.69375 0.3359375 0.040625 0.109375
6 0.390625 0.68828125 0.0359375 0.0984375
0 0.57421875 0.71171875 0.0375 0.1
3 0.525 0.259375 0.028125 0.08125
9 0.34453125 0.503125 0.03125 0.078125
5 0.6875 0.08984375 0.034375 0.096875
3 0.453125 0.70390625 0.03125 0.0765625
11 0.24765625 0.70234375 0.0421875 0.0984375
1 0.70390625 0.4171875 0.046875 0.1203125
2 0.52109375 0.4046875 0.0328125 0.09375
6 0.29609375 0.25078125 0.034375 0.1015625
3 0.59296875 0.17265625 0.028125 0.078125
3 0.584375 0.4171875 0.0296875 0.075
2 0.7109375 0.6078125 0.0421875 0.0921875
9 0.3609375 0.1765625 0.0265625 0.078125
5 0.51953125 0.5890625 0.034375 0.09375
9 0.32265625 0.7296875 0.03125 0.0640625
11 0.31328125 0.0921875 0.034375 0.0984375
9 0.3640625 0.109375 0.025 0.071875