4 0.53359375 0.33203125 0.0328125 0.109375
7 0.4890625 0.24375 0.034375 0.115625
9 0.653125 0.115625 0.025 0.0796875
3 0.353125 0.59609375 0.0296875 0.0765625
1 0.59375 0.0875 0.0328125 0.121875
11 0.5953125 0.4234375 0.034375 0.0953125
3 0.52734375 0.63203125 0.028125 0.075
9 0.490625 0.11328125 0.025 0.078125
5 0.40859375 0.40625 0.0328125 0.0921875
9 0.65234375 0.515625 0.0296875 0.075
5 0.48046875 0.59765625 0.0328125 0.0921875
3 0.3796875 0.1734375 0.025 0.0765625
3 0.4328125 0.09921875 0.025 0.075
11 0.5953125 0.6015625 0.034375 0.090625
9 0.58515625 0.18125 0.0265625 0.0796875
6 0.41328125 0.596875 0.034375 0.0921875
0 0.42421875 0.24296875 0.0296875 0.096875
3 0.5390625 0.41796875 0.0265625 0.0765625