0 0.54296875 0.23828125 0.040625 0.1
4 0.36875 0.18515625 0.046875 0.1125
1 0.4203125 0.171875 0.046875 0.1203125
5 0.559375 0.08515625 0.040625 0.0984375
2 0.49375 0.23984375 0.040625 0.09375
6 0.50078125 0.40859375 0.0421875 0.1
11 0.58671875 0.396875 0.0421875 0.0984375
0 0.54921875 0.6046875 0.0453125 0.0984375
3 0.68671875 0.6609375 0.040625 0.0796875
6 0.65859375 0.21875 0.046875 0.103125
8 0.41953125 0.52421875 0.0421875 0.0875
7 0.39453125 0.4078125 0.05 0.1203125
9 0.88984375 0.884375 0.0484375 0.078125
2 0.64609375 0.8140625 0.046875 0.09375
8 0.3796875 0.87109375 0.046875 0.0890625
10 0.38203125 0.32265625 0.046875 0.1140625
2 0.49765625 0.9921875 0.0265625 0.015625
9 0.62578125 0.97890625 0.0234375 0.0203125