4 0.56171875 0.33984375 0.05 0.1125
7 0.53359375 0.2453125 0.053125 0.11875
9 0.7171875 0.1484375 0.0390625 0.0828125
3 0.33828125 0.56875 0.0421875 0.0796875
1 0.6640625 0.11015625 0.053125 0.125
11 0.60703125 0.44140625 0.05 0.0984375
3 0.50390625 0.634375 0.040625 0.078125
9 0.5578125 0.1171875 0.0375 0.0796875
5 0.4265625 0.39140625 0.046875 0.096875
9 0.646875 0.5421875 0.0421875 0.0796875
5 0.4640625 0.5921875 0.0484375 0.096875
3 0.43828125 0.1578125 0.0375 0.0796875
3 0.503125 0.09375 0.0375 0.078125
11 0.57578125 0.61640625 0.0484375 0.09375
9 0.6390625 0.20078125 0.0390625 0.0828125
6 0.39765625 0.58046875 0.0484375 0.0953125
0 0.46953125 0.23359375 0.0453125 0.1
3 0.55234375 0.42578125 0.0390625 0.0796875