3 0.36953125 0.70859375 0.0421875 0.08125
7 0.66796875 0.571875 0.0578125 0.11875
10 0.56171875 0.2984375 0.05 0.115625
0 0.48359375 0.6140625 0.046875 0.096875
1 0.35625 0.51640625 0.05625 0.1171875
4 0.53359375 0.16015625 0.046875 0.1125
2 0.4296875 0.2484375 0.0421875 0.0921875
5 0.32109375 0.12265625 0.0421875 0.0984375
8 0.58359375 0.5015625 0.04375 0.0875
6 0.26640625 0.2765625 0.0484375 0.103125
11 0.38671875 0.42578125 0.0453125 0.0984375
2 0.45234375 0.84296875 0.0484375 0.0953125
8 0.7234375 0.81875 0.046875 0.0875
9 0.2390625 0.97109375 0.05 0.0578125
9 0.51796875 0.9921875 0.0234375 0.015625
2 0.64765625 0.97265625 0.025 0.021875