5 0.5140767640624999 0.6335993546875 0.5257937296875 0.633803875 0.532163975 0.626969565625 0.535506653125 0.6145260078125 0.532134265625 0.5839069328125001 0.533375946875 0.557535696875 0.5288830765625 0.5463444703125 0.51797148125 0.5447649078125 0.5097965796875 0.565458721875 0.504969825 0.6181602875000001 0.5140767640624999 0.6335993546875
5 0.674433871875 0.0863146171875 0.66450279375 0.11809058125 0.671290578125 0.1321000671875 0.683764434375 0.13370690000000002 0.6910370078125 0.11994283750000001 0.6876888609375 0.087935084375 0.6941560640625 0.075546065625 0.6953007859375 0.054729540624999996 0.6931028296874999 0.0463565734375 0.6822397140625001 0.0419996546875 0.6725510296875 0.05988884375 0.674433871875 0.0863146171875
3 0.5742903640625 0.1831927375 0.5740237296874999 0.1984681890625 0.580908471875 0.2069229671875 0.5895009140624999 0.20707294843750002 0.595871159375 0.20023863749999998 0.5977000546875 0.18499045625 0.59332838125 0.16685584375 0.5958899296875 0.1543986515625 0.59386165 0.136304940625 0.5836827062500001 0.1375163671875 0.5802430703125 0.155514634375 0.5816114171875 0.1666513234375 0.5742903640625 0.1831927375
3 0.5860159 0.451493796875 0.5923861453125 0.44465948749999995 0.595068890625 0.42525890781250003 0.58959550625 0.38071215625 0.583370696875 0.37921440156249997 0.5785869531250001 0.3846873015625 0.56929156875 0.4248089640625 0.56829228125 0.437293425 0.57510430625 0.4499142328125 0.5860159 0.451493796875
3 0.5230672359375 0.2975939734375 0.52943748125 0.2907596640625 0.5313390953125 0.27134545 0.52606509375 0.26014058906250004 0.5279909468749999 0.23933769843750002 0.52354655625 0.2253691171875 0.5140760265625001 0.2307602109375 0.5135912375 0.25853375624999997 0.5079294046875 0.26954773125 0.5090795953125 0.2931825171875 0.5230672359375 0.2975939734375
3 0.5098153515625 0.5196187328125 0.5110382609374999 0.5390874859375 0.51719035 0.5447512718749999 0.5312749484375 0.5436080203125 0.536276846875 0.5256370234375 0.5323657234375 0.481117540625 0.5262621125 0.472676396875 0.5223322171875 0.4739969015625 0.515840775 0.48777459843750004 0.5147687703125 0.5044250921875 0.5098153515625 0.5196187328125
3 0.4598745484375 0.7396139875000001 0.467074403125 0.7300159578125001 0.46973290937499995 0.71200405625 0.4595727375 0.6673754953125 0.4525667984375 0.66586410625 0.4477830546875 0.67133700625 0.4416364328125 0.7101245296875 0.44134555937500003 0.7267886578125 0.4489387140625 0.7394231015625 0.4598745484375 0.7396139875000001
3 0.6297639687500001 0.09386950468750001 0.623272525 0.1076472015625 0.62303013125 0.12153397343750001 0.6283526109375 0.12996148125 0.6400695765625 0.1301660015625 0.645731409375 0.11915202656249999 0.6421893453124999 0.098253690625 0.6451144859375 0.0649663390625 0.640548896875 0.0579411453125 0.6342998484375 0.0578320671875 0.6294676265625 0.0660823234375 0.6297639687500001 0.09386950468750001
2 0.5334025515625 0.376953103125 0.52349024375 0.362889078125 0.5082609234375 0.38484885625 0.5042153 0.4375640578125 0.5110515625 0.44879618906249996 0.5235254203124999 0.450403021875 0.5323844953125 0.4352775515625 0.5334025515625 0.376953103125
2 0.6991266265625 0.5965455000000001 0.69346479375 0.607559475 0.6924170296875001 0.6228212906249999 0.6953233984375 0.635373925 0.7006216390625 0.6451901109375 0.7138766265625 0.646810578125 0.72593294375 0.6275736140625 0.7286399296875 0.606784359375 0.73181293125 0.6040615421875 0.7322492421875 0.57906535 0.7262425890624999 0.5650694984375 0.71689325625 0.5635172046875 0.7034201125 0.5743948343749999 0.6991266265625 0.5965455000000001
0 0.6652276109375 0.255624178125 0.6641313671875 0.2736633484375 0.6701865 0.28488184375 0.6834172484375001 0.2878909890625 0.6898117328125 0.279668003125 0.6917375859375 0.2588651125 0.6888312171875 0.24631247812499998 0.6942694265625 0.2033452875 0.6905092078124999 0.19494505 0.6858466625 0.19347456406250002 0.6786710453125 0.20168391562500002 0.6724517062500001 0.244637471875 0.6652276109375 0.255624178125
0 0.5658902109375 0.7539664015625 0.57282343125 0.759643821875 0.5814401124999999 0.7584051265625 0.5894210984375 0.74882073125 0.5928364968750001 0.7322111437500001 0.5891192875 0.6765822406249999 0.5830883953125 0.6639750671875 0.577620478125 0.6638796234375001 0.569542534375 0.679018728125 0.5599077968749999 0.738581871875 0.5658902109375 0.7539664015625
1 0.696586215625 0.3839687859375 0.6937095546875 0.41447878281249995 0.6866066562500001 0.41852210312500004 0.680920584375 0.43092475781250006 0.6813381234375 0.45176855156249995 0.6896639312499999 0.467193984375 0.70135665625 0.4687871828125 0.711705275 0.45785501406250007 0.7144364999999999 0.43567707968749997 0.7093321734375 0.414751478125 0.7182154890625 0.39823732968750003 0.7225332140625 0.3746979890625 0.7165508 0.3593134609375 0.7087637296875 0.3577884375 0.7015881140625 0.3659977890625 0.696586215625 0.3839687859375
4 0.67217176875 0.35020421874999996 0.6718324171875001 0.369645703125 0.6779117890624999 0.379475521875 0.693461690625 0.3839142484375 0.6982696749999999 0.37705266875 0.7041254218749999 0.35492927343749997 0.69968103125 0.3409606921875 0.710611396875 0.29670026875 0.707705028125 0.2841476328125 0.6968419124999999 0.279790715625 0.689714775 0.28522271093749996 0.681055084375 0.3336900734375 0.67217176875 0.35020421874999996
9 0.4570237546875 0.18670224375 0.45668440156249995 0.2061437265625 0.46281225312499996 0.2131961921875 0.47296695624999996 0.21337344218749998 0.47945839843750004 0.19959574687499998 0.47483886249999996 0.150896596875 0.4703459921875 0.13970537031250002 0.46326733437499995 0.14236001250000002 0.46080274374999997 0.14926249375 0.461123325 0.1756609984375 0.4570237546875 0.18670224375
9 0.3395553953125 0.33606377656249997 0.3369696078125 0.3499096453125 0.3391675640625 0.3582826140625 0.3468576765625 0.36536234843750004 0.3562554890625 0.3641372875 0.3619173203125 0.3531233109375 0.362086996875 0.34340256875 0.3527321953125 0.297398965625 0.3497046296875 0.2917897171875 0.34345558125000003 0.2916806390625 0.338550640625 0.3040969265625 0.3395553953125 0.33606377656249997
9 0.3596544796875 0.2141737671875 0.3652193546875 0.2087145 0.3669755328125 0.1976323515625 0.3597217296875 0.165556425 0.3592557125 0.147489984375 0.3539089921875 0.14045115625 0.3452438328125 0.14446720468750002 0.3441530578125 0.20695768593750002 0.3494997765625 0.2139965171875 0.3596544796875 0.2141737671875
9 0.3566832265625 0.07104455625 0.3496288078125 0.072310521875 0.34716421875000003 0.079213003125 0.3461461609375 0.13753745312500001 0.36162334375 0.1461422109375 0.36811478750000004 0.132364515625 0.3626898796875 0.0850404078125 0.3566832265625 0.07104455625
9 0.45456773593750005 0.4617012640625 0.46486787500000004 0.45354645156249995 0.464178234375 0.40352679843750006 0.4597338421875 0.38955821562500004 0.452727903125 0.3880468265625 0.44872528906250003 0.3935333609375 0.4417975375 0.43230725000000003 0.44072553281250004 0.44895774375 0.4460237734375 0.458773928125 0.45456773593750005 0.4617012640625
9 0.355690146875 0.530819471875 0.3567379125 0.5155576578125001 0.3465292609375 0.47370645 0.339596040625 0.46802902812499997 0.331615053125 0.4776134234375 0.33069395468749996 0.5303831625 0.33984937187500003 0.543044875 0.3516390546875 0.5390833640625 0.355690146875 0.530819471875
9 0.3446682921875 0.6250859171875 0.34574029687499996 0.6084354234375 0.3376811234375 0.5777345406250001 0.330844859375 0.5665024078124999 0.3205931984375 0.5718798671875 0.31886672968749996 0.62602465 0.32802214687500003 0.6386863625 0.3398118296875 0.63472485 0.3446682921875 0.6250859171875
9 0.334554234375 0.75687391875 0.3394349359375 0.7458463078124999 0.3404584609375 0.73197316875 0.33105518125 0.6887469203125 0.32336506875 0.6816671859375 0.317067540625 0.6843354640625 0.31460295 0.6912379453125 0.3128280015625 0.7481600828125 0.321226528125 0.7594194828124999 0.334554234375 0.75687391875
11 0.24173414375000002 0.65801670625 0.23060439375000003 0.6689352390625001 0.2293627125 0.6953064734375001 0.2369801078125 0.7065522390625001 0.2391053453125 0.719091240625 0.237179490625 0.7398941296875 0.2486540625 0.753985425 0.262811378125 0.748676140625 0.26849745 0.7362734875 0.26888528125 0.71405465 0.2598510609375 0.6944495500000001 0.2592880859375 0.68193781875 0.25257301875 0.6637623015624999 0.24173414375000002 0.65801670625
11 0.2916796765625 0.07963361875 0.2983947421875 0.0978091359375 0.2954938421875 0.1297078109375 0.301548975 0.14092630781249998 0.313265940625 0.141130828125 0.320490034375 0.130144121875 0.3207809078125 0.11347999375 0.3110140359375 0.0910839046875 0.311523065625 0.061921681250000006 0.30473527968749997 0.0479121953125 0.2921402265625 0.05324874843750001 0.2916796765625 0.07963361875
10 0.2726635328125 0.27377575468750004 0.2723968984375 0.28905120625 0.2817759390625 0.33366613125 0.27994704375 0.3489143140625 0.2904708078125 0.3727127140625 0.2974525078125 0.37561278124999997 0.3070684734375 0.36188962343750003 0.30887313125000004 0.34803011875 0.29627260781250003 0.30891536406250003 0.298004546875 0.2992218921875 0.29372983124999996 0.27553256875 0.284525934375 0.265648209375 0.2726635328125 0.27377575468750004
8 0.24904972656250002 0.5970239796875 0.2554496796875 0.633252303125 0.26541046874999996 0.6445389734375 0.2763705421875 0.6433411812500001 0.284472725 0.6268134015625 0.284079425 0.6045809281250001 0.2775825140625 0.5739073140625 0.2606400265625 0.5597205765625 0.25353712968750003 0.5637638968750001 0.24938907968750001 0.5775824968750001 0.24904972656250002 0.5970239796875
8 0.4121223921875 0.297046525 0.422325575 0.2944464203125 0.42727899375 0.279252778125 0.4226836984375 0.2291649515625 0.410476475 0.2122826671875 0.40498431874999996 0.2135759015625 0.4008605078125 0.22600582500000002 0.39895889375000004 0.24542003750000002 0.401356234375 0.287134896875 0.4121223921875 0.297046525
6 0.2928360734375 0.5505588578125 0.297741015625 0.5381425703125 0.2980803671875 0.5187010859375001 0.2841114984375 0.4684496421875 0.2787647796875 0.46141081406250006 0.27251573125 0.4613017359375 0.2684646390625 0.4695656265625 0.26957182031250004 0.540429075 0.28182752187500004 0.554534003125 0.2928360734375 0.5505588578125
6 0.289921134375 0.2699096859375 0.300372178125 0.29787411874999997 0.3035936609375 0.292373946875 0.3047383828125 0.271557421875 0.290939190625 0.21158523749999997 0.28395749062500003 0.20868517031249997 0.276781875 0.21689452031249998 0.276442521875 0.2363360046875 0.28301215156250004 0.26284358750000003 0.289921134375 0.2699096859375
7 0.27914167343749996 0.35028935625 0.2713303625 0.350153009375 0.2640577890625 0.3639170703125 0.2659406328125 0.39034284375 0.27329139375 0.41686405937500004 0.26885247031250004 0.44734678906249997 0.27334534062500004 0.458538015625 0.2826461953125 0.46286766406249996 0.2936305078125 0.4602811953125 0.30012194999999997 0.44650350000000005 0.30121819375 0.428464328125 0.2883995171875 0.40184767031249996 0.289641196875 0.375476434375 0.2852695234375 0.3573418203125 0.27914167343749996 0.35028935625