6 0.6609375 0.4734375 0.03125 0.09375
4 0.353125 0.46640625 0.034375 0.1
7 0.45703125 0.48515625 0.034375 0.109375
10 0.44140625 0.75625 0.0390625 0.1046875
0 0.334375 0.76796875 0.0390625 0.1
5 0.29375 0.54609375 0.0359375 0.0875
9 0.53515625 0.5328125 0.0265625 0.06875
6 0.596875 0.4265625 0.03125 0.090625
9 0.46171875 0.6234375 0.0296875 0.075
9 0.6515625 0.62109375 0.0296875 0.075
3 0.47734375 0.415625 0.0265625 0.0703125
2 0.41640625 0.4203125 0.03125 0.0890625
9 0.721875 0.77578125 0.03125 0.078125
9 0.38046875 0.92265625 0.034375 0.0828125
9 0.58046875 0.94140625 0.0328125 0.084375
3 0.5890625 0.75390625 0.0296875 0.0734375
8 0.44609375 0.93828125 0.0390625 0.1015625
8 0.4421875 0.834375 0.0359375 0.0890625
3 0.715625 0.94921875 0.034375 0.0828125