9 0.425 0.3578125 0.0453125 0.08125
0 0.35 0.1203125 0.0515625 0.10625
9 0.25859375 0.16328125 0.04375 0.084375
5 0.71171875 0.6625 0.059375 0.1015625
7 0.4484375 0.24765625 0.0609375 0.121875
0 0.6359375 0.68515625 0.05625 0.103125
3 0.5296875 0.5046875 0.0453125 0.078125
11 0.20546875 0.165625 0.05625 0.103125
3 0.521875 0.0734375 0.04375 0.08125
9 0.340625 0.21328125 0.0453125 0.084375
11 0.321875 0.76953125 0.065625 0.1046875
9 0.40078125 0.7734375 0.0453125 0.06875
6 0.23515625 0.3234375 0.05625 0.1046875
9 0.3546875 0.55 0.0484375 0.08125
9 0.415625 0.12109375 0.0421875 0.08125
3 0.66640625 0.5578125 0.0484375 0.08125
6 0.50078125 0.40703125 0.053125 0.1015625
3 0.434375 0.62578125 0.0453125 0.078125
0 0.609375 0.18984375 0.05625 0.096875
3 0.4953125 0.16171875 0.0421875 0.078125
1 0.6734375 0.36328125 0.071875 0.1265625
0 0.640625 0.28671875 0.0640625 0.1140625