1 0.45859375 0.15 0.03125 0.11796875
8 0.32890625 0.85 0.034375 0.0828125
10 0.4078125 0.31015625 0.0328125 0.11015625
9 0.46015625 0.70234375 0.02734375 0.07734375
5 0.6171875 0.09609375 0.02734375 0.09609375
6 0.6453125 0.23515625 0.02890625 0.096875
8 0.303125 0.35234375 0.03046875 0.08671875
3 0.66171875 0.68671875 0.03046875 0.0765625
9 0.35703125 0.4296875 0.028125 0.07890625
11 0.521875 0.3328125 0.0296875 0.096875
9 0.3421875 0.615625 0.02890625 0.078125
7 0.5765625 0.1546875 0.03125 0.11796875
5 0.5859375 0.49375 0.03125 0.09453125
11 0.37109375 0.096875 0.02890625 0.09296875
4 0.30703125 0.1609375 0.034375 0.10859375
6 0.7046875 0.4984375 0.0359375 0.096875
0 0.45 0.48359375 0.0296875 0.09609375
3 0.39140625 0.60625 0.02734375 0.07421875
0 0.4625 0.25234375 0.028125 0.09765625
3 0.6984375 0.22890625 0.028125 0.0765625
2 0.60078125 0.83125 0.034375 0.08984375
2 0.64296875 0.32109375 0.03046875 0.0953125
2 0.42890625 0.98984375 0.0234375 0.01875