6 0.33671875 0.246875 0.0359375 0.1
5 0.3546875 0.10625 0.034375 0.096875
10 0.57890625 0.30390625 0.040625 0.1125
11 0.39375 0.41796875 0.0375 0.096875
9 0.55390625 0.69921875 0.0328125 0.08125
0 0.40390625 0.24921875 0.0328125 0.0953125
2 0.52421875 0.428125 0.0359375 0.09375
8 0.6953125 0.8375 0.040625 0.084375
8 0.68671875 0.33828125 0.0375 0.0890625
5 0.53046875 0.49296875 0.0375 0.096875
7 0.4078125 0.3171875 0.040625 0.11875
1 0.396875 0.1546875 0.0390625 0.11875
0 0.47265625 0.6125 0.0390625 0.0953125
3 0.35078125 0.69765625 0.0359375 0.078125
4 0.56328125 0.16484375 0.0390625 0.1125
6 0.2953125 0.51171875 0.0421875 0.096875
2 0.42265625 0.8375 0.040625 0.090625
2 0.60546875 0.984375 0.0234375 0.01875