2 0.5419045031249999 0.379582884375 0.532997396875 0.3648616703125 0.5159101875000001 0.38985642343750004 0.5090965203125 0.440845490625 0.51603194375 0.451211621875 0.5310613078124999 0.44973813125 0.53796184375 0.4336115203125 0.5419045031249999 0.379582884375
11 0.33674698593749997 0.0353924796875 0.322911028125 0.0411529609375 0.3215104109375 0.06612591875 0.32633601093750003 0.0916436 0.3216492578125 0.1093580875 0.3222374140625 0.12056309843749999 0.3278583828125 0.1280258390625 0.339532540625 0.1290471953125 0.3466061046875 0.11990669375 0.3478166015625 0.10607065625 0.3397048625 0.0732945046875 0.34276599218750003 0.06519715312499999 0.34212585624999997 0.045622428124999996 0.33674698593749997 0.0353924796875
11 0.2194763015625 0.6497316343749999 0.21639808125 0.6759520140624999 0.2250630875 0.6934404359374999 0.221638809375 0.7056885984375 0.22227894531249998 0.725263321875 0.232327478125 0.7359018125000001 0.2469417140625 0.7302094218749999 0.2528218734375 0.716781928125 0.25439551875 0.6987950781250001 0.24794429375 0.682894534375 0.24175225781249998 0.6461037515625 0.23134057812500003 0.6396160703125 0.2194763015625 0.6497316343749999
5 0.7032293421875 0.095339415625 0.6907427265625 0.130496028125 0.6951012203125 0.1434250953125 0.7080898312499999 0.14734983906250002 0.7170830984375 0.13419470625000002 0.71699623125 0.09933225 0.7234125687499999 0.088740053125 0.7254704125 0.0652187890625 0.7214059984375 0.057892228125 0.7137442765625 0.055827720312499995 0.70283130625 0.0729974828125 0.7032293421875 0.095339415625
5 0.6826551390625 0.7069848624999999 0.6745611984375001 0.7188244828125 0.6722092749999999 0.7367432390624999 0.676982896875 0.7538912078125 0.6858380234375 0.760242709375 0.69877465625 0.755797740625 0.704533765625 0.7437538484374999 0.7049140046875 0.721480009375 0.7120566390625 0.7025861890625 0.7140454140625 0.6888182406250001 0.7120217515625 0.6760934453125 0.7023883484375 0.66967385625 0.69346415 0.6730756734375001 0.6826551390625 0.7069848624999999
1 0.7123642796875 0.37637165625 0.7033019421875 0.39928010625 0.7026276234375 0.4159514421875 0.69842506875 0.4281315140625 0.685298315625 0.443713403125 0.683603621875 0.4630838546875 0.692268628125 0.480572275 0.697059340625 0.47959721406250005 0.704375003125 0.4676895046875 0.7141294578124999 0.47272549062499997 0.7186431828125001 0.4480248953125 0.7147688875 0.4295614125 0.7256818578125 0.41239165 0.7306107109375 0.3919099546875 0.7266153671875 0.374830078125 0.7214095265625 0.37158623749999997 0.7123642796875 0.37637165625
4 0.698389475 0.3388999703125 0.68334301875 0.3584964890625 0.6802128203125 0.37634715625 0.6837930359375 0.3892081328125 0.6925271125 0.3969432375 0.7053426953125 0.3938818734375 0.71374780625 0.369521728125 0.7104096890625 0.35389354375000004 0.7231384046875 0.315969725 0.72225616875 0.29916220937500004 0.7109451609375 0.293990040625 0.7033354187499999 0.30029524531249996 0.698406565625 0.320776940625 0.698389475 0.3388999703125
7 0.285574346875 0.3334556 0.2742462484375 0.3464064609375 0.2740390359375 0.3756664109375 0.2800060625 0.397101371875 0.2736246140625 0.4341863109375 0.276132475 0.441376690625 0.285765878125 0.44779628281250006 0.29780318437500003 0.4446668265625 0.30458267031249997 0.42992381875 0.30657144375 0.4161558703125 0.305205009375 0.40488277031250003 0.2977334078125 0.3916813421875 0.29640115625 0.34416218125000003 0.285574346875 0.3334556
6 0.3211493796875 0.258493134375 0.3146981546875 0.24259258906249997 0.313833009375 0.20766204375 0.308696240625 0.1946648859375 0.29719511249999997 0.20062963906250003 0.29686685156250003 0.23127319218750003 0.3149580515625 0.2844411546875 0.3198178328125 0.2737127765625 0.3211493796875 0.258493134375
9 0.364265084375 0.1869787828125 0.36497429062500003 0.19680018906250002 0.3713735375 0.204331021875 0.384967396875 0.2013377484375 0.3886337734375 0.18632237812500002 0.383566075 0.1635719046875 0.3835311859375 0.1370791609375 0.3732405546875 0.129207878125 0.36915905000000004 0.1400043453125 0.3697991859375 0.15957906875 0.364265084375 0.1869787828125
9 0.39456520624999997 0.1185257953125 0.3919704796875 0.07647295781249999 0.3869547578125 0.062092196875000005 0.38150681875000003 0.061615564062499996 0.377010184375 0.0681931328125 0.371268871875 0.1248527953125 0.387422571875 0.1374196140625 0.39179815625000003 0.1322256515625 0.39456520624999997 0.1185257953125
9 0.476631065625 0.20238630937500002 0.48057443125 0.2110964734375 0.49380514218749993 0.21225401093750002 0.5002214796875 0.2016618140625 0.499788553125 0.152827140625 0.49477283281249995 0.1384463796875 0.4852433875 0.148766215625 0.48396382187500003 0.17235556875 0.4791040390625 0.18308394687500001 0.476631065625 0.20238630937500002
9 0.348787821875 0.3459570328125 0.356622571875 0.35500765 0.36776054999999996 0.3531937078125 0.3740038578125 0.3356154015625 0.3672236671875 0.2876196078125 0.3616026984375 0.2801568671875 0.35273047968750004 0.291928396875 0.3533706171875 0.3115031203125 0.3483207140625 0.3333684171875 0.348787821875 0.3459570328125
9 0.338015109375 0.5318365671875 0.3492741375 0.5286390234375 0.3538918203125 0.5206778515625 0.35588059375 0.5069099046875001 0.34927343125 0.465900221875 0.3397610765625 0.4580970265625 0.333102640625 0.47145643125000003 0.328571825 0.5142800578125 0.3301803578125 0.52278595 0.338015109375 0.5318365671875
9 0.3363211203125 0.613945821875 0.3386730421875 0.5960270624999999 0.331996809375 0.5647706968749999 0.32661793906250003 0.5545407453125 0.3160161390625 0.5591899859375 0.311053103125 0.6159177390624999 0.3179885265625 0.6262838703125 0.330804109375 0.6232225046875 0.3363211203125 0.613945821875
9 0.321777365625 0.7353625 0.3240082390625 0.71882734375 0.3184214515625 0.67511854375 0.309566325 0.66876704375 0.3008151578125 0.67915496875 0.2966303984375 0.7359508140625 0.3043441 0.746385034375 0.31626035625000004 0.7446391828125 0.321777365625 0.7353625
9 0.4520231015625 0.4567651265625 0.46381830781250005 0.45640287968750004 0.468435990625 0.44844170937500005 0.47004381874999995 0.3942088015625 0.466100453125 0.3854986359375 0.4598742359375 0.3849539125 0.4541151265625 0.3969978046875 0.44551989687500004 0.43249486875 0.444966628125 0.44778260000000003 0.4520231015625 0.4567651265625
8 0.44273363750000005 0.27610134999999997 0.4425428109375 0.2244994703125 0.430764696875 0.2067386875 0.42519570624999997 0.20764565781250002 0.41919449843749995 0.22245675625 0.4159090671875 0.2779370875 0.422723440625 0.2896868203125 0.43607520156249996 0.2894607546875 0.44273363750000005 0.27610134999999997
8 0.24458767343750001 0.559911775 0.242892978125 0.5792822281250001 0.24688832187499998 0.59636210625 0.24675018125 0.6158687390625001 0.2574559421875 0.627958925 0.269493246875 0.6248294703124999 0.2750102578125 0.6155527875 0.2773621796875 0.5976340296875 0.2729687984375 0.5582122203125001 0.25705719843749997 0.54287819375 0.24866917968750002 0.5491153062499999 0.24458767343750001 0.559911775
6 0.272068765625 0.4967889328125 0.2666557140625 0.5228050421875 0.27113525625 0.5343505046875 0.2777766015625 0.539114128125 0.29071323437499996 0.5346691609375 0.29702561250000004 0.5073375375 0.28630205625 0.45063157968749995 0.2766686515625 0.44421198906250003 0.270373365625 0.4534205828125 0.2681424921875 0.4699557375 0.272068765625 0.4967889328125
3 0.5240233375 0.548110178125 0.5299554765625001 0.5430523968750001 0.535247478125 0.5184198921875 0.5317534234375 0.47768256875 0.5265475828125 0.474438728125 0.51971611875 0.4808120234375 0.5096853828125 0.5147893031249999 0.5072124109375 0.534091665625 0.511813003125 0.544253525 0.5240233375 0.548110178125
3 0.49372462656250005 0.7420407703125 0.50449945625 0.744377640625 0.5130085265625 0.736756921875 0.5170380515625 0.7175907406250001 0.5131288703125 0.672634515625 0.50403164375 0.669050225 0.499656059375 0.6742441859375 0.495142334375 0.6989447828124999 0.489262175 0.7123722781249999 0.4878095796875 0.7289755234374999 0.49372462656250005 0.7420407703125
3 0.6431353296875 0.6477595578125 0.647337884375 0.6355794859375 0.649118740625 0.5883326875 0.637565634375 0.5859277265625 0.6224501078125 0.6152775625 0.6189567593749999 0.6372790421875 0.623315253125 0.6502081093750001 0.634747309375 0.6539966734375 0.6431353296875 0.6477595578125
3 0.5784151625 0.45527525156250004 0.5891899921875 0.457612121875 0.59602145625 0.4512388265625 0.6002930828124999 0.42930543749999994 0.5983555828125 0.38870429687499997 0.5915931875 0.385324275 0.5864393265625 0.390450146875 0.580905225 0.41784985937499997 0.5743678390625 0.42982566093749996 0.572500115625 0.44221000468750005 0.5784151625 0.45527525156250004
3 0.625612371875 0.37296443125 0.6303340140625 0.3817426859375 0.64110884375 0.38407955625 0.648061359375 0.37632265781249996 0.6514856375 0.3640744953125 0.648925796875 0.3485144015625 0.6524191453125 0.326512921875 0.6503954843749999 0.3137881265625 0.6401568328125 0.3142865546875 0.6348648296875 0.3389190609375 0.62706496875 0.3563611859375 0.625612371875 0.37296443125
3 0.6067236874999999 0.1496350046875 0.6051500421875 0.167621853125 0.596329803125 0.18776309687499998 0.5942199796875001 0.2029146453125 0.601155403125 0.213280778125 0.6104947296875001 0.21409786249999999 0.6165479171875 0.20765647656250003 0.61919391875 0.1953402234375 0.616513028125 0.1811637328125 0.620732675 0.1508606328125 0.6175675875 0.14221855625 0.6113413703125 0.14167383281249998 0.6067236874999999 0.1496350046875
3 0.5316815296875 0.236480678125 0.531301290625 0.25875451875 0.5239856265625 0.2706622296875 0.521754753125 0.28719738437500003 0.52557706875 0.297291153125 0.53958605625 0.29851678125 0.54612344375 0.2865409796875 0.5466767124999999 0.27125325 0.542733346875 0.2625430828125 0.5458115671875 0.23632270156250001 0.544081984375 0.2292004125 0.537198540625 0.22720399531250002 0.5316815296875 0.236480678125
3 0.6504624375 0.11581840624999999 0.6484736640625 0.129586353125 0.6515177015625 0.13961203125 0.663070809375 0.142016990625 0.6697812234375 0.1370272984375 0.672842353125 0.1289299484375 0.6698673859375 0.109150953125 0.6731706140625 0.09828639375 0.6731357265625 0.0717936515625 0.66637333125 0.06841363125 0.662118796875 0.07222398906250001 0.6561004968749999 0.10515811875 0.6504624375 0.11581840624999999
0 0.6793989484375 0.287047521875 0.6862133218750001 0.29879725625 0.6969881531250001 0.3011341265625 0.7048399937500001 0.29206171406250003 0.70883463125 0.246402790625 0.7134003359375 0.23007190624999999 0.712102971875 0.20904548906249998 0.7059978046875 0.20711716249999998 0.699045290625 0.2148740609375 0.69368421875 0.24925988281250003 0.68097259375 0.2690606734375 0.6793989484375 0.287047521875
0 0.6902107843749999 0.5040935390625 0.6773781109375 0.5252779328125 0.678018246875 0.5448526578124999 0.6872885015625 0.555423059375 0.6950712718750001 0.5561039625 0.706399371875 0.5431531015625 0.7083881453124999 0.529385153125 0.7060704046875 0.511057853125 0.7121926625 0.49486315156250005 0.712815003125 0.469822103125 0.7060526078125 0.46644208125000003 0.698200765625 0.47551449375 0.6934620328125 0.48485926875 0.6902107843749999 0.5040935390625
2 0.6861477812500001 0.62224458125 0.683795859375 0.6401633390625 0.6880333015625 0.654476009375 0.6961101515625 0.6607594203125 0.70826850625 0.6562463609375 0.71480589375 0.6442705609375 0.722916925 0.614307909375 0.7236603140625 0.5878832593750001 0.71971695 0.5791730937499999 0.7136117828125 0.5772447656249999 0.698634396875 0.58708796875 0.695746296875 0.6021714296875 0.6861477812500001 0.62224458125
10 0.3125021703125 0.2856204859375 0.31096270625 0.267361275 0.30217665 0.2512564578125 0.2916958984375 0.2545220953125 0.2880985921875 0.2597841484375 0.28688809531250004 0.2736201859375 0.29378933749999997 0.320232375 0.2910222859375 0.3339322328125 0.29717943281250003 0.344230271875 0.3003965 0.361242059375 0.3083003203125 0.3605393609375 0.31537388437499997 0.3513988578125 0.3191613125 0.334999884375 0.317915928125 0.322343178125 0.3092509203125 0.3048547578125 0.3125021703125 0.2856204859375