9 0.246875 0.74765625 0.0390625 0.0796875
4 0.65 0.484375 0.04375 0.103125
6 0.34375 0.45390625 0.0375 0.096875
7 0.54296875 0.49140625 0.04375 0.1109375
10 0.5265625 0.76171875 0.0484375 0.1078125
0 0.63203125 0.78671875 0.0484375 0.103125
9 0.33515625 0.603125 0.0375 0.0765625
5 0.69921875 0.57109375 0.04375 0.0890625
9 0.46015625 0.52890625 0.0328125 0.06875
9 0.52265625 0.6265625 0.0359375 0.078125
6 0.41328125 0.415625 0.0375 0.09375
3 0.53203125 0.41953125 0.0328125 0.0734375
9 0.365625 0.928125 0.040625 0.0859375
2 0.59296875 0.43125 0.0390625 0.090625
9 0.5671875 0.934375 0.0421875 0.084375
0 0.4109375 0.58828125 0.0484375 0.11875
8 0.5 0.94140625 0.0484375 0.1046875
3 0.3796875 0.740625 0.0359375 0.078125
8 0.5171875 0.83984375 0.04375 0.090625
3 0.23125 0.91953125 0.0421875 0.0859375