5 0.4396406328125 0.6036034546875 0.4400984484375 0.616480025 0.44476804062499997 0.6245721640624999 0.4562307078125 0.627008628125 0.46857726875 0.6140138796875 0.475729496875 0.5615772671875 0.4724192125 0.53957488125 0.4614319578125 0.5386593859375 0.4545367609375 0.54855310625 0.44981437968750004 0.574527765625 0.4396406328125 0.6036034546875
5 0.4098160296875 0.056275475 0.3993535171875 0.08670970156249999 0.4033434546875 0.10175696406250001 0.41585906718750004 0.10299732187499999 0.42562432968749997 0.09087381875 0.42309581874999996 0.0576782640625 0.4308749109375 0.032353328125000004 0.4254587390625 0.0127431578125 0.41389395 0.014544739062500001 0.40986881875 0.022208676562499998 0.406301503125 0.042749181250000004 0.4098160296875 0.056275475
3 0.4843111109375 0.14168585 0.48400474843749997 0.15439998906250002 0.4756657203125 0.1710864 0.474017646875 0.186355184375 0.4786872390625 0.194447325 0.48709319375 0.196234065625 0.49570339218750004 0.1895447140625 0.49887982031250006 0.1746007921875 0.495467415625 0.15683645468750002 0.49930589999999997 0.146293009375 0.5000031500000001 0.1279822859375 0.4903576046875 0.12451214531250002 0.4843111109375 0.14168585
3 0.4224306109375 0.4252955015625 0.427100203125 0.433387640625 0.43808745781249997 0.4343031359375 0.4475639546875 0.4235381703125 0.44939867343750006 0.41114889374999997 0.44936693906249997 0.369964540625 0.44593693593749995 0.3635558015625 0.439534746875 0.3636148921875 0.42418080625 0.4057886703125 0.4224306109375 0.4252955015625
3 0.5285595796875 0.2604248 0.52090020625 0.2701560890625 0.518385834375 0.28950048906250003 0.523055425 0.297592628125 0.537676925 0.296440771875 0.54411430625 0.27367048125000004 0.5410751921875 0.2616651578125 0.546850515625 0.2344943921875 0.5388354468750001 0.227111065625 0.53136271875 0.2397218625 0.5285595796875 0.2604248
3 0.45971695625000003 0.5354550171875 0.47318339062500003 0.5397373125 0.48045187812499995 0.5356026078125 0.48602296093749997 0.5169079328125 0.4846143234375 0.5009894265625 0.48731534062500004 0.48452453437500004 0.48408957968750005 0.46963970312500003 0.48055745625 0.46746900937499997 0.4727114375 0.4743207921875 0.45888585 0.5168194328125 0.45971695625000003 0.5354550171875
3 0.48033938281250005 0.7315273109375 0.48519562031249996 0.7424989578125001 0.495894109375 0.7447729921875 0.506134784375 0.7341704578125 0.509599978125 0.717867996875 0.5123361890625 0.67869190625 0.5089061874999999 0.67228316875 0.5017398203125001 0.672179828125 0.48180081093749993 0.71337901875 0.48033938281250005 0.7315273109375
3 0.44367583125000004 0.0961307 0.4467149453125 0.108136025 0.4581776125 0.11057248906249999 0.4652594546875 0.103558275 0.46814711718749996 0.08997289375 0.46492135625 0.0750880625 0.47146085937500004 0.0480797265625 0.46860839062500004 0.0389539109375 0.4624949671875 0.0376544625 0.45646607031249997 0.0434725671875 0.45182821406249996 0.0765647796875 0.44367583125000004 0.0961307
2 0.5007500390625 0.447622478125 0.50993776875 0.43821605156250004 0.517854175 0.3859418703125 0.5079550562499999 0.36111906718750003 0.4951330828125 0.37259284843749996 0.48300489999999996 0.42965145781249997 0.488234428125 0.44638212031249996 0.5007500390625 0.447622478125
2 0.25591745781249997 0.5247941984375 0.2507196640625 0.5492478890625 0.25319884375 0.5526146890625 0.2511598828125 0.5734800578125 0.25857982343749997 0.5949360593749999 0.2718596125 0.5963388484375 0.2792302203125 0.5879660953125 0.284885828125 0.576388975 0.28729807812499997 0.5612826234375 0.2842589640625 0.5492773 0.285058334375 0.5267285296875001 0.2743774421875 0.513098896875 0.2649185421875 0.5125082625 0.25591745781249997 0.5247941984375
0 0.3774424765625 0.167247415625 0.373075790625 0.210336690625 0.3674201828125 0.22191381250000003 0.3646170453125 0.2426167484375 0.3689978703125 0.2520674265625 0.382566425 0.2521116765625 0.390989978125 0.2425428171875 0.3939797609375 0.22471938906250002 0.389412290625 0.212389203125 0.3930147984375 0.169137496875 0.3878697953125 0.1595243890625 0.3829959625 0.15990834062499998 0.3774424765625 0.167247415625
0 0.356898271875 0.7223281015625 0.3625186875 0.7334621796875 0.3706358765625 0.7366074593749999 0.3786685421875 0.7326351859375 0.3879583921875 0.7189907125 0.391969384375 0.6587868234375 0.3875040359375 0.642218590625 0.382154790625 0.6410815734375 0.373442471875 0.6520089718750001 0.35730675624999997 0.7053759187499999 0.356898271875 0.7223281015625
1 0.3285775125 0.3144716890625 0.32064696718749996 0.3142059171875 0.3113571171875 0.327850390625 0.3102689796875 0.35175769687499997 0.31520974062499996 0.36984689843749996 0.30552900312500003 0.38908795625 0.3032012765625 0.4113118625 0.3108254578125 0.4242917734375 0.322576890625 0.42536969999999996 0.3341592765625 0.41221251875 0.339254946875 0.39199687499999997 0.3365045984375 0.37863301250000003 0.330493296875 0.37309551875 0.3345536203125 0.3427203828125 0.333722515625 0.32408479843750004 0.3285775125 0.3144716890625
4 0.34051904843749997 0.25453357187500003 0.341212840625 0.3001184 0.3337401109375 0.31272919843749997 0.33446909687500004 0.335602828125 0.3376103328125 0.34337010625 0.3537601875 0.3425431109375 0.3618949734375 0.3343327921875 0.36593770000000003 0.31531325468750004 0.36099693906249997 0.2972240546875 0.3634619796875 0.2480509015625 0.35773944375 0.24115486874999997 0.34617465625 0.24295645000000002 0.34051904843749997 0.25453357187500003
9 0.5908171359375001 0.226800775 0.600751446875 0.22891237812499998 0.6083087 0.2234191328125 0.612351428125 0.204399596875 0.61084066875 0.1927191359375 0.6170914046875 0.1670693375 0.616242703125 0.1597893546875 0.6099426343750001 0.1556103984375 0.6030474375 0.16550411874999998 0.5875913749999999 0.21191594375 0.5908171359375001 0.226800775
9 0.6675836953125 0.3879495953125 0.670622809375 0.39995491875 0.6795041765625001 0.4032626296875 0.6885897859375001 0.398094246875 0.6926149171875 0.39043031093749997 0.693210046875 0.376357634375 0.701380025 0.3454361140625 0.6993938546875 0.3322346828125 0.6932804328125 0.330935234375 0.68906865625 0.3357196640625 0.669605059375 0.3784398265625 0.6675836953125 0.3879495953125
9 0.6968512062500001 0.24649917656250003 0.7010453859375 0.2530703484375 0.710979696875 0.2551819515625 0.7177727734375 0.24952627500000002 0.730767253125 0.18839205 0.7232275968749999 0.18252969531250002 0.7164345203125 0.18818536875 0.71191638125 0.2056839375 0.6976329796875 0.2353060078125 0.6968512062500001 0.24649917656250003
9 0.714430753125 0.1863395375 0.7314469078125 0.181436928125 0.7435750890625 0.1243783171875 0.7427263875000001 0.1170983328125 0.7361375531250001 0.114277915625 0.7271364671875 0.1265638515625 0.71120499375 0.17145470625 0.714430753125 0.1863395375
9 0.544681465625 0.46264006249999995 0.5528831796875 0.47290289375 0.5618666671875 0.47197255781249997 0.5692372765625 0.4635998078125 0.5719382937499999 0.44713491562499996 0.573910325 0.40779639375 0.5712445015625 0.4015500875 0.564078134375 0.40144674687500004 0.5566054046875 0.41405754375 0.544681465625 0.46264006249999995
9 0.63576661875 0.5714556109375 0.6463629875 0.577967690625 0.65813201875 0.5676900171875 0.669105134375 0.5160655625 0.6634847203125 0.5049314828125 0.6554520546875 0.5089037578125 0.6360905781249999 0.5473858734375 0.633678328125 0.562492225 0.63576661875 0.5714556109375
9 0.6257760609374999 0.667306359375 0.6363724296875 0.6738184390625 0.648141459375 0.6635407671875 0.6586391640625 0.610395340625 0.64985991875 0.6028495828125 0.6406721875 0.6122560125 0.625913375 0.6403571125 0.6232123578125 0.6568220046875 0.6257760609374999 0.667306359375
9 0.60114640625 0.7756645640625 0.60342134375 0.78750745625 0.6158348328125001 0.792985859375 0.62655091875 0.7839042953125 0.6376261578125 0.7280417906250001 0.6367774546875 0.7207618078125 0.631241565625 0.7167452812499999 0.6221559562500001 0.7219136640625 0.603269890625 0.7619167484375 0.60114640625 0.7756645640625
11 0.67703944375 0.7605579421875001 0.672419184375 0.78229455625 0.6751695328125 0.7956584171875 0.68776966875 0.8040163281250001 0.7021199984375001 0.792867409375 0.7049231359375 0.7721644734375 0.709814565625 0.760424921875 0.7197664734375 0.751180925 0.7244888546875 0.725206265625 0.7161004953125001 0.712063925 0.704246940625 0.7152240453125 0.6936153796875 0.7314231625 0.69025230625 0.7434875765625 0.67703944375 0.7605579421875001
11 0.75810860625 0.180004459375 0.7626760765625 0.1923346453125 0.77413874375 0.194771109375 0.782562296875 0.1852022515625 0.7869113859375 0.153468578125 0.7975429484375 0.1372694578125 0.80302950625 0.1114572296875 0.7919577265625 0.10342417968749999 0.7821924625000001 0.115547684375 0.776128371875 0.1440769890625 0.7615738015625 0.163702 0.75810860625 0.180004459375
10 0.720414084375 0.3949192890625 0.7190547781250001 0.40882953437499997 0.72533725 0.42436408906249995 0.7327923828125 0.42310889218750003 0.7483998984375 0.402287775 0.7500479703125 0.387018990625 0.7692228015625 0.3456573671875 0.77239923125 0.3307134453125 0.7626691609375 0.3201257484375 0.7514776640624999 0.327686346875 0.7419835703125 0.34980691249999996 0.7414905625 0.3596415421875 0.720414084375 0.3949192890625
8 0.6856531 0.6899730390625 0.6960628234375 0.6936056109375001 0.7083072640625 0.6848489078125 0.7226927875 0.650988790625 0.7267355140625 0.6319692531250001 0.7258022875 0.617571715625 0.7197909859375 0.612034221875 0.7000914125000001 0.622046121875 0.6868609546875 0.6504720859375 0.6814765171875 0.6720462687500001 0.6856531 0.6899730390625
8 0.6219231296875 0.3171876890625 0.6312799078125 0.32201636875 0.6439997609375 0.3147806359375 0.655719459375 0.274674209375 0.65823383125 0.2553298109375 0.6570118390624999 0.2422908109375 0.6519513609375001 0.23979525468750001 0.6362593203125 0.25349882031250004 0.620514490625 0.3012691828125 0.6219231296875 0.3171876890625
6 0.6884948890625 0.58266335 0.6904810593749999 0.59586478125 0.70031325 0.6022144296875 0.7154277578125 0.5912279421875 0.73244736875 0.52242978125 0.7303590765625 0.513466396875 0.7242456546875 0.5121669484375 0.7174525796875 0.5178226218749999 0.6925376156249999 0.5636438125 0.6884948890625 0.58266335
6 0.739979803125 0.34796108124999997 0.7564536171875 0.32306434687499996 0.7647750484375 0.3177335359375 0.7771392078125 0.2933831859375 0.7811819359375 0.2743636484375 0.7760369328125 0.26475054062500003 0.7685818 0.2660057375 0.7416454734375 0.321336696875 0.7380781578125 0.34187720312500003 0.739979803125 0.34796108124999997
7 0.728256646875 0.451963059375 0.709779065625 0.475013959375 0.7067892828125 0.4928373890625 0.7100150421875 0.5077222203125 0.720136 0.51271333125 0.73017243125 0.5105868890624999 0.7370676281249999 0.50069316875 0.739599596875 0.46999316875 0.752727934375 0.44580525 0.760507025 0.42048031718749995 0.7565170875 0.405433053125 0.748875309375 0.40380874375 0.74131805625 0.4093019875 0.732979028125 0.42598839999999993 0.728256646875 0.451963059375