0 0.32890625 0.23359375 0.0328125 0.0984375
3 0.37890625 0.0890625 0.0265625 0.078125
7 0.7125 0.40859375 0.0390625 0.1171875
9 0.54296875 0.17734375 0.025 0.078125
3 0.47578125 0.50703125 0.028125 0.0765625
8 0.60078125 0.50390625 0.0328125 0.090625
8 0.59453125 0.25625 0.0296875 0.0875
10 0.59921875 0.40390625 0.034375 0.1125
9 0.5484375 0.4328125 0.025 0.065625
9 0.54140625 0.33828125 0.0265625 0.08125
4 0.31484375 0.32578125 0.0390625 0.1078125
6 0.59921875 0.69375 0.034375 0.096875
0 0.41484375 0.7078125 0.0359375 0.1
3 0.4875 0.25859375 0.0265625 0.0796875
9 0.65546875 0.5109375 0.0296875 0.078125
5 0.33359375 0.08046875 0.0328125 0.0953125
3 0.5359375 0.70625 0.0296875 0.075
11 0.74140625 0.71484375 0.040625 0.0984375
1 0.30078125 0.40703125 0.04375 0.11875
2 0.48359375 0.40390625 0.03125 0.0921875
6 0.71640625 0.26171875 0.0328125 0.1
3 0.42421875 0.16796875 0.0265625 0.0765625
3 0.4203125 0.4125 0.028125 0.075
2 0.28359375 0.59609375 0.040625 0.090625
9 0.65546875 0.18359375 0.025 0.078125
5 0.47578125 0.5875 0.0328125 0.0921875
9 0.665625 0.7390625 0.03125 0.0640625
11 0.7078125 0.103125 0.0328125 0.096875
9 0.65625 0.11640625 0.0234375 0.071875