1 0.36328125 0.09921875 0.04375 0.1234375
5 0.5296875 0.5953125 0.0421875 0.0953125
11 0.3453125 0.45 0.04375 0.1
9 0.34921875 0.53046875 0.0375 0.0796875
7 0.48515625 0.24375 0.0453125 0.115625
4 0.5515625 0.31328125 0.046875 0.1109375
6 0.5140625 0.40859375 0.040625 0.1
9 0.30703125 0.13359375 0.034375 0.084375
11 0.3890625 0.3421875 0.040625 0.09375
3 0.45234375 0.421875 0.034375 0.078125
3 0.4171875 0.615625 0.0359375 0.0765625
9 0.38203125 0.1921875 0.0359375 0.0828125
3 0.65625 0.5796875 0.0390625 0.078125
3 0.52421875 0.09375 0.03125 0.0765625
9 0.46875 0.1140625 0.03125 0.0796875
0 0.403125 0.1046875 0.0375 0.1015625
5 0.69296875 0.3796875 0.0453125 0.0953125
3 0.48515625 0.17734375 0.0296875 0.0796875