1 0.4984375 0.07734375 0.0546875 0.1234375
5 0.503125 0.6 0.05 0.096875
11 0.63046875 0.40234375 0.0515625 0.1015625
9 0.65234375 0.4796875 0.04375 0.08125
7 0.43046875 0.253125 0.0546875 0.1171875
4 0.38984375 0.340625 0.0546875 0.1125
6 0.45703125 0.41796875 0.05 0.1015625
9 0.56328125 0.090625 0.040625 0.084375
11 0.553125 0.31484375 0.0484375 0.0953125
3 0.51953125 0.41015625 0.040625 0.0796875
3 0.615625 0.58203125 0.0421875 0.078125
9 0.51171875 0.17109375 0.0421875 0.084375
3 0.378125 0.6265625 0.0453125 0.0796875
3 0.3453125 0.12421875 0.0375 0.0765625
9 0.4046875 0.125 0.0390625 0.08125
0 0.4625 0.0953125 0.0453125 0.103125
5 0.278125 0.44921875 0.053125 0.096875
3 0.409375 0.18984375 0.0359375 0.0796875