5 0.452716628125 0.6101871671875 0.4547402890625 0.6229119625 0.46036125781250004 0.6303747046875 0.472035415625 0.6313960609375 0.48270628593750003 0.6169935046874999 0.4834147875 0.5640761109375 0.4774477609375 0.5426411484375 0.46643083125 0.5430714875 0.460792771875 0.5537317749999999 0.45927110625 0.5800883359375 0.452716628125 0.6101871671875
5 0.35641183125000003 0.070573590625 0.349736303125 0.10205602656249999 0.3555303015625 0.11650487812500002 0.368103784375 0.11621072031249999 0.376318775 0.102987496875 0.3697635921875 0.070347525 0.374398365625 0.044263325 0.3666326859375 0.025459392187500002 0.3553736578125 0.0286569375 0.352312528125 0.036754287499999996 0.3512750609375 0.057576434375 0.35641183125000003 0.070573590625
3 0.44076054375 0.1462686640625 0.44200592812500006 0.1589253703125 0.4357626203125 0.176503675 0.435987628125 0.19185949687499998 0.441608596875 0.19932224062499998 0.4501696453125 0.20007123437500002 0.4579004359375 0.192382425 0.45923198281250005 0.177162784375 0.453680084375 0.1599467265625 0.4562050359375 0.14901407656250001 0.4546655734375 0.130754865625 0.4446690203125 0.1284860859375 0.44076054375 0.1462686640625
3 0.4139046140625 0.43530566718749997 0.4195255828125 0.442768409375 0.4305425109375 0.4423380703125 0.4386364515625 0.4304984515625 0.43894762187499997 0.4179779265625 0.43389701406250003 0.3771044234375 0.42971155000000005 0.3711614671875 0.42336428281250005 0.372000346875 0.413264478125 0.41573094218750006 0.4139046140625 0.43530566718749997
3 0.4991498296875 0.25873001875 0.49273349218750007 0.269322215625 0.4925953515625 0.28882884999999997 0.4982163203125 0.2962915921875 0.5125884562499999 0.293366409375 0.5162028546874999 0.269981325 0.5117233125 0.2584358625 0.5141443046874999 0.2307637890625 0.505289178125 0.2244122875 0.4994090203125 0.23783978281249998 0.4991498296875 0.25873001875
3 0.4643381 0.5401000093749999 0.4782260375 0.5427092390625 0.484936453125 0.5377195484375 0.48818770312500004 0.5184852765625 0.48484958593750005 0.50285709375 0.4855239046875 0.4861857578125 0.480508184375 0.471804996875 0.47673784843749994 0.47008094062500005 0.4697853328125 0.477837840625 0.4612420828125 0.5217046171875 0.4643381 0.5401000093749999
3 0.5087020124999999 0.73219756875 0.514859159375 0.7424956078125 0.5257550375 0.7434488734375 0.5346272562500001 0.7316773453125001 0.5360798515625 0.7150740984375 0.5340213015625 0.6758565609375 0.5298358375000001 0.6699136046875 0.52271029375 0.67068439375 0.5079408265625001 0.7140064484375 0.5087020124999999 0.73219756875
3 0.39487637656249996 0.1060052703125 0.39935591875 0.11755073281249999 0.41103007500000005 0.118572090625 0.4172043125 0.11074710000000001 0.41841480937500003 0.0969110625 0.4133990890625 0.08253030156249999 0.416598359375 0.0549263171875 0.41265499375000003 0.046216153125 0.4064287765625 0.0456714296875 0.4011538671875 0.052180904687499995 0.40058350625 0.08559166562500001 0.39487637656249996 0.1060052703125
2 0.494361234375 0.44792148593750003 0.502334125 0.43746547031249994 0.503820903125 0.384616165625 0.49097043281249997 0.3611847875 0.479642334375 0.37413565000000004 0.47455824843750005 0.43224700625 0.4817877515625 0.4482156421875 0.494361234375 0.44792148593750003
2 0.2607584640625 0.554355565625 0.2585795703125 0.5792604328125 0.2614505796875 0.5823000031250001 0.261969665625 0.6032583296875 0.271949128125 0.6236501390625 0.2853008890625 0.6234240718749999 0.291596175 0.614215478125 0.29579873125 0.60203540625 0.296352 0.586747675 0.2918724578125 0.5752022125 0.289917865625 0.5527241 0.2776555515625 0.5404977328125 0.2681951765625 0.5410642515624999 0.2607584640625 0.554355565625
0 0.3378036625 0.18466370781250002 0.3387207859375 0.2279639671875 0.33451823125 0.24014403906249998 0.334259040625 0.2610342765625 0.339758959375 0.269880621875 0.35323177031249997 0.26827095 0.360426384375 0.25774684375 0.36122175156249997 0.23969190624999998 0.35518565468749996 0.2280102625 0.3534902546875 0.1846419125 0.34721205781250003 0.1757274765625 0.3424213453125 0.1767025375 0.3378036625 0.18466370781250002
0 0.3850599109375 0.738110615625 0.391995334375 0.7484767453125001 0.4004353328125 0.75060934375 0.40792402499999997 0.74568774375 0.4154817875 0.7310128265625 0.412125875 0.6707688703125 0.40567465 0.654868325 0.40022670937499993 0.6543916921874999 0.392911046875 0.6662994015625 0.38339939843750004 0.7212350109375001 0.3850599109375 0.738110615625
1 0.30724505625 0.336745734375 0.2993412359375 0.337448434375 0.291783471875 0.3521233515625 0.29361701406249996 0.3759850671875 0.30072546718750004 0.3933373078125 0.2934617828125 0.4136147296875 0.29385981875 0.43595666250000004 0.30300902500000004 0.4479106671875 0.31480423125 0.44754842031250003 0.324696825 0.43307777343750004 0.327290846875 0.41239180781250007 0.322932353125 0.399462740625 0.316291009375 0.39469911562500004 0.31661926875 0.36405556250000004 0.3135232515625 0.3456601703125 0.30724505625 0.336745734375
4 0.3117929625 0.2757990796875 0.3180369765625 0.320959575 0.3121568171875 0.3343870703125 0.31566796406250003 0.35700136250000003 0.319732378125 0.364327925 0.33566106875 0.361538921875 0.3427346328125 0.35239841875 0.344429328125 0.33302796562500003 0.33732087499999996 0.3156757265625 0.33377484218750003 0.266568690625 0.327254546875 0.2604214625 0.31599551875 0.2636190078125 0.3117929625 0.2757990796875
9 0.5568455875 0.2177693359375 0.566963190625 0.2186545109375 0.5737946546875 0.21228121562500002 0.57548935 0.1929107625 0.5725663625 0.18150148125 0.5756445828125 0.1552811 0.5739149984374999 0.1481588109375 0.5671526046875 0.1447787890625 0.5615145453125 0.1554390765625 0.5518298671874999 0.20338857500000002 0.5568455875 0.2177693359375
9 0.6526790421875 0.3683614875 0.6571585843750001 0.37990694999999997 0.6663768609375 0.3821076390625 0.6747648796875 0.3758705234375 0.677826009375 0.3677731734375 0.6767016734375 0.35373286406250004 0.6810423703125 0.3220461578125 0.6774621546875 0.30918518125 0.6712359375 0.3086404578125 0.6676386296875 0.3139025125 0.6535263890625 0.35867625937500003 0.6526790421875 0.3683614875
9 0.664489928125 0.22439860625 0.66945366875 0.2304096546875 0.679571271875 0.2312948296875 0.6856244593749999 0.22485344375 0.69107169375 0.16259127499999998 0.68287379375 0.1576914703125 0.67682060625 0.1641328546875 0.6744686843750001 0.18205161406249998 0.6639017703125 0.2131935953125 0.664489928125 0.22439860625
9 0.674606825 0.16254497968749998 0.6908986640625 0.1556051671875 0.69598275 0.0974938078125 0.6942531671875 0.09037151875 0.687369721875 0.0883751015625 0.679933009375 0.101666415625 0.6695911046874999 0.14816421875000002 0.674606825 0.16254497968749998
9 0.539795384375 0.4574732359375 0.5491866890625 0.466660034375 0.5579898375 0.4646418203125 0.5642851249999999 0.455433228125 0.5649594437500001 0.4387618921875 0.562122615625 0.3994762640625 0.5587154296875 0.393601396875 0.5515898859374999 0.3943721875 0.5457097265625 0.4077996828125 0.539795384375 0.4574732359375
9 0.643462884375 0.5543772031249999 0.6547738921875 0.5595493703125001 0.6652026640625001 0.5479140203124999 0.66980255 0.4953370796875 0.6628671265625 0.48497094843750005 0.655378434375 0.48989255 0.6408510656249999 0.530447396875 0.640297796875 0.545735128125 0.643462884375 0.5543772031249999
9 0.6452280609375001 0.6507310359375 0.65653906875 0.6559032046875 0.666967840625 0.64426785625 0.6709105 0.5902392187500001 0.6612770968749999 0.583819628125 0.6533042046875 0.5942756453125 0.6420800640625 0.6239659328125 0.6414057453125 0.64063726875 0.6452280609375001 0.6507310359375
9 0.6339875359375 0.7612831546875001 0.6376888015625 0.772760528125 0.6506774125 0.7766852734375 0.6602068578125 0.7663654375 0.664391615625 0.7095695921875 0.6626620328125 0.702447303125 0.656677915625 0.699135371875 0.6482898968749999 0.7053724875 0.6344197546875 0.7473790265625 0.6339875359375 0.7612831546875001
11 0.70747384375 0.737040103125 0.70553705 0.7591777625 0.70989554375 0.772106828125 0.7234203328125 0.7788668703125 0.7363049859374999 0.7660521890624999 0.7365641765625 0.745161953125 0.7399884546875 0.732913790625 0.748739621875 0.7225258640625001 0.7502612890625 0.696169303125 0.74033380625 0.6841472078125 0.728953728125 0.6887283562500001 0.7203755890625 0.706102390625 0.7185078640625 0.718486734375 0.70747384375 0.737040103125
11 0.7171870578124999 0.15093413125 0.7232231546875 0.162615775 0.7348973109375 0.16363713124999998 0.742091925 0.15311302499999999 0.7425412359375 0.1210858671875 0.751119375 0.1037118328125 0.7534193171875 0.07742336093749999 0.7414510828124999 0.0707995 0.7332360921875 0.0840227234375 0.73069405 0.1130784015625 0.718639653125 0.1343308875 0.7171870578124999 0.15093413125
10 0.7059650343749999 0.36884082500000004 0.7063110921875 0.3828130421875 0.714439921875 0.397466165625 0.7216865140625 0.395311771875 0.7346402375000001 0.3727437734375 0.7344152296875001 0.3573879515625 0.7484064203125 0.3139978078125 0.7497379671875 0.29877816562500004 0.7387901078125 0.28945518593749997 0.7286034359375 0.298323328125 0.721875928125 0.32143605000000003 0.7225851359375 0.33125745625 0.7059650343749999 0.36884082500000004
8 0.707421159375 0.6659315875 0.7181959890625 0.6682684562500001 0.7292819890625 0.6580848031250001 0.7394337734375 0.62272391875 0.74112846875 0.6033534656249999 0.7384475796875 0.589176978125 0.731806234375 0.5844133515625 0.7134736421875 0.5967514 0.70380605625 0.6265778671875 0.7010909843750001 0.6486474390625 0.707421159375 0.6659315875
8 0.5987351171874999 0.303691653125 0.6086106203125 0.30734403593750004 0.620353846875 0.2986120765625 0.6270984453125 0.25737632499999996 0.6272365859375 0.2378696921875 0.6244346468749999 0.22507680625 0.61910775625 0.22321656875 0.6052027265625 0.23873036875000003 0.595397 0.2880634703125 0.5987351171874999 0.303691653125
6 0.6971640046875 0.5590754421875 0.7007442203124999 0.57193641875 0.7112769515624999 0.5770404953125 0.72493988125 0.564293903125 0.7334482437500001 0.493934384375 0.73028315625 0.4852923109375 0.7240569390625 0.48474758749999997 0.7180037515625 0.49118897187500005 0.6988586999999999 0.5397049890625001 0.6971640046875 0.5590754421875
6 0.719662146875 0.319848175 0.73297901875 0.29312936562499997 0.7405887609375 0.2868241609375 0.7498931984375 0.261148503125 0.75158789375 0.24177805000000002 0.7453096968749999 0.2328636140625 0.7380631046875 0.2350180078125 0.7180707046875 0.2932192515625 0.7170332375 0.314041396875 0.719662146875 0.319848175
7 0.7207010265625 0.42450363125 0.705170371875 0.4496345640625 0.704375003125 0.4676895046875 0.709390725 0.482070265625 0.7200445046875 0.4857907390625 0.729746978125 0.4824570125 0.7353850390625001 0.47179672500000003 0.7341567453125 0.44101698906250003 0.7442394593749999 0.415409421875 0.748874234375 0.3893252234375 0.7430802359374999 0.374876371875 0.735297465625 0.37419546875 0.728466 0.3805687625 0.7222226921875 0.39814707031249996 0.7207010265625 0.42450363125