6 0.3828125 0.221875 0.0390625 0.1015625
5 0.42578125 0.08671875 0.0375 0.0984375
10 0.61171875 0.32109375 0.04375 0.1140625
11 0.41015625 0.40078125 0.040625 0.096875
9 0.51875 0.70546875 0.0359375 0.08125
0 0.44921875 0.2359375 0.0359375 0.0953125
2 0.5359375 0.4328125 0.0390625 0.0953125
8 0.63359375 0.865625 0.0421875 0.0859375
8 0.71171875 0.37265625 0.040625 0.0890625
5 0.53125 0.4984375 0.040625 0.0984375
7 0.44140625 0.30390625 0.0453125 0.11875
1 0.45859375 0.1421875 0.0421875 0.11875
0 0.45390625 0.60625 0.0421875 0.0953125
3 0.31875 0.66875 0.0390625 0.0796875
4 0.62109375 0.18125 0.0421875 0.1125
6 0.296875 0.4765625 0.0453125 0.0984375
2 0.36484375 0.81875 0.04375 0.0921875
2 0.51953125 0.9921875 0.0234375 0.015625