0 0.57890625 0.246875 0.028125 0.096875
4 0.4140625 0.1703125 0.03125 0.109375
1 0.46640625 0.1640625 0.03046875 0.1171875
5 0.61640625 0.09765625 0.028125 0.09609375
2 0.5296875 0.24140625 0.028125 0.090625
6 0.51328125 0.409375 0.02890625 0.09765625
11 0.6 0.41015625 0.0296875 0.0953125
0 0.534375 0.61015625 0.03203125 0.09453125
3 0.6625 0.68515625 0.03046875 0.0765625
6 0.69609375 0.24375 0.03359375 0.09921875
8 0.4171875 0.5125 0.03046875 0.084375
7 0.40859375 0.39375 0.034375 0.11640625
9 0.8328125 0.93515625 0.0390625 0.0734375
2 0.60078125 0.83125 0.034375 0.08984375
8 0.32890625 0.85078125 0.03515625 0.084375
10 0.4078125 0.3078125 0.03203125 0.1109375
2 0.42890625 0.98984375 0.0234375 0.01875
9 0.5578125 0.99140625 0.021875 0.0171875