9 0.74453125 0.75625 0.0359375 0.0796875
4 0.35078125 0.47890625 0.040625 0.1015625
6 0.6578125 0.459375 0.034375 0.0953125
7 0.45703125 0.48984375 0.040625 0.109375
10 0.4640625 0.7609375 0.0453125 0.1078125
0 0.35859375 0.78203125 0.04375 0.1015625
9 0.6609375 0.60859375 0.034375 0.075
5 0.2984375 0.5640625 0.040625 0.0890625
9 0.5390625 0.53046875 0.0296875 0.06875
9 0.47265625 0.62578125 0.034375 0.0765625
6 0.58984375 0.41875 0.0359375 0.0921875
3 0.47109375 0.41796875 0.0296875 0.0734375
9 0.61953125 0.9328125 0.0390625 0.0859375
2 0.409375 0.428125 0.0359375 0.090625
9 0.4171875 0.93203125 0.0390625 0.084375
0 0.5859375 0.59140625 0.04375 0.1171875
8 0.484375 0.94140625 0.04375 0.103125
3 0.61171875 0.74453125 0.034375 0.0765625
8 0.47109375 0.8390625 0.040625 0.0890625
3 0.75390625 0.92890625 0.0390625 0.0859375