9 0.49375 0.18125 0.03125 0.0625
9 0.65546875 0.48671875 0.0390625 0.08125
9 0.53671875 0.425 0.0328125 0.06875
9 0.515625 0.33359375 0.0359375 0.08125
11 0.6421875 0.07578125 0.04375 0.0984375
11 0.77265625 0.67578125 0.05 0.1015625
7 0.69609375 0.37734375 0.053125 0.1203125
6 0.6765625 0.23046875 0.0453125 0.103125
10 0.58359375 0.39140625 0.0484375 0.1140625
0 0.4484375 0.71875 0.046875 0.103125
5 0.48828125 0.59296875 0.0421875 0.09375
2 0.30078125 0.628125 0.05 0.09375
3 0.47734375 0.51015625 0.0375 0.0796875
3 0.45 0.2640625 0.0359375 0.08125
3 0.56796875 0.696875 0.0390625 0.0796875
1 0.2890625 0.4390625 0.0578125 0.1234375
4 0.28984375 0.35625 0.0515625 0.1125
0 0.2890625 0.26328125 0.04375 0.103125
5 0.2703125 0.11171875 0.04375 0.0984375
3 0.31640625 0.11328125 0.0359375 0.08125
6 0.62890625 0.67578125 0.04375 0.1
8 0.6 0.48828125 0.0421875 0.09375
8 0.55546875 0.24453125 0.0390625 0.0890625
2 0.46796875 0.4078125 0.0421875 0.0953125
3 0.3734375 0.184375 0.0359375 0.078125
3 0.4078125 0.4265625 0.0375 0.078125
9 0.6046875 0.16328125 0.0328125 0.0796875
9 0.7 0.7109375 0.0375 0.0671875
9 0.59453125 0.0921875 0.0328125 0.078125