0 0.56015625 0.5984375 0.053125 0.0984375
8 0.42421875 0.534375 0.05 0.090625
10 0.3640625 0.3375 0.059375 0.115625
4 0.3359375 0.2 0.05625 0.1125
2 0.4671875 0.240625 0.0484375 0.09375
5 0.51640625 0.08203125 0.05 0.1
11 0.57578125 0.3890625 0.053125 0.0984375
6 0.628125 0.203125 0.05625 0.103125
3 0.8640625 0.69140625 0.053125 0.08125
9 0.92734375 0.8421875 0.0546875 0.0796875
2 0.840625 0.90859375 0.053125 0.05
8 0.41875 0.88125 0.053125 0.0890625
2 0.678125 0.796875 0.0546875 0.096875
2 0.5484375 0.98984375 0.025 0.0203125
9 0.9296875 0.89921875 0.03125 0.0234375
9 0.67578125 0.9625 0.0234375 0.021875