9 0.48046875 0.51484375 0.0421875 0.0765625
7 0.64296875 0.6265625 0.0640625 0.121875
5 0.5640625 0.5609375 0.0515625 0.0953125
9 0.346875 0.49296875 0.04375 0.078125
2 0.54296875 0.3078125 0.05 0.09375
10 0.66875 0.48671875 0.0625 0.1109375
3 0.33984375 0.41640625 0.0421875 0.075
9 0.678125 0.7890625 0.05 0.0859375
6 0.5203125 0.446875 0.05 0.0953125
3 0.4234375 0.6890625 0.0453125 0.078125
8 0.48359375 0.83671875 0.0578125 0.10625
8 0.3046875 0.62265625 0.0515625 0.090625
3 0.446875 0.4 0.0421875 0.075