9 0.4140625 0.1578125 0.0390625 0.08125
8 0.36484375 0.1390625 0.0484375 0.0953125
3 0.684375 0.2046875 0.0375 0.0765625
2 0.73671875 0.20859375 0.0421875 0.0796875
2 0.7484375 0.1703125 0.040625 0.0765625
9 0.40625 0.2359375 0.0390625 0.0828125
6 0.284375 0.47265625 0.0515625 0.0984375
8 0.253125 0.56015625 0.053125 0.0921875
9 0.38203125 0.3078125 0.040625 0.08125
11 0.2171875 0.659375 0.059375 0.1046875
5 0.66875 0.73359375 0.0546875 0.096875
0 0.69296875 0.5328125 0.0484375 0.0921875
9 0.34453125 0.48046875 0.04375 0.0828125
1 0.7125 0.44921875 0.0625 0.121875
7 0.30234375 0.36953125 0.0578125 0.1109375
9 0.3171875 0.5734375 0.04375 0.08125
2 0.69140625 0.63828125 0.053125 0.09375
3 0.62265625 0.6296875 0.0421875 0.078125
6 0.33671875 0.21875 0.046875 0.09375
3 0.65546875 0.3625 0.0390625 0.0765625
4 0.7171875 0.3671875 0.0578125 0.1125
9 0.290625 0.6875 0.0453125 0.0875
9 0.36640625 0.39765625 0.040625 0.0828125
10 0.325 0.2890625 0.0546875 0.109375
3 0.653125 0.44453125 0.040625 0.075
3 0.6046875 0.7265625 0.04375 0.08125
3 0.63828125 0.540625 0.0421875 0.078125
3 0.703125 0.1234375 0.0390625 0.08125
3 0.66953125 0.27734375 0.0390625 0.078125
11 0.37890625 0.0671875 0.0484375 0.1
9 0.4265625 0.08984375 0.0390625 0.084375
5 0.7484375 0.125 0.0484375 0.1015625
0 0.72265625 0.2734375 0.0484375 0.1015625
2 0.7296875 0.33984375 0.0328125 0.0515625
2 0.6921875 0.18203125 0.021875 0.0328125
2 0.646875 0.52265625 0.0234375 0.0359375
2 0.6609375 0.42734375 0.0234375 0.034375
2 0.6296875 0.6140625 0.0234375 0.034375
2 0.7046875 0.6109375 0.01875 0.0265625