3 0.278270425 0.15777373125 0.28685969375 0.167194121875 0.2987268875 0.163028940625 0.30097086093750003 0.1553837671875 0.286757815625 0.121604125 0.28238376718749997 0.10265804062499999 0.2777767 0.09659455312500001 0.2706132296875 0.09682294999999999 0.26778409999999997 0.1088794859375 0.2770776453125 0.135242346875 0.278270425 0.15777373125
3 0.29680057031249996 0.2276176734375 0.30220857031250004 0.2406233625 0.3090993171875 0.24615961875 0.320654078125 0.240641146875 0.32182439218750003 0.231818425 0.3179388453125 0.21846125 0.307026190625 0.2024501453125 0.30403823281250003 0.1860349015625 0.2958977578125 0.1750854765625 0.2901203765625 0.1778447125 0.2889500625 0.186667434375 0.298243609375 0.21303029843750002 0.29680057031249996 0.2276176734375
3 0.3201535578125 0.314878665625 0.32825432499999996 0.31871014531249997 0.33752540781249996 0.31371890156250004 0.3395933109375 0.3018381109375 0.336020196875 0.28983422812500004 0.3167512890625 0.251520134375 0.3077529328125 0.2507467234375 0.307695984375 0.267864940625 0.31537042187500003 0.3045795609375 0.3201535578125 0.314878665625
3 0.330952315625 0.3651262046875 0.330582934375 0.380891128125 0.338314321875 0.40048753281250005 0.34565386249999996 0.4044947546875 0.35492494531249996 0.3995035125 0.35793014375 0.3916825953125 0.3541809609375 0.37544309375 0.337820596875 0.3393083546875 0.331691078125 0.3335963546875 0.3251524703125 0.336531334375 0.3242945875 0.3467073484375 0.330952315625 0.3651262046875
3 0.35419140625 0.486623628125 0.361627603125 0.4806305796875 0.36369550624999997 0.4687497875 0.35980995937500004 0.4553926125 0.3382573734375 0.4176057484375 0.3279126328125 0.4214194421875 0.33826259687500004 0.473196015625 0.34488061718749996 0.4844969265625 0.35419140625 0.486623628125
3 0.3521684328125 0.56121263125 0.3618710671875 0.5789285140625 0.3688981765625 0.5815824468749999 0.378930484375 0.5764154609375 0.3809983875 0.56453466875 0.377249203125 0.5482951671875 0.36727384375 0.5363439375 0.3552478234375 0.5120373375 0.3480843515625 0.5122657328125 0.3447667203125 0.5187333578125 0.3521684328125 0.56121263125
3 0.381730353125 0.6684215140624999 0.3948472765625 0.6696695015625 0.40013615468749997 0.6613213546875001 0.40130646875 0.6524986328125 0.3950975359375 0.63255074375 0.37573197343750003 0.6042369203125 0.3650748015625 0.606697321875 0.3646657125 0.6153443015625 0.3746635375 0.6586496390625001 0.381730353125 0.6684215140624999
3 0.40270300625 0.76621000625 0.4120137953125 0.768336709375 0.4194499921875 0.7623436609375001 0.42227912187500005 0.750287125 0.41821750468749996 0.73269433125 0.3969773515625 0.6962607609375 0.3887402203125 0.69531160625 0.3851101578125 0.7004259390625001 0.3926879390625 0.7471408312500001 0.40270300625 0.76621000625
11 0.6080403765625 0.1101487859375 0.614715346875 0.10433148125 0.6207257453125 0.088689646875 0.6137158781250001 0.0617995546875 0.616681371875 0.04686069375 0.61043273125 0.0197948578125 0.5965545828125001 0.0187226140625 0.5934130203125 0.0294258578125 0.5979631375000001 0.0526075609375 0.597752584375 0.09684426406249999 0.6080403765625 0.1101487859375
11 0.7758801156249999 0.68433155 0.7837081578125 0.6939276828125001 0.7978987390625 0.6963532171875 0.8068176812500001 0.6828907390625 0.8008814734374999 0.6571781953125 0.8045287796875 0.6278277015625 0.7980074140625 0.60652651875 0.7869981015625 0.600515684375 0.7760682046875 0.6087407406249999 0.7759146 0.6358592265625 0.770881203125 0.66267888125 0.7758801156249999 0.68433155
5 0.2167991578125 0.09641810625 0.22152534531249998 0.12383542656249999 0.252155703125 0.1766315921875 0.2582058078125 0.1681077015625 0.2532068953125 0.14645503437500001 0.242430603125 0.127561603125 0.23971537031249998 0.10538170468750001 0.23417100781250003 0.0952583421875 0.226519034375 0.089897828125 0.2167991578125 0.09641810625
5 0.317889196875 0.728773921875 0.3279042640625 0.7478430984375 0.3327668140625 0.7723780921875 0.3387599703125 0.7809724203124999 0.3549217984375 0.781517434375 0.3593130890625 0.7762273578125 0.3627273765625 0.7597594609375 0.35790453437499997 0.7423424125 0.34792917343749996 0.73039118125 0.341583878125 0.7133256171875 0.3295975640625 0.6961369640624999 0.31454909999999997 0.703887440625 0.317889196875 0.728773921875
8 0.738257134375 0.5804091312499999 0.7463976078125001 0.59135855625 0.761485778125 0.590726021875 0.7665985875 0.5781422578125001 0.7656388265625 0.542728278125 0.755407984375 0.5123055390625 0.7492784640625 0.5065935390625 0.7450235375 0.5090012890625 0.732923325 0.5260490671875 0.73468401875 0.5684052484375 0.738257134375 0.5804091312499999
8 0.6216907296875 0.1796938953125 0.635705240625 0.17788381250000002 0.6400568234375 0.1654757921875 0.6345866515624999 0.113998053125 0.629491084375 0.10234565625 0.6213506093750001 0.09139623125 0.61018769375 0.112503884375 0.6130392890625 0.13180145468749999 0.6111871609375 0.155035809375 0.6216907296875 0.1796938953125
2 0.2268194484375 0.1710775484375 0.22953467968750002 0.1932574453125 0.2415607015625 0.2175640453125 0.247633271875 0.2403942609375 0.26580605468749996 0.2461767 0.271504021875 0.229181575 0.2674821125 0.2187067265625 0.253308775 0.19204502968749998 0.25049688593749997 0.179865403125 0.23542595937500002 0.156261778125 0.2287509890625 0.16207908124999998 0.2268194484375 0.1710775484375
2 0.292678859375 0.6091570187500001 0.29074731875 0.618155484375 0.294848640625 0.6428662234375 0.30874925468750003 0.675292571875 0.31765095625 0.6860662546875 0.3289329921875 0.6863124359375 0.3352955296875 0.6791418375 0.337812228125 0.6657320109375 0.332676953125 0.6469616703125001 0.321003071875 0.63112630625 0.31541900156249997 0.6138849984375 0.3082555296875 0.6141133953125 0.29845623906249996 0.6063977828125 0.292678859375 0.6091570187500001
0 0.25110973125 0.262398415625 0.2609884359375 0.2843499171875 0.267901646875 0.3212402796875 0.27801336875 0.330309184375 0.2875968828125 0.3266712328125 0.29239726093749996 0.3127341765625 0.28757441875 0.295317128125 0.27361685625 0.28000899375 0.2639711703125 0.24517489375 0.2540355171875 0.24034160937500001 0.2493317953125 0.24427839218749997 0.25110973125 0.262398415625
0 0.284743715625 0.4983806234375 0.28853260625 0.5217380687500001 0.29640035625 0.5384521484375 0.29960408906249997 0.5662209546875 0.3051484515625 0.5763443171875 0.3146353109375 0.5827066375000001 0.32784888749999996 0.5739543515625 0.330053153125 0.5591912328124999 0.3250939484375 0.5446565109375 0.3108239546875 0.527995084375 0.30631354375000003 0.511931328125 0.29830943125 0.4980995765625 0.2876125515625 0.49344203281250004 0.284743715625 0.4983806234375
4 0.253165615625 0.3303440515625 0.25092164375000003 0.337989225 0.25310866718749997 0.34746226562500004 0.260527621875 0.3657053796875 0.2697417546875 0.37783235312499996 0.270934534375 0.4003637359375 0.2826481234375 0.42331704375 0.29500381875000004 0.42474077499999996 0.302576378125 0.41586539843750003 0.30433184999999996 0.40263131406249997 0.29906021250000003 0.3867432984375 0.28112044687500004 0.3680782625 0.2788937171875 0.3514872765625 0.2697762390625 0.3293600296875 0.2624366984375 0.3253528078125 0.253165615625 0.3303440515625
10 0.654825765625 0.2989066609375 0.6550415421875 0.3102602234375 0.6616992703125 0.328679078125 0.669663675 0.3353928859375 0.6775883734375 0.3349887484375 0.67885534375 0.316165753125 0.683519359375 0.30511102343749996 0.67762285625 0.28651642499999996 0.67877070625 0.246339596875 0.6756463859374999 0.2328066796875 0.6624897578125 0.2244407484375 0.6546444734375 0.23908077656249999 0.6552123890625 0.258905575 0.661421321875 0.278853465625 0.654825765625 0.2989066609375
6 0.642425140625 0.23477471875 0.6458618921875 0.24966092812500001 0.65216748125 0.259608546875 0.6628591390625 0.2086758234375 0.6626036546875 0.190204315625 0.6577808125 0.172787265625 0.64618634375 0.1711877921875 0.6436299390625 0.177479675 0.6433002640625001 0.20036254375 0.6469130859375001 0.2194843703125 0.642425140625 0.23477471875
6 0.701531740625 0.47342864375 0.7082291765625001 0.49896544531250003 0.717579671875 0.508210090625 0.729446865625 0.5040449125 0.7339348109375 0.488754565625 0.725090059375 0.4608626671875 0.7255958031249999 0.44221541562500005 0.718137140625 0.416854359375 0.7095875781250001 0.41455191406249997 0.7042987 0.42290005781250006 0.70365659375 0.44442963750000003 0.7064684812500001 0.45660926249999995 0.701531740625 0.47342864375
7 0.6797978625 0.37581589375 0.6798772765625001 0.390051784375 0.6925281609375 0.4170649671875 0.70488385625 0.4184886984375 0.7130812796875 0.41231990625000003 0.7150128203125 0.40332144062499997 0.7027710234375 0.367661278125 0.706009240625 0.3469577640625 0.70280550625 0.31918895625 0.689921603125 0.305058371875 0.6799290015625 0.3173433015625 0.68129785 0.344110303125 0.6870182828125 0.35846928437500003 0.6797978625 0.37581589375
9 0.6857722046875 0.5996533453125 0.697054240625 0.5998995265625 0.694551265625 0.5748882 0.6918170875 0.5355391890625001 0.6812565703125 0.5279993203125 0.675382534375 0.5407588265625 0.674058615625 0.5767000375 0.6779441625 0.5900572125 0.6857722046875 0.5996533453125
1 0.2643959265625 0.40329871562499997 0.25772095625 0.40911601875 0.255340621875 0.41964352031249996 0.2575276453125 0.42911656249999997 0.26539539375 0.445830640625 0.277518071875 0.46013696875 0.27656353437500003 0.4803132546875 0.2852322171875 0.503969534375 0.2876125515625 0.49344203281250004 0.2986218640625 0.49945286875 0.30385379375 0.5082229375 0.31052876406249996 0.5024056328125 0.31255696093749996 0.48340689687499994 0.30728532343750004 0.46751888125 0.29350383125 0.456446365625 0.28764703593749996 0.44496971093750004 0.284346646875 0.4272011765625 0.27325792031249996 0.4069544515625 0.2643959265625 0.40329871562499997
9 0.7280419593749999 0.71675719375 0.734364790625 0.7024686515624999 0.7221799421874999 0.6496902718750001 0.7135906734375 0.6402698828125 0.7046320234375 0.6466144171875 0.704909971875 0.69644003125 0.7167599234375001 0.7165110125 0.7280419593749999 0.71675719375
9 0.6550796765625 0.5083851296875 0.6668105062499999 0.507102275 0.6719233171875 0.4945185109375 0.660988196875 0.4471533 0.656829925 0.43956077968749996 0.6536089484375001 0.43602813281249997 0.6458603203125 0.4406678890625 0.642565153125 0.47848962031250003 0.6472516328125 0.49878899531250004 0.6550796765625 0.5083851296875
9 0.64304843125 0.42848826406249996 0.6480248796875 0.4187868265625 0.632306621875 0.3611225078125 0.6222346062499999 0.35917155 0.6188203203125 0.375639446875 0.623938353125 0.41864594843749997 0.6339137125 0.4305971796875 0.64304843125 0.42848826406249996
9 0.6045278609375 0.327623915625 0.6115946765625 0.33739579218750004 0.6218030546875 0.336464425 0.6283019546874999 0.32641149999999997 0.6273249515625 0.3152336796875 0.6192811328125 0.294283984375 0.6168783328125 0.2734573796875 0.6087378578125 0.2625079546875 0.603409271875 0.26373815624999997 0.600404071875 0.271559071875 0.6020284046875 0.31679758125 0.6045278609375 0.327623915625
9 0.59901798125 0.26902823124999997 0.6029207703125 0.2581492453125 0.590599559375 0.2082531921875 0.582010290625 0.198832803125 0.5755113890625 0.2088857265625 0.5780730171874999 0.2581841109375 0.5865259234375 0.2704868265625 0.59901798125 0.26902823124999997
9 0.5706488390625 0.18435073125 0.5786132453125 0.1910645390625 0.5881967593749999 0.18742658750000002 0.5910258890625 0.175370053125 0.5774549484375 0.12006083281249999 0.5739215421874999 0.1151748953125 0.5685929546875 0.116405096875 0.5650025984375 0.128637375 0.5667632921875 0.17099355624999998 0.5706488390625 0.18435073125
9 0.5751315625 0.11347011874999999 0.5616969859375 0.0552785734375 0.5517613328125 0.050445285937499994 0.5484834078125 0.06403085625 0.550556534375 0.10774033125 0.5607079640625 0.1239271796875 0.5751315625 0.11347011874999999