3 0.61953125 0.715625 0.0453125 0.08125
7 0.328125 0.56328125 0.0625 0.1203125
10 0.44921875 0.2953125 0.0546875 0.115625
0 0.5109375 0.61484375 0.0515625 0.0984375
1 0.64296875 0.52421875 0.0609375 0.11875
4 0.48359375 0.15859375 0.053125 0.1125
2 0.58359375 0.25234375 0.0453125 0.0921875
5 0.6984375 0.1328125 0.046875 0.0984375
8 0.41640625 0.49765625 0.046875 0.0890625
6 0.7453125 0.2890625 0.053125 0.103125
11 0.61640625 0.43203125 0.05 0.0984375
2 0.5296875 0.8453125 0.053125 0.096875
8 0.26015625 0.80703125 0.0515625 0.0890625
9 0.734375 0.9765625 0.053125 0.046875
9 0.45546875 0.990625 0.0234375 0.01875
2 0.328125 0.9640625 0.0265625 0.0234375