6 0.29140625 0.2828125 0.053125 0.103125
5 0.2828125 0.140625 0.0515625 0.1
10 0.53984375 0.29296875 0.0609375 0.115625
11 0.38046875 0.43984375 0.053125 0.0984375
9 0.590625 0.68515625 0.046875 0.0828125
0 0.3578125 0.271875 0.05 0.096875
2 0.509375 0.42421875 0.053125 0.096875
8 0.75546875 0.79375 0.0546875 0.0890625
8 0.65234375 0.30546875 0.053125 0.0921875
5 0.52890625 0.4875 0.0546875 0.1
7 0.375 0.3375 0.0625 0.1203125
1 0.3328125 0.18046875 0.059375 0.1203125
0 0.49453125 0.615625 0.0546875 0.0984375
3 0.39140625 0.72265625 0.05 0.08125
4 0.4984375 0.159375 0.059375 0.1140625
6 0.3015625 0.55078125 0.059375 0.1015625
2 0.48828125 0.84609375 0.05625 0.0953125
2 0.6953125 0.95546875 0.025 0.0234375