3 0.68046875 0.66796875 0.0390625 0.0796875
7 0.35625 0.61328125 0.0515625 0.1171875
10 0.38828125 0.32109375 0.04375 0.1140625
0 0.5453125 0.60625 0.0421875 0.096875
1 0.64296875 0.47890625 0.05 0.1171875
4 0.37890625 0.18046875 0.0421875 0.1109375
2 0.503125 0.2390625 0.0375 0.0921875
5 0.57578125 0.0890625 0.0375 0.0984375
8 0.4203125 0.5234375 0.0390625 0.0875
6 0.66796875 0.22421875 0.04375 0.1015625
11 0.58984375 0.39921875 0.040625 0.096875
2 0.63515625 0.81875 0.04375 0.09375
8 0.36640625 0.865625 0.0421875 0.0875
9 0.8765625 0.896875 0.046875 0.0765625
9 0.609375 0.9828125 0.0234375 0.01875
2 0.4796875 0.9921875 0.025 0.015625