9 0.27421875 0.77265625 0.03046875 0.07734375
4 0.64765625 0.46875 0.03359375 0.1
6 0.33984375 0.4703125 0.028125 0.09375
7 0.5421875 0.48671875 0.0328125 0.1078125
10 0.55390625 0.7578125 0.0375 0.1046875
0 0.6609375 0.77109375 0.0375 0.09921875
9 0.346875 0.61953125 0.0296875 0.0734375
5 0.70546875 0.55 0.034375 0.08671875
9 0.46328125 0.5328125 0.02578125 0.0671875
9 0.5359375 0.6234375 0.02890625 0.075
6 0.4046875 0.425 0.02890625 0.090625
3 0.5234375 0.41640625 0.025 0.07109375
9 0.4109375 0.93984375 0.0328125 0.08359375
2 0.58515625 0.421875 0.03046875 0.08828125
9 0.6125 0.925 0.03359375 0.08203125
0 0.4203125 0.596875 0.0359375 0.11484375
8 0.54609375 0.9390625 0.0375 0.10078125
3 0.40546875 0.7515625 0.02890625 0.075
8 0.55234375 0.8359375 0.034375 0.0875
3 0.2765625 0.9453125 0.03359375 0.08359375