11 0.428125 0.61953125 0.0515625 0.0953125
6 0.6046875 0.5765625 0.0515625 0.096875
0 0.52109375 0.2328125 0.0484375 0.1
3 0.55 0.15546875 0.0421875 0.0796875
4 0.4328125 0.34296875 0.0546875 0.1140625
7 0.4578125 0.246875 0.0578125 0.1203125
3 0.6640625 0.56328125 0.0453125 0.0796875
9 0.2703125 0.15546875 0.0421875 0.084375
1 0.32265625 0.11640625 0.0578125 0.125
3 0.50078125 0.634375 0.04375 0.0796875
11 0.390625 0.4453125 0.0515625 0.1
5 0.53984375 0.5921875 0.0515625 0.096875
9 0.42890625 0.11875 0.0390625 0.0796875
9 0.3546875 0.546875 0.04375 0.0796875
5 0.5703125 0.3890625 0.05 0.096875
9 0.35 0.20546875 0.0421875 0.0828125
3 0.4828125 0.0953125 0.0390625 0.078125
3 0.44453125 0.42734375 0.0421875 0.0796875