9 0.4921875 0.3390625 0.0390625 0.0796875
0 0.52421875 0.0921875 0.04375 0.1046875
9 0.4234375 0.09296875 0.0375 0.0828125
5 0.6234375 0.73671875 0.053125 0.1
7 0.56015625 0.24921875 0.0515625 0.1203125
0 0.5453125 0.725 0.05 0.1015625
3 0.525 0.5171875 0.0390625 0.078125
11 0.375 0.07265625 0.0484375 0.1015625
3 0.7 0.12265625 0.0375 0.08125
9 0.4765625 0.17265625 0.0390625 0.0828125
11 0.225 0.66875 0.0578125 0.103125
9 0.29453125 0.70546875 0.040625 0.0671875
6 0.334375 0.228125 0.0484375 0.1046875
9 0.34765625 0.484375 0.0421875 0.0796875
9 0.58359375 0.12109375 0.0359375 0.0796875
3 0.6265625 0.6234375 0.0421875 0.0796875
6 0.53984375 0.415625 0.0453125 0.1
3 0.3875 0.58671875 0.0390625 0.0765625
0 0.73046875 0.265625 0.0484375 0.096875
3 0.63828125 0.19140625 0.0375 0.078125
1 0.71484375 0.44921875 0.0625 0.1265625
0 0.7171875 0.36640625 0.05625 0.1125