9 0.6046875 0.3 0.040625 0.0640625
9 0.65390625 0.46953125 0.0484375 0.08125
9 0.6875 0.559375 0.0484375 0.0828125
9 0.721875 0.671875 0.05 0.0875
7 0.6875 0.3546875 0.065625 0.115625
10 0.65859375 0.27890625 0.059375 0.10625
6 0.64453125 0.21171875 0.053125 0.1
6 0.71328125 0.45703125 0.05625 0.0984375
8 0.75 0.54296875 0.059375 0.09375
11 0.79296875 0.6390625 0.0640625 0.1046875
11 0.58984375 0.06015625 0.0546875 0.1015625
9 0.54375 0.08359375 0.0421875 0.08125
3 0.478125 0.5125 0.0453125 0.0796875
3 0.53203125 0.70390625 0.046875 0.08125
2 0.45703125 0.4109375 0.053125 0.096875
3 0.421875 0.271875 0.04375 0.0796875
3 0.3984375 0.4375 0.04375 0.0765625
3 0.33515625 0.3734375 0.04375 0.0796875
3 0.3875 0.640625 0.046875 0.078125
2 0.31875 0.6515625 0.059375 0.0953125
0 0.31015625 0.5453125 0.05625 0.096875
1 0.2828125 0.46328125 0.0703125 0.125
4 0.27421875 0.38203125 0.065625 0.1171875
0 0.2625 0.290625 0.0546875 0.103125
5 0.225 0.14375 0.053125 0.0984375
5 0.34765625 0.74453125 0.0609375 0.0984375
3 0.2703125 0.1375 0.04375 0.08125
3 0.3359375 0.2015625 0.0421875 0.078125
9 0.525 0.41328125 0.0453125 0.0828125
9 0.45234375 0.178125 0.04375 0.08125
9 0.56171875 0.15078125 0.04375 0.08125
9 0.52421875 0.23828125 0.05 0.0921875