3 0.66191663125 0.1364674 0.66494745 0.143836134375 0.6771850140625 0.1467380390625 0.6847425312500001 0.13647143125 0.6835736046875 0.113938796875 0.6900605718749999 0.0867489140625 0.6859866890624999 0.07505415 0.6788385859375 0.075575790625 0.6748905640625 0.08208763125 0.6725208828125 0.1013871390625 0.66191663125 0.1364674
3 0.6620699796875 0.1672712515625 0.6608142499999999 0.1839088984375 0.6516349906250001 0.2009729765625 0.649166934375 0.21466312968749998 0.6512530640625 0.22331518906249997 0.6633213640625 0.227595628125 0.669595665625 0.2213694203125 0.6736145765625 0.20786968906249997 0.6706546453125 0.1935130625 0.6771416125 0.166323178125 0.6750554828124999 0.15767111875 0.6690213328125 0.1555308984375 0.6620699796875 0.1672712515625
3 0.6518548843749999 0.3017509578125 0.659510775 0.2970937078125 0.663191159375 0.2863510484375 0.6669858328125 0.24903535781250002 0.6651398562499999 0.23201686875 0.6562716359375 0.23372662812499997 0.6411132 0.27384498125 0.6388144062500001 0.286156596875 0.6421128625 0.29775615 0.6518548843749999 0.3017509578125
3 0.6299693296875 0.3774256265625 0.633775575 0.38488957031250004 0.643517596875 0.388884378125 0.6503980609375 0.3841319171875 0.6560387125 0.3638347125 0.654023471875 0.34819476250000003 0.658719434375 0.32918088437500004 0.65680256875 0.3191502890625 0.649992990625 0.3169148578125 0.6444941156249999 0.3232362765625 0.6320004859374999 0.3608831890625 0.6299693296875 0.3774256265625
3 0.652649109375 0.4683674625 0.658049609375 0.4564366875 0.66293075 0.4038618859375 0.6522440390625001 0.4011504046875 0.6347593234375 0.44098312812499996 0.6322912671875 0.45467327968750004 0.6355897234375 0.4662728328125 0.6436116281250001 0.47145575781250004 0.652649109375 0.4683674625
3 0.628393875 0.5633416375 0.638911321875 0.5674316562499999 0.6456225250000001 0.5640577312499999 0.6534201937499999 0.5454246953124999 0.656341065625 0.5024044375 0.65236555625 0.49631903125 0.645217453125 0.4968406734375 0.63579804375 0.52227118125 0.6271265734375 0.5351996484375 0.62509541875 0.551742084375 0.628393875 0.5633416375
3 0.622311978125 0.65774858125 0.6352265953125 0.6551363390625 0.6412332593750001 0.6446793109375 0.6466496734375 0.6005661484375 0.645338971875 0.5920093 0.6344829984375 0.590676353125 0.6181831234375 0.6208593234374999 0.614093325 0.6413469468749999 0.616179453125 0.6499990046875 0.622311978125 0.65774858125
3 0.6155530312499999 0.7576696703125 0.6245905140625 0.754581375 0.6325574453125 0.7345698031250001 0.6352106796875 0.6873187265625 0.6310659078125 0.6826118546875 0.622973115625 0.6844168234375 0.6056576625 0.722871009375 0.60345724375 0.7407919828125 0.6075311265625001 0.7524867453125 0.6155530312499999 0.7576696703125
11 0.34110265 0.076086609375 0.3369419640625 0.10356212499999999 0.3445544546875 0.1184900140625 0.35180093125 0.12357772656249999 0.3606416640625 0.109270721875 0.3558082703125 0.065298359375 0.3579103140625 0.04176803125 0.35366716875000004 0.0314518046875 0.3399771265625 0.033968835937500004 0.336591865625 0.0615395625 0.34110265 0.076086609375
11 0.2105010953125 0.6589593734375 0.21719638125000001 0.687767834375 0.21398038593750002 0.713960025 0.22425768124999998 0.726416471875 0.2381169875 0.7225209046875001 0.244899078125 0.7121590875 0.24760728593749998 0.6901025046875 0.2397980453125 0.6639559046875 0.23681062812499998 0.6370020328125 0.225080853125 0.6299645203125 0.21476015624999997 0.6370932125000001 0.2105010953125 0.6589593734375
5 0.7376292359375001 0.0967875671875 0.7394636421875 0.069026421875 0.7291154578125 0.063557865625 0.7220657296875 0.0696888640625 0.71760991875 0.08033631249999999 0.7172279921875 0.10267852656250001 0.708485634375 0.1225948875 0.7057774265625001 0.1446514671875 0.712685378125 0.1524962546875 0.7376292359375001 0.0967875671875
5 0.6666487328125 0.7261618140625 0.6636728875 0.743987575 0.668789834375 0.76000836875 0.6737100328125 0.7648104515624999 0.6897263546875 0.76257905 0.6947883296875 0.7534053484375 0.6970596359375001 0.728496484375 0.7050265671875 0.7084849125 0.7057470218749999 0.6833856265625 0.68997085 0.6772506 0.6798469015624999 0.695598003125 0.675320203125 0.7132333453124999 0.6666487328125 0.7261618140625
8 0.2430299578125 0.605581328125 0.2494301203125 0.617561721875 0.264501753125 0.6166136468750001 0.27145310624999996 0.60487329375 0.2737519 0.5925616765624999 0.271075521875 0.550253484375 0.25725961875 0.5345639125 0.252776321875 0.5326141140625 0.247277446875 0.53893553125 0.2402826921875 0.5702610265625 0.2430299578125 0.605581328125
8 0.33136785625 0.19383345937500002 0.3454948 0.19416871093750002 0.35336335625 0.1685477828125 0.3490927234375 0.1456343078125 0.349911553125 0.12614437812499998 0.3366034375 0.1063191984375 0.32965208437500004 0.1180595515625 0.32580243750000004 0.1301807484375 0.32574312031249997 0.181948275 0.33136785625 0.19383345937500002
2 0.69893601875 0.2067808125 0.706379246875 0.2230872375 0.7238480468749999 0.215436903125 0.72750094375 0.1920969953125 0.7369203546875001 0.16666648906249998 0.7373022828125 0.1443242765625 0.7344407265624999 0.13557700625 0.7271942484375 0.13048929375 0.7146731328125 0.15553895625 0.713149765625 0.16794578437500002 0.7018409765625 0.1959429421875 0.69893601875 0.2067808125
2 0.6917227968749999 0.611697709375 0.6817681109375 0.628666578125 0.6786230015625 0.647870875 0.682527621875 0.660944175 0.6896048375 0.667410425 0.7007993359375 0.6659862984375 0.7085261171874999 0.6543411546875 0.7189611046875 0.6206394296875 0.7204569843749999 0.5956353562500001 0.7175954296875 0.5868880843750001 0.7115612796875 0.5847478640625 0.702622171875 0.593445515625 0.6954740687500001 0.5939671578125 0.6917227968749999 0.611697709375
0 0.6868908609375 0.29205964375 0.6931217609375 0.30541857499999997 0.7030330453125 0.308034846875 0.712141415625 0.2979586609375 0.7151606625 0.26054775937499997 0.72269069375 0.23768390468749998 0.7225648312499999 0.21947730000000001 0.7174753703125 0.21605375625 0.7080993624999999 0.221899121875 0.7021476718749999 0.2575506453125 0.68986670625 0.2742338828125 0.6868908609375 0.29205964375
0 0.691066003125 0.50806744375 0.678615775 0.5261292171874999 0.675203028125 0.5411026953125 0.6789383859375 0.55555453125 0.6929944406249999 0.562877675 0.701764284375 0.5555585625 0.7062200953125 0.5449111125 0.7065036484375 0.5169595453125 0.7125812 0.49951462500000005 0.7139078171875 0.47588908593749996 0.7105384734375 0.47127742499999997 0.7003870375 0.47702758125000005 0.6938725859375 0.49162021874999995 0.691066003125 0.50806744375
4 0.7111258375 0.306229878125 0.7043712328125 0.3291889453125 0.70389093125 0.3459218 0.6880004703125 0.366359803125 0.6844184609374999 0.38271181875 0.6875476546875 0.39568990937500004 0.696006459375 0.403725115625 0.7081456484374999 0.4010176625 0.7173957953125 0.3769656921875 0.7162268703125 0.35443305937499997 0.7241229125 0.3414093796875 0.7295943015625 0.3224907125 0.7307791421875 0.3128409578125 0.7277483234375001 0.30547222500000004 0.7180063031249999 0.3014774171875 0.7111258375 0.306229878125
10 0.3189292 0.25667486875 0.30959659375 0.24293509531250002 0.297386515625 0.2526304390625 0.2956938859375 0.266415803125 0.3010350703125 0.3062525546875 0.297114534375 0.32536164218749997 0.302908534375 0.335868290625 0.30613610156250004 0.3544557359375 0.31405963125 0.3540293046875 0.3212786234375 0.34651976875 0.32597458437500004 0.3275058921875 0.3250024078125 0.3161919703125 0.316346853125 0.2969380515625 0.3204366515625 0.276450428125 0.3189292 0.25667486875
6 0.307581353125 0.22729514375 0.3235383578125 0.2768312703125 0.3287695953125 0.26627903124999996 0.3306314890625 0.25111513125 0.3245698515625 0.2363776640625 0.32616410625 0.2169829453125 0.3234443265625 0.1942598921875 0.3202442453125 0.18826969375 0.30888048281249997 0.1910723578125 0.30590463749999997 0.20889811875 0.307581353125 0.22729514375
6 0.2743667515625 0.4401113796875 0.2695999015625 0.466113146875 0.2720520421875 0.4846053828125 0.2661712390625 0.5132690156249999 0.2722328765625 0.5280064828125 0.284470440625 0.530908384375 0.29280338437500003 0.5207369875000001 0.2967948078125 0.49464000781250006 0.2901270078125 0.47842879531250004 0.2916503734375 0.4660219671875 0.28876133125000003 0.4446774484375 0.28262880625000003 0.436927875 0.2743667515625 0.4401113796875
7 0.2907418578125 0.3259784953125 0.2794055828125 0.34137840625 0.2791220296875 0.3693299734375 0.2845066140625 0.3895815875 0.27605938124999996 0.42632601562500005 0.2789209359375 0.43507328593750005 0.2877182671875 0.44035142031249996 0.29985745625 0.4376439671875 0.3096153921875 0.4094563875 0.308206315625 0.3952901828125 0.299212234375 0.3787933375 0.3034004078125 0.36391506875 0.30196384374999996 0.33715161718750003 0.2907418578125 0.3259784953125
9 0.3324441765625 0.6081640984375001 0.3349122328125 0.5944739453125 0.3298386875 0.5588680125 0.322663096875 0.5467924078124999 0.3129485640625 0.555394846875 0.3143424546875 0.5948141 0.3144675859375 0.6199500437500001 0.3256620859375 0.618525915625 0.3324441765625 0.6081640984375001
1 0.73145185 0.38428883593749996 0.724205371875 0.3792011234375 0.7157740546875 0.3837631640625 0.7068624328124999 0.40505806250000004 0.705437440625 0.42307424375 0.7008123671875001 0.43510022968750006 0.6882637640625 0.447552646875 0.6846817546875 0.46390466249999995 0.68868475 0.48258731718750003 0.695931228125 0.48767503124999995 0.700217775 0.47840611875 0.7105384734375 0.47127742499999997 0.7140061921874999 0.4814984421875 0.7201546328124999 0.45706563125 0.717096328125 0.43709964843750004 0.7276571765625001 0.42160452656249997 0.7337347296875001 0.4041596078125 0.7349195703125 0.39450985312500003 0.73145185 0.38428883593749996
9 0.3118143515625 0.66720111875 0.30224159375 0.661827775 0.2946840765625 0.67209438125 0.2880828203125 0.7258572984375 0.2958645734375 0.73940665 0.3070590734375 0.7379825234374999 0.316746121875 0.7167828359375 0.3118143515625 0.66720111875
9 0.3348456890625 0.5244998140625 0.3466463515625 0.5245494359375 0.35342844218749997 0.5141876171875001 0.3559673875 0.49350957187500005 0.3487368234375 0.456239471875 0.34054565625 0.45243508437499996 0.33771158749999997 0.4562850625 0.3343697296875 0.4642706484375 0.328445525 0.51251941875 0.3348456890625 0.5244998140625
9 0.3688313734375 0.3887408125 0.363714425 0.37272001875 0.3539015171875 0.37571310156250004 0.344296928125 0.43470453437499995 0.35026019062499997 0.4438326453125 0.3595653109375 0.4449751703125 0.36823678125 0.4320467 0.3688313734375 0.3887408125
9 0.359869121875 0.30787919218750004 0.3540592078125 0.32955493125 0.3542559578125 0.3407736421875 0.3617700734375 0.350092175 0.3720198828125 0.349951375 0.37802654687500004 0.339494346875 0.3793806515625 0.3284660546875 0.376267371875 0.283305578125 0.3724611265625 0.275841634375 0.367033140625 0.27517516249999996 0.36008178750000003 0.286915515625 0.359869121875 0.30787919218750004
9 0.3944725421875 0.2183735703125 0.3869584265625 0.20905503749999998 0.37940090937500004 0.21932164531249998 0.372362753125 0.270232278125 0.377381325 0.280643715625 0.38995741562499997 0.280788546875 0.39707803125 0.26766965625 0.3944725421875 0.2183735703125
9 0.3895248578125 0.20097424218749999 0.39674385 0.19346470625 0.39921190625 0.179774553125 0.396535528125 0.137466359375 0.39168621875 0.1256763859375 0.38625823125 0.1250099140625 0.3832549 0.1302384265625 0.37553969062500003 0.18666320625 0.3796135734375 0.19835796875 0.3895248578125 0.20097424218749999
9 0.39215495 0.06416389375 0.38487664062500004 0.12344095625 0.4003142875 0.13233305625 0.40871811874999997 0.11517376718750001 0.40621100468750004 0.07148703749999999 0.4015309578125 0.058318526562499994 0.39215495 0.06416389375