0 0.46171875 0.2375 0.0421875 0.1
4 0.63671875 0.1875 0.0484375 0.1125
1 0.5859375 0.1734375 0.0484375 0.1203125
5 0.44765625 0.084375 0.0421875 0.1
2 0.5109375 0.23984375 0.0421875 0.09375
6 0.50078125 0.40859375 0.04375 0.1015625
11 0.415625 0.3953125 0.04375 0.0984375
0 0.4484375 0.603125 0.046875 0.0984375
3 0.31015625 0.6578125 0.0421875 0.0796875
6 0.34609375 0.21640625 0.0484375 0.103125
8 0.5796875 0.525 0.04375 0.0875
7 0.60703125 0.409375 0.0515625 0.1203125
9 0.103125 0.878125 0.05 0.078125
2 0.3484375 0.81171875 0.0484375 0.09375
8 0.6140625 0.8734375 0.0484375 0.0890625
10 0.62109375 0.32421875 0.0484375 0.1140625
2 0.49296875 0.9921875 0.0265625 0.015625
9 0.36640625 0.9765625 0.025 0.0203125