6 0.34296875 0.45625 0.0375 0.0953125
4 0.65 0.48203125 0.040625 0.103125
7 0.54375 0.48984375 0.0421875 0.1109375
10 0.53125 0.7609375 0.046875 0.1078125
0 0.63671875 0.784375 0.0453125 0.103125
5 0.7 0.56796875 0.0421875 0.0890625
9 0.46171875 0.52890625 0.03125 0.0703125
6 0.41171875 0.4171875 0.0359375 0.0921875
9 0.525 0.6265625 0.0359375 0.0765625
9 0.33671875 0.6046875 0.0359375 0.0765625
3 0.53125 0.41875 0.03125 0.071875
2 0.59140625 0.4296875 0.0375 0.090625
9 0.25078125 0.75078125 0.0375 0.08125
9 0.575 0.9328125 0.040625 0.084375
9 0.3734375 0.93046875 0.0390625 0.0859375
3 0.384375 0.74296875 0.0359375 0.075
8 0.5078125 0.94140625 0.046875 0.103125
8 0.52265625 0.83828125 0.0421875 0.090625
3 0.23828125 0.92421875 0.040625 0.0859375