0 0.565625 0.24296875 0.0328125 0.0984375
4 0.396875 0.175 0.0375 0.1109375
1 0.44921875 0.16640625 0.0359375 0.11875
5 0.5953125 0.0921875 0.0328125 0.096875
2 0.51640625 0.23984375 0.0328125 0.0921875
6 0.50859375 0.40859375 0.034375 0.0984375
11 0.5953125 0.4046875 0.034375 0.096875
0 0.53984375 0.60859375 0.0375 0.0953125
3 0.671875 0.6765625 0.034375 0.078125
6 0.68203125 0.23359375 0.0390625 0.1015625
8 0.41796875 0.5171875 0.034375 0.0859375
7 0.403125 0.3984375 0.040625 0.11875
9 0.85546875 0.9171875 0.0421875 0.075
2 0.61796875 0.82578125 0.0390625 0.0921875
8 0.34765625 0.859375 0.0390625 0.0859375
10 0.39765625 0.31328125 0.0375 0.1125
2 0.4546875 0.99140625 0.025 0.0171875
9 0.58359375 0.9875 0.0234375 0.01875