9 0.39609375 0.1625 0.0359375 0.08125
8 0.34609375 0.146875 0.04375 0.0953125
3 0.66875 0.1953125 0.034375 0.075
2 0.72109375 0.196875 0.0390625 0.078125
2 0.73125 0.1578125 0.0375 0.075
9 0.39296875 0.24140625 0.0359375 0.0828125
6 0.2828125 0.48359375 0.046875 0.0984375
8 0.25703125 0.5734375 0.0484375 0.0921875
9 0.37265625 0.3140625 0.0375 0.08125
11 0.2265625 0.6734375 0.0546875 0.103125
5 0.68046875 0.72421875 0.05 0.0953125
0 0.69375 0.52265625 0.0453125 0.0921875
9 0.34375 0.48828125 0.0390625 0.0828125
1 0.71015625 0.43828125 0.05625 0.1203125
7 0.29609375 0.3796875 0.053125 0.1109375
9 0.32109375 0.5828125 0.0390625 0.0796875
2 0.6984375 0.628125 0.05 0.0921875
3 0.6296875 0.6234375 0.0390625 0.0765625
6 0.321875 0.228125 0.0421875 0.09375
3 0.6484375 0.3546875 0.0359375 0.0765625
4 0.709375 0.35625 0.0515625 0.1109375
9 0.30078125 0.6984375 0.0421875 0.0859375
9 0.3609375 0.4046875 0.0375 0.0828125
10 0.31484375 0.2984375 0.05 0.1078125
3 0.65 0.43671875 0.0375 0.075
3 0.61640625 0.72109375 0.040625 0.08125
3 0.640625 0.5328125 0.0375 0.078125
3 0.6828125 0.11328125 0.034375 0.0796875
3 0.6578125 0.26875 0.0359375 0.0765625
11 0.35625 0.07421875 0.04375 0.1
9 0.40546875 0.09453125 0.034375 0.084375
5 0.72890625 0.1125 0.04375 0.1
0 0.71015625 0.26171875 0.04375 0.1015625
2 0.72109375 0.328125 0.03125 0.05
2 0.675 0.17265625 0.0203125 0.0328125
2 0.64765625 0.515625 0.021875 0.0359375
2 0.65625 0.41875 0.021875 0.0328125
2 0.6359375 0.60703125 0.021875 0.034375
2 0.71015625 0.6 0.0171875 0.0265625