3 0.62734375 0.7109375 0.04375 0.08125
7 0.33046875 0.56953125 0.059375 0.11875
10 0.4421875 0.296875 0.0515625 0.115625
0 0.51484375 0.6140625 0.0484375 0.0984375
1 0.64375 0.51875 0.0578125 0.11875
4 0.471875 0.159375 0.0484375 0.1125
2 0.575 0.25 0.04375 0.0921875
5 0.6859375 0.12578125 0.04375 0.0984375
8 0.41640625 0.5 0.0453125 0.0890625
6 0.7375 0.28125 0.05 0.103125
11 0.6140625 0.428125 0.046875 0.0984375
2 0.54140625 0.84375 0.05 0.0953125
8 0.27109375 0.81484375 0.0484375 0.0890625
9 0.75234375 0.9734375 0.0515625 0.053125
9 0.47265625 0.99140625 0.0234375 0.0171875
2 0.34453125 0.96953125 0.025 0.021875