10 0.44609375 0.58515625 0.0390625 0.1046875
5 0.2953125 0.44765625 0.034375 0.0875
9 0.53828125 0.503125 0.028125 0.0734375
9 0.64609375 0.46484375 0.0265625 0.0734375
9 0.41328125 0.44765625 0.028125 0.0703125
6 0.5796875 0.66640625 0.034375 0.0984375
7 0.296875 0.80234375 0.0453125 0.121875
5 0.35390625 0.36640625 0.0359375 0.1015625
3 0.53046875 0.3921875 0.0265625 0.0703125
5 0.3328125 0.59296875 0.0375 0.1
9 0.2390625 0.74140625 0.040625 0.09375
8 0.4484375 0.8359375 0.0390625 0.096875
3 0.48046875 0.3171875 0.0265625 0.0703125
8 0.44453125 0.73515625 0.0359375 0.0859375
9 0.6984375 0.3421875 0.028125 0.0703125
9 0.38359375 0.8203125 0.034375 0.08125
2 0.4171875 0.32265625 0.0328125 0.090625
9 0.58203125 0.8375 0.034375 0.08125
3 0.71484375 0.8453125 0.034375 0.0796875