4 0.49609375 0.32890625 0.046875 0.1125
7 0.55546875 0.24921875 0.05 0.11875
9 0.41640625 0.0953125 0.0359375 0.08125
3 0.628125 0.6203125 0.040625 0.0796875
1 0.47890625 0.07734375 0.0484375 0.125
11 0.41953125 0.4078125 0.046875 0.0984375
3 0.45 0.625 0.0390625 0.078125
9 0.5765625 0.1203125 0.0359375 0.0796875
5 0.60625 0.4234375 0.04375 0.0953125
9 0.34765625 0.4890625 0.040625 0.078125
5 0.50234375 0.59921875 0.0453125 0.0953125
3 0.675 0.19921875 0.0359375 0.078125
3 0.6359375 0.1171875 0.034375 0.078125
11 0.3890625 0.58359375 0.0453125 0.09375
9 0.47109375 0.17109375 0.0375 0.0828125
6 0.56875 0.6109375 0.0453125 0.0953125
0 0.61953125 0.26015625 0.0421875 0.1
3 0.47578125 0.4125 0.0375 0.078125