7 0.4421875 0.3046875 0.04375 0.11875
11 0.41015625 0.4015625 0.040625 0.096875
10 0.61171875 0.32109375 0.04375 0.1140625
6 0.3828125 0.22109375 0.0390625 0.1
9 0.51875 0.70546875 0.0359375 0.08125
2 0.5359375 0.43203125 0.0375 0.09375
8 0.63359375 0.865625 0.04375 0.0859375
0 0.44921875 0.2359375 0.0359375 0.0953125
5 0.42578125 0.08671875 0.0375 0.096875
5 0.53125 0.4984375 0.040625 0.0984375
8 0.71171875 0.371875 0.040625 0.0890625
1 0.45859375 0.1421875 0.0421875 0.11875
9 0.64453125 0.63125 0.0359375 0.08125
3 0.31953125 0.66875 0.0390625 0.0796875
4 0.6203125 0.17890625 0.0421875 0.1125
9 0.64921875 0.44375 0.0375 0.08125
0 0.45390625 0.60625 0.0421875 0.09375
6 0.296875 0.47734375 0.0453125 0.0984375
3 0.4 0.60078125 0.0359375 0.078125
3 0.33125 0.209375 0.0359375 0.0796875
2 0.36484375 0.81875 0.04375 0.0921875
2 0.51875 0.9921875 0.025 0.015625