0 0.621875 0.2640625 0.04375 0.1
4 0.47265625 0.16015625 0.05 0.1125
1 0.525 0.16328125 0.05 0.1203125
5 0.684375 0.12421875 0.04375 0.1
2 0.57421875 0.25078125 0.04375 0.09375
6 0.52890625 0.41328125 0.0453125 0.1015625
11 0.6140625 0.42890625 0.0453125 0.0984375
0 0.51484375 0.6140625 0.0484375 0.0984375
3 0.628125 0.7109375 0.04375 0.08125
6 0.7375 0.28203125 0.05 0.103125
8 0.41640625 0.49765625 0.0453125 0.0890625
7 0.428125 0.3796875 0.0546875 0.1203125
9 0.75234375 0.9734375 0.0515625 0.053125
2 0.54140625 0.84375 0.05 0.09375
8 0.2703125 0.815625 0.05 0.0890625
10 0.44296875 0.29453125 0.0515625 0.1140625
2 0.3453125 0.9703125 0.0265625 0.021875
9 0.471875 0.99140625 0.025 0.0171875