1 0.471875 0.078125 0.046875 0.1234375
5 0.50390625 0.6 0.04375 0.0953125
11 0.36328125 0.41171875 0.0453125 0.1
9 0.346875 0.490625 0.0390625 0.0796875
7 0.5515625 0.2484375 0.046875 0.1171875
4 0.5984375 0.3328125 0.0484375 0.1109375
6 0.5375 0.415625 0.04375 0.1015625
9 0.40859375 0.09609375 0.0359375 0.084375
11 0.43359375 0.31875 0.0421875 0.0953125
3 0.47421875 0.41171875 0.0359375 0.078125
3 0.390625 0.590625 0.0375 0.0765625
9 0.465625 0.17265625 0.0375 0.0828125
3 0.63046875 0.61796875 0.040625 0.0796875
3 0.628125 0.1140625 0.0328125 0.0765625
9 0.56953125 0.11953125 0.0328125 0.08125
0 0.509375 0.09375 0.0390625 0.103125
5 0.71796875 0.43359375 0.046875 0.0953125
3 0.56875 0.184375 0.03125 0.0796875