9 0.47734375 0.51015625 0.02734375 0.071875
7 0.6109375 0.65546875 0.03984375 0.115625
5 0.5484375 0.5734375 0.03203125 0.08984375
9 0.35234375 0.45859375 0.02734375 0.07421875
2 0.58515625 0.32265625 0.03046875 0.08984375
10 0.6671875 0.525 0.0390625 0.10546875
3 0.3625 0.3828125 0.0265625 0.07109375
9 0.60859375 0.821875 0.0328125 0.08125
6 0.53203125 0.453125 0.0296875 0.09140625
3 0.3828125 0.6671875 0.02890625 0.0734375
8 0.40859375 0.82421875 0.0359375 0.1
8 0.28203125 0.57578125 0.0328125 0.08515625
3 0.47109375 0.390625 0.0265625 0.0703125