11 0.38515625 0.43203125 0.046875 0.096875
5 0.3078125 0.1265625 0.0453125 0.0984375
7 0.3875 0.33046875 0.053125 0.121875
10 0.55390625 0.29609375 0.053125 0.1140625
0 0.37421875 0.2625 0.04375 0.0953125
6 0.30703125 0.26875 0.046875 0.1
9 0.57734375 0.69140625 0.0421875 0.08125
2 0.51484375 0.42578125 0.046875 0.0953125
1 0.3546875 0.1703125 0.053125 0.1203125
5 0.5296875 0.4890625 0.0484375 0.0984375
8 0.734375 0.8109375 0.05 0.0890625
8 0.66484375 0.315625 0.046875 0.090625
9 0.62578125 0.403125 0.0421875 0.08125
9 0.6765625 0.5828125 0.04375 0.0828125
3 0.37578125 0.7140625 0.04375 0.08125
4 0.52109375 0.1578125 0.0515625 0.115625
6 0.2984375 0.5375 0.053125 0.1015625
0 0.48671875 0.61484375 0.0484375 0.0953125
3 0.43359375 0.62578125 0.0421875 0.0796875
3 0.253125 0.271875 0.0421875 0.08125
2 0.4640625 0.84453125 0.05 0.09375
2 0.66328125 0.9671875 0.0265625 0.021875