5 0.497690171875 0.63431905 0.5092948765624999 0.6359499859375 0.5164505312500001 0.6299429562500001 0.5212847828125 0.6179995218750001 0.521669059375 0.587197684375 0.5261153296875001 0.5611743390624999 0.523019815625 0.5495189875000001 0.5123820546875 0.5466214093749999 0.501746146875 0.5661647046875 0.49053266406249996 0.6178852078125 0.497690171875 0.63431905
5 0.723549234375 0.11065630625 0.7098196640625 0.1409851234375 0.7148495265625 0.1557174078125 0.72703458125 0.15883244375 0.7359303640625 0.14605728125 0.7365079359375 0.113880071875 0.7444367765625 0.10237155312499999 0.7481098625 0.0818496984375 0.746948696875 0.07327127812499999 0.736697528125 0.0676229546875 0.7249009171874999 0.0841980453125 0.723549234375 0.11065630625
3 0.6123457078125 0.19460788906249998 0.6102194515625 0.20973698437500002 0.6160224984375 0.21896778125 0.6245326140625 0.2201638 0.6316882703125 0.21415676874999998 0.6353618203125 0.19924513125 0.6332327859375 0.18071291875 0.637293390625 0.1686607546875 0.637485296875 0.1504547265625 0.627234590625 0.150416621875 0.62162715625 0.167861546875 0.62162808125 0.1790819828125 0.6123457078125 0.19460788906249998
3 0.5912861703125001 0.46233805625 0.598441825 0.45633102656249996 0.603468909375 0.43740199999999996 0.60346520625 0.3925202546875 0.5974693265625 0.39027505156250003 0.5920542609375 0.395124165625 0.5779385609375 0.43381394375 0.57542525 0.44608356562499996 0.580648409375 0.459440478125 0.5912861703125001 0.46233805625
3 0.5475623859375001 0.301913865625 0.554718040625 0.2959068375 0.5589714781249999 0.27686908125 0.5551023171875 0.26510500000000004 0.5595490515625 0.2446918734375 0.5568401296875 0.23028577656250002 0.54678318125 0.23448251875 0.5429172624999999 0.26198996406249997 0.535955365625 0.2722318390625 0.534216628125 0.295830628125 0.5475623859375001 0.301913865625
3 0.5073512671875 0.5206686890625 0.5061924171875 0.540141359375 0.5116084078124999 0.5465126796875001 0.5257273484375 0.54709443125 0.532882078125 0.5298669640625 0.5344256671875 0.48520267656250005 0.52939626875 0.476080609375 0.5253347374999999 0.47691233750000006 0.5172126015625 0.489796228125 0.514119403125 0.5061919687499999 0.5073512671875 0.5206686890625
3 0.4309720375 0.732937878125 0.43928793125 0.7242888328125 0.4441217203125 0.7067351796875 0.439476134375 0.661201059375 0.43270660781250003 0.6588471265625 0.4272915421875 0.663696240625 0.4164637265625 0.7014455625 0.414144175 0.71795003125 0.42014098125 0.731415671875 0.4309720375 0.732937878125
3 0.6782915843749999 0.11271098906250002 0.6701694484375 0.12559488125 0.6682364890625 0.139348603125 0.6724922421875 0.14836194062500002 0.6840969453125 0.149992875 0.6910588421875 0.13975100000000001 0.690090046875 0.11857676875 0.697050090625 0.085894021875 0.6933746890625 0.0783647859375 0.6871855140625 0.07749495468749999 0.68138385625 0.0850948140625 0.6782915843749999 0.11271098906250002
2 0.54814921875 0.38194102343749997 0.54002476875 0.3667738234375 0.522232740625 0.3867139296875 0.51179290625 0.4385431609375 0.5172093609374999 0.45052470156249996 0.529394415625 0.4536397375 0.5400307875 0.439706659375 0.54814921875 0.38194102343749997
2 0.6858764296875 0.6200932953125 0.6789145343749999 0.6303351703125 0.6760146312499999 0.6453555359375 0.6773695562500001 0.6581688031249999 0.6814320125 0.6685575125 0.6943907140625 0.671781278125 0.7087015609375 0.654157 0.7139219421874999 0.633852603125 0.717403121875 0.6315367734375 0.7208824484374999 0.606780071875 0.7166262328124999 0.5921565171875 0.707535765625 0.5894763968750001 0.6928373999999999 0.59863098125 0.6858764296875 0.6200932953125
0 0.6937779500000001 0.2775818984375 0.69049145625 0.295353009375 0.6951342640625 0.30722581875 0.7078996703125 0.31182495625 0.7152486203125 0.30444255625 0.7196953546875 0.2840294296875 0.7183404296875 0.27121616249999997 0.7289744875 0.22923199374999997 0.726266028125 0.220436115625 0.7218174421875 0.21840836874999997 0.71369484375 0.22568204218750001 0.702287140625 0.26755748125 0.6937779500000001 0.2775818984375
0 0.53444835625 0.7601033703125 0.5406379953125 0.7665834203124999 0.5493414078125001 0.7664040671875 0.5584309484375 0.7578637500000001 0.5638450875000001 0.7417942 0.5669350453125 0.6861269328125 0.5624855328125 0.67287875 0.5570700046875 0.6721176468750001 0.5472072796874999 0.6861594531249999 0.5303854359375 0.7441044437500001 0.53444835625 0.7601033703125
1 0.7092615390625 0.40879149843749996 0.7026880875 0.43872350156250006 0.6951453765625 0.4418710578125 0.687990184375 0.45348830625 0.6858643921875001 0.4742276203125 0.6922482515625 0.490552734375 0.703659659375 0.4935590421875 0.7152634375 0.48396954062499997 0.7206771140625 0.46228976875 0.718161025 0.44089808125 0.7289906937499999 0.4255896328125 0.736144959375 0.40275194843750006 0.7320820390625 0.386753021875 0.724538865625 0.384290359375 0.71641626875 0.39156403125 0.7092615390625 0.40879149843749996
4 0.689143940625 0.372303234375 0.6864377968750001 0.3915584484375 0.6912739 0.40205588593749997 0.7061669515625 0.4083565828125 0.7117753125 0.40213209375 0.7202835765625 0.380887240625 0.7175746546874999 0.36648114375 0.7338175359375 0.32388270625 0.7324626125 0.3110694390625 0.72221144375 0.305421115625 0.7144754375 0.30994404375 0.6999736078125001 0.3569947859375 0.689143940625 0.372303234375
9 0.495525484375 0.18380003125 0.492819340625 0.20305524375 0.49804203593749996 0.2108019375 0.508099446875 0.21221541406250002 0.5162215812500001 0.1993315234375 0.5175714124999999 0.1504323890625 0.5144758984375 0.13877703749999998 0.507126484375 0.1405492203125 0.5038390640625 0.1470998953125 0.5009400875 0.1733406984375 0.495525484375 0.18380003125
9 0.360730125 0.317732453125 0.356476225 0.3311599890625 0.35763738906250003 0.3397384109375 0.364407378125 0.3477025625 0.3738844375 0.3476319375 0.38084633437500004 0.33739006250000003 0.38219940625 0.3277624546875 0.3785207625 0.2809616921875 0.37619935937500004 0.27502528593750003 0.370010184375 0.2741554546875 0.3636286390625 0.28588143125 0.360730125 0.317732453125
9 0.39553405 0.19920045625 0.40172276250000005 0.19446006875 0.4048164234375 0.1836745484375 0.40152576250000005 0.150953696875 0.40326496250000005 0.13296512656249998 0.3988159140625 0.1253271625 0.38972590937499996 0.12825725937500002 0.38102759062499997 0.1901490140625 0.3854766390625 0.1977869796875 0.39553405 0.19920045625
9 0.41002800625 0.056776004687500006 0.4028718890625 0.057172815625 0.3995844671875 0.0637234890625 0.3914660359375 0.12148912812499998 0.4057792 0.131915940625 0.41390133437500004 0.11903204999999999 0.414284221875 0.071399559375 0.41002800625 0.056776004687500006
9 0.459573821875 0.45644993749999996 0.4707910078125 0.44961118125 0.47620236875 0.39988031875 0.47349344843749996 0.38547422187499997 0.466723921875 0.3831202890625 0.462082503125 0.3880781328125 0.450481040625 0.425718725 0.4473878421875 0.4421144640625 0.45145029843750006 0.4525031734375 0.459573821875 0.45644993749999996
9 0.3530098625 0.5130028015625 0.3559097640625 0.49798243593749997 0.3508775859375 0.4551990609375 0.3446879484375 0.448719009375 0.33559840625000004 0.457259328125 0.328253159375 0.5095234750000001 0.335797259375 0.5232065734375 0.3479818515625 0.5207113921875 0.3530098625 0.5130028015625
9 0.330581971875 0.605223371875 0.3336751703125 0.5888276328125001 0.329417565625 0.5573734234375001 0.3240011125 0.5453918828125001 0.3131705171875 0.549479896875 0.304858328125 0.6030106890625 0.3124024265625 0.6166937875 0.32458701875 0.6141986046875 0.330581971875 0.605223371875
9 0.3044823859375 0.7347964515625 0.310670634375 0.7244458484375 0.31337724218749996 0.7108008531250001 0.30931200625 0.6667508359375 0.3025420171875 0.6587866828125 0.29596625 0.660667596875 0.2926788296875 0.6672182703125 0.283980046875 0.7234998078125 0.2909437953125 0.7356988046875 0.3044823859375 0.7347964515625
11 0.224401825 0.6253641828125 0.2120244 0.63484495625 0.20757812968749997 0.6608683015625 0.21376823125 0.67295856875 0.214349509375 0.68566310625 0.20990277499999999 0.7060762328125 0.21957451875 0.721460890625 0.2342733484375 0.7179165249999999 0.241428540625 0.7062992765625 0.2445212765625 0.6842933203125 0.23794365625 0.663733359375 0.23890967343749997 0.6512462796875 0.23445969843749997 0.6323878781250001 0.224401825 0.6253641828125
11 0.3444622390625 0.0573791046875 0.3489122140625 0.07623750625 0.342145465625 0.10754488124999999 0.34678827343749996 0.11941769218750001 0.35839297812500004 0.1210486265625 0.36690216875 0.11102420937499999 0.3692217203125 0.0945197421875 0.36225704531249997 0.0711003078125 0.3663162609375 0.0422174890625 0.3612863984375 0.027485204687499997 0.3481348640625 0.0312470296875 0.3444622390625 0.0573791046875
10 0.3019278640625 0.24775665 0.299801609375 0.26288574531250003 0.3036735484375 0.30831113593750004 0.2999999984375 0.3232227734375 0.3075450234375 0.348126309375 0.31412125468749996 0.3518556140625 0.3253379765625 0.3394066390625 0.32881823125 0.3258703734375 0.3210785203125 0.28551155625 0.3239788859375 0.27610140781250003 0.3226230359375 0.2520677046875 0.3146923453125 0.24113535000000003 0.3019278640625 0.24775665
8 0.2390960234375 0.5657176328125 0.24103314999999997 0.6024558734375 0.24954419374999998 0.6148723296874999 0.2605685453125 0.6150191625 0.2706245671875 0.5996019859375 0.27294365625 0.5774872984375 0.2702333453125 0.546250546875 0.255146071875 0.5301047859375 0.2476033609375 0.5332523421875 0.2418021671875 0.5464624203125 0.2390960234375 0.5657176328125
8 0.437511225 0.287849721875 0.447955228125 0.28651245468750003 0.45472336406249997 0.272035734375 0.456266490625 0.22176122812500002 0.4462076921875 0.2035170953125 0.44059886718749997 0.20413136562499998 0.43499096875000004 0.2159660703125 0.43073753124999997 0.235003825 0.42803324062500003 0.2766999109375 0.437511225 0.287849721875
6 0.2882186671875 0.52493506875 0.2946002125 0.5132090921875 0.29730635625 0.49395387812499997 0.2895657203125 0.44237462499999997 0.285116671875 0.4347366609375 0.278927496875 0.43386682812500005 0.2738994859375 0.44157541718750004 0.26636233125 0.5120455921875 0.27680772343750004 0.5275389796875001 0.2882186671875 0.52493506875
6 0.3195279859375 0.2460225703125 0.32649312343750003 0.275052221875 0.33036089375 0.2699856484375 0.33403398125 0.24946379375 0.32764641562499996 0.1882569328125 0.3210701859375 0.184527628125 0.31294758749999996 0.1918013 0.31024144374999996 0.2110565125 0.31353164218749996 0.2381671484375 0.3195279859375 0.2460225703125
7 0.29903305625 0.3244894171875 0.29129658593749996 0.323402128125 0.2824008046875 0.336177290625 0.28104912187500003 0.36263555 0.2851129671875 0.3898549140625 0.276992221875 0.41956946093749997 0.280087734375 0.4312248125 0.2887916109375 0.436655678125 0.300009259375 0.43542713906249997 0.30813139375 0.422543246875 0.3114178890625 0.4047721359375 0.3019385140625 0.3767916703125 0.306384784375 0.350768325 0.3042557515625 0.3322361109375 0.29903305625 0.3244894171875