6 0.53828125 0.45703125 0.0421875 0.09375
9 0.47578125 0.50703125 0.0375 0.0734375
2 0.60859375 0.3375 0.0421875 0.0921875
7 0.5890625 0.66953125 0.0546875 0.11875
4 0.66484375 0.390625 0.046875 0.1046875
5 0.5375 0.57890625 0.04375 0.09375
9 0.4578125 0.6765625 0.040625 0.08125
10 0.66171875 0.54765625 0.053125 0.109375
9 0.59296875 0.46171875 0.0359375 0.075
9 0.359375 0.43828125 0.0375 0.0765625
9 0.71796875 0.77890625 0.0515625 0.1
9 0.32890625 0.31328125 0.0375 0.0734375
9 0.5625 0.834375 0.04375 0.084375
3 0.38046875 0.36484375 0.0359375 0.0734375
0 0.4296875 0.8265625 0.05 0.10625
3 0.36015625 0.65 0.0390625 0.078125
3 0.4859375 0.3875 0.0359375 0.0734375
8 0.36484375 0.809375 0.05 0.103125
8 0.2734375 0.54453125 0.04375 0.0890625
3 0.2421875 0.7234375 0.0421875 0.08125