3 0.4734375 0.32734375 0.02578125 0.07109375
2 0.5828125 0.32265625 0.02890625 0.0890625
5 0.52421875 0.39453125 0.0296875 0.08515625
4 0.49765625 0.48046875 0.034375 0.103125
9 0.74453125 0.66796875 0.03359375 0.07421875
8 0.2984375 0.3921875 0.02890625 0.08046875
7 0.41484375 0.3671875 0.03359375 0.11015625
10 0.65234375 0.4390625 0.03515625 0.10078125
9 0.30703125 0.3296875 0.02734375 0.0734375
3 0.546875 0.60625 0.02890625 0.07265625
6 0.47734375 0.58125 0.03125 0.0921875
6 0.65390625 0.5296875 0.0328125 0.09375
8 0.61953125 0.72109375 0.03828125 0.09296875
9 0.475 0.67109375 0.028125 0.07421875
9 0.48515625 0.8375 0.03046875 0.07890625
0 0.3625 0.45 0.0265625 0.0703125