3 0.29609375 0.76953125 0.0375 0.08125
6 0.52890625 0.45 0.0359375 0.0921875
9 0.47890625 0.5109375 0.0328125 0.0734375
7 0.62421875 0.6453125 0.0484375 0.1171875
4 0.63984375 0.3578125 0.040625 0.103125
10 0.67109375 0.5125 0.046875 0.1078125
9 0.584375 0.4421875 0.0328125 0.0734375
3 0.46328125 0.39453125 0.03125 0.071875
9 0.7734375 0.7265625 0.046875 0.096875
3 0.51015625 0.31640625 0.0296875 0.071875
9 0.49765625 0.68046875 0.034375 0.0796875
2 0.5734375 0.31875 0.0359375 0.090625
9 0.35234375 0.4734375 0.03125 0.075
9 0.6328125 0.8140625 0.0390625 0.0828125
0 0.55390625 0.5703125 0.0390625 0.090625
3 0.40859375 0.3453125 0.03125 0.0734375
0 0.50234375 0.8359375 0.04375 0.103125
9 0.29296875 0.3546875 0.0328125 0.0734375
8 0.42890625 0.66015625 0.0390625 0.0890625
8 0.434375 0.83203125 0.04375 0.1
3 0.359375 0.64453125 0.034375 0.0765625
3 0.3671875 0.3921875 0.03125 0.0703125
3 0.35703125 0.86328125 0.0375 0.0828125