0 0.5109375 0.61484375 0.05 0.0984375
8 0.41640625 0.49765625 0.0484375 0.090625
10 0.44921875 0.29453125 0.0546875 0.115625
4 0.48359375 0.15859375 0.053125 0.1125
2 0.58359375 0.25234375 0.046875 0.09375
5 0.6984375 0.13125 0.046875 0.0984375
11 0.61640625 0.43359375 0.05 0.0984375
6 0.7453125 0.2890625 0.053125 0.103125
3 0.74296875 0.83203125 0.0515625 0.08125
9 0.734375 0.97734375 0.053125 0.0453125
8 0.26015625 0.80703125 0.0515625 0.0875
2 0.5296875 0.8453125 0.053125 0.0953125
2 0.32890625 0.9640625 0.025 0.0234375
9 0.45546875 0.99140625 0.0234375 0.0171875