3 0.641479403125 0.3945016859375 0.6501521328125001 0.3990172625 0.660178065625 0.39247680156250003 0.670248540625 0.3406686984375 0.66903604375 0.3305288234375 0.66163209375 0.3276747578125 0.6575044578125 0.3325319640625 0.648369728125 0.3590540375 0.64164825 0.3690665890625 0.638231228125 0.3825512296875 0.641479403125 0.3945016859375
3 0.6586114734375 0.47423557499999996 0.66944884375 0.42257654375 0.66873823125 0.41394910781250005 0.6587685796875 0.41201120468749997 0.638547865625 0.450527225 0.63486583125 0.4653752375 0.6388809015625 0.4774747625 0.650886228125 0.48122324531249994 0.6586114734375 0.47423557499999996
3 0.6560575140625 0.5119410109375 0.6450840953125 0.5069782265625 0.624096484375 0.5453451765625 0.620916334375 0.56170563125 0.6236626249999999 0.5721436453125001 0.6405343421875 0.575423175 0.649347778125 0.5587428375 0.6560575140625 0.5119410109375
3 0.6282030609375 0.6593341578125 0.639277303125 0.6105509375 0.6385666890625 0.601923503125 0.6278301421875 0.5998365296875 0.6107614359375 0.62623128125 0.603955534375 0.6489613796875 0.6077055921875 0.6624242765624999 0.6186790109375 0.6673870625 0.6282030609375 0.6593341578125
3 0.46712205156250003 0.710086471875 0.464178771875 0.7293227359375 0.47049453124999996 0.7418694703125001 0.48329489531250003 0.741527840625 0.48818942656250003 0.736819703125 0.494200290625 0.7181797171875 0.4955136109375 0.6745735875000001 0.48530708906250003 0.669759871875 0.47675866562499997 0.6850768375 0.47437355312499996 0.697347178125 0.46712205156250003 0.710086471875
3 0.5475615421875 0.2757891171875 0.5441445218750001 0.289273759375 0.5466257984375 0.3010751453125 0.5586311265624999 0.30482362812499997 0.56505945 0.30041363125 0.5705684296875 0.28026120312499997 0.56732025625 0.26831074843749997 0.5728292359375 0.248158321875 0.5708779828125 0.23363019375 0.5616470875 0.2360805421875 0.5569612859374999 0.24790367343750003 0.5553149281249999 0.2645622640625 0.5475615421875 0.2757891171875
3 0.686447103125 0.1754461484375 0.681676878125 0.199986828125 0.6736866203125 0.2083378703125 0.6679407687500001 0.2256144859375 0.6727227359375 0.2378630796875 0.6826923859375 0.23980098437500003 0.69121266875 0.2287232 0.69359778125 0.2164528609375 0.6916183874999999 0.206163915625 0.6999862218749999 0.17949277187499998 0.6972399328125001 0.16905475781249998 0.6926385546875 0.16816034062500002 0.686447103125 0.1754461484375
3 0.709650978125 0.15024395625 0.7102935687499999 0.13056048125 0.7179226484375001 0.0995010859375 0.71287566875 0.08861586406250001 0.7036166328125 0.09530539375 0.68661595 0.1500110515625 0.6914260578125 0.1580204640625 0.7029295015625 0.1602565078125 0.709650978125 0.15024395625
3 0.7546875 0.12578125 0.0015625 0.0015625
5 0.729088396875 0.1526073234375 0.73030089375 0.16274719843750002 0.7361429109375 0.169542309375 0.7503246203125 0.1539054578125 0.7688590953125 0.0994979390625 0.76894351875 0.08678039062500001 0.759002009375 0.080603303125 0.7505098671875 0.087441903125 0.7463540921875 0.0965382921875 0.744707734375 0.11319688593749999 0.729088396875 0.1526073234375
5 0.6465194875 0.75344710625 0.6502414046875 0.7711491859375 0.6548146406249999 0.7762827859375 0.6699156937499999 0.7763883640625 0.6800260515625001 0.7571303546875 0.6824674453124999 0.7363816484375 0.6926059453125 0.7128844562500001 0.69295538125 0.6988035359375 0.6843107921875 0.690048778125 0.6761118046875 0.691284825 0.6522934796875 0.7319313078125 0.6465194875 0.75344710625
2 0.7428878703125 0.23310830624999998 0.7619805109375 0.17173486093749998 0.760294271875 0.1558433609375 0.7564879312499999 0.15085883125 0.7386804703125 0.172865328125 0.719407240625 0.2228845953125 0.725192975 0.238158071875 0.72902745625 0.23890341875 0.7428878703125 0.23310830624999998
2 0.672626759375 0.6764585578125 0.6851339703125 0.68171948125 0.69156229375 0.6773094828125 0.7110442546875 0.6344052109375 0.7127750359375 0.6050290703125001 0.7084668109375001 0.5985320984375 0.6884430859374999 0.6073738390625001 0.68399415625 0.6220727828125 0.671053084375 0.6436103265625001 0.667872934375 0.6599707796875001 0.672626759375 0.6764585578125
0 0.700940790625 0.3056030234375 0.706224640625 0.3193640578125 0.715929278125 0.3226653328125 0.725453328125 0.31461243125 0.7301672703125 0.2985501171875 0.7300429640625 0.278717575 0.7407114875 0.2524936390625 0.740824053125 0.23553690781249997 0.7269917796875001 0.2370928390625 0.7152069234375 0.277248625 0.7038559265625 0.2906059421875 0.700940790625 0.3056030234375
0 0.6737641515624999 0.54368051875 0.67211779375 0.5603391125 0.680469228125 0.5746964250000001 0.6907038921875001 0.5752709578124999 0.6997260578125 0.5657056140625001 0.7041749875 0.551006671875 0.704817578125 0.5313231984375 0.711302184375 0.5184348359375 0.71610055 0.489654971875 0.7074278203125 0.4851393953125 0.7007344843750001 0.49091276562499997 0.6887408984375 0.5239535546874999 0.6737641515624999 0.54368051875
4 0.7230963578125 0.3226435875 0.7107814765625 0.365526115625 0.70358625625 0.36978704375000004 0.6953028453125001 0.3837406390625 0.6921508359375 0.395861909375 0.6943671015625 0.409026665625 0.7037785859375 0.41793049531250004 0.7166070921875 0.41334968281249995 0.725950553125 0.393942603125 0.7261194015625 0.36850750625 0.7343746703125 0.35879309375 0.74115243125 0.3403021765625 0.7432725312499999 0.3293952078125 0.740261228125 0.3203205640625 0.7305565890625 0.3170192890625 0.7230963578125 0.3226435875
1 0.7320857234375 0.395135159375 0.7241236078125 0.3992470171875 0.7129813406250001 0.4197193296875 0.7079461046875 0.4456233796875 0.6914637046875 0.46081302187500006 0.68648475 0.4782387078125 0.6919773296875 0.49911473749999996 0.6970805921875 0.5015215953125 0.7109972890625 0.4872481140625 0.714273603125 0.49495938749999996 0.7171043171875 0.49267985468750003 0.722613296875 0.4725274265625 0.7212202109375 0.4510333734375 0.7325712078125 0.43767605625000006 0.7388189421875 0.42191188124999995 0.7384577640625001 0.39920352812500004 0.7320857234375 0.395135159375
9 0.5311400859375001 0.2046826640625 0.5358141453124999 0.15607025937500002 0.5325941125 0.13988062031249998 0.5261939296875 0.1400514359375 0.5223031671875 0.147784453125 0.5081050578124999 0.2044497609375 0.51444895625 0.21275731250000002 0.5239167234375001 0.213182775 0.5311400859375001 0.2046826640625
9 0.4739982109375 0.4454248140625 0.4810011 0.393020434375 0.47571725000000004 0.3792593984375 0.47058584843749995 0.381091725 0.465663175 0.39003904375 0.4504894390625 0.43944028749999997 0.4568051984375 0.45198702031250004 0.4678067578125 0.4527106234375 0.4739982109375 0.4454248140625
9 0.3468412234375 0.5140903640625 0.3525307921875 0.5052921125000001 0.35647783906249997 0.4890807296875 0.3541372671875 0.4560834296875 0.3496203140625 0.4424714640625 0.342188221875 0.44385658125000005 0.3375305625 0.451440528125 0.3279901125 0.5005218874999999 0.3327720796875 0.51277048125 0.3468412234375 0.5140903640625
9 0.325042175 0.5975758843750001 0.33002113125 0.5801501984375 0.3264117796875 0.5454913890624999 0.32263358124999997 0.536267675 0.3108369828125 0.5396341859375 0.29970645937499996 0.596895771875 0.3065522421875 0.6067157640625 0.3188507234375 0.60486169375 0.325042175 0.5975758843750001
9 0.3011112859375 0.6551791 0.29143478906250003 0.647638640625 0.28317951875 0.657353053125 0.27284403125 0.7105245265625 0.278894778125 0.7244346312500001 0.2916951421875 0.7240930015625 0.3018055 0.704834990625 0.3011112859375 0.6551791
9 0.390150825 0.27490414375 0.3835419125 0.2679599640625 0.37555165625 0.27631100625 0.3657180515625 0.33099491875 0.3725638359375 0.3408149109375 0.38486231718749997 0.338960840625 0.3913750640625 0.32183329375 0.390150825 0.27490414375
9 0.4106529515625 0.193996296875 0.42044201406250004 0.1845800234375 0.42257851406249997 0.1326445984375 0.41652776874999997 0.11873449375 0.4083006390625 0.12420972187499998 0.405831103125 0.1491976109375 0.3974069859375 0.1843471203125 0.40221709375000003 0.1923565328125 0.4106529515625 0.193996296875
9 0.41118763593749996 0.1134518234375 0.4254373703125 0.12612588125 0.431098796875 0.1215668140625 0.4360496109375 0.10838031249999999 0.433624615625 0.088100559375 0.4365960359375 0.0646251125 0.43334786249999996 0.05267465624999999 0.4279795875 0.051631170312499995 0.42282004375 0.057702678125 0.41772852499999996 0.0920850953125 0.41118763593749996 0.1134518234375
8 0.45843273125 0.28393214843750003 0.464889196875 0.27528296874999997 0.47115333125000003 0.21849033750000002 0.46052934843750004 0.1994466328125 0.44994524843750006 0.2129530203125 0.44443626875 0.233105446875 0.4398184921875 0.27323948593749997 0.44793305625 0.28472098749999997 0.45843273125 0.28393214843750003
8 0.23602592968749997 0.5887621843749999 0.2446423765625 0.6017561265625 0.25873966249999997 0.598836825 0.265461140625 0.588824271875 0.26864129062500003 0.5724638203125 0.265477540625 0.547795815625 0.267862653125 0.5355254765625 0.25007159218749997 0.5165035171875 0.239989375 0.5315223437500001 0.2360141890625 0.5519729109375 0.23602592968749997 0.5887621843749999
11 0.379303946875 0.0195314359375 0.37184371562499996 0.025155734375 0.3675753734375 0.051208854687500006 0.369442203125 0.07845453125 0.3626363015625 0.10118463124999999 0.37125275 0.1141785734375 0.3820174375 0.1120263640625 0.38717698125 0.10595485625 0.390328990625 0.09383358593749999 0.3851577046875 0.0631158203125 0.39040167187499997 0.0443267640625 0.390249225 0.028733403125 0.386972909375 0.02102213125 0.379303946875 0.0195314359375
11 0.224855521875 0.613473678125 0.217451571875 0.6106196125000001 0.20536182187500002 0.6195886765624999 0.1990578046875 0.6438312171875 0.20555415156249998 0.667732128125 0.201398375 0.67682851875 0.1999888890625 0.696362921875 0.20913536093750001 0.7066301203124999 0.22426455625 0.7024965171875001 0.2307210203125 0.6938473375 0.23525437500000002 0.6664308453125 0.22743296562499998 0.649346790625 0.2305849734375 0.6372255203125 0.22813183750000002 0.62118495 0.224855521875 0.613473678125
6 0.28720390625 0.5138171171875 0.2954873171875 0.49986352187499994 0.2973705453125 0.4860807421875 0.2928699921875 0.43144031875 0.288059884375 0.42343090781250003 0.2826916109375 0.4223874203125 0.2775320671875 0.42845892812499997 0.266288978125 0.5026772453125 0.2728697484375 0.5138606078125 0.28720390625 0.5138171171875
6 0.335464321875 0.26144439531249997 0.338768778125 0.2649164859375 0.34445834531249997 0.2561182359375 0.346104703125 0.23945964375 0.3431215421875 0.22614581718750001 0.34582795 0.204033740625 0.34419799218749997 0.1796638765625 0.3378259515625 0.1755955078125 0.329333809375 0.182434109375 0.3265711203125 0.2130245515625 0.335464321875 0.26144439531249997
10 0.3358418984375 0.2431242953125 0.329261128125 0.23194093124999998 0.3154007125 0.2377360453125 0.31210799843750003 0.2710532296875 0.3158017734375 0.292994490625 0.309790909375 0.311634478125 0.3167609984375 0.3412870125 0.3246949734375 0.3414143375 0.33474904843750003 0.33063469218749997 0.3376360453125 0.31987679375 0.337748609375 0.30292006250000003 0.33119597968750003 0.28749751562500003 0.3356730515625 0.268559390625 0.3337217984375 0.25403126249999997 0.3358418984375 0.2431242953125
7 0.31404285 0.326609815625 0.31052966406250004 0.31602273125 0.3000581296875 0.3125723859375 0.291272834375 0.325013540625 0.2887751578125 0.3542406109375 0.29302709843749997 0.3692159484375 0.2820091390625 0.40952080312500005 0.2842535453125 0.4184463765625 0.29239625 0.425688696875 0.30366282187500004 0.42504892656250004 0.308557353125 0.4203407890625 0.31613015 0.397759759375 0.31547581875 0.380653959375 0.30889504843750004 0.369470596875 0.31446031093750004 0.34083980468749997 0.31404285 0.326609815625