9 0.5234375 0.50859375 0.03125 0.0734375
7 0.39765625 0.6609375 0.0453125 0.1171875
5 0.45546875 0.57578125 0.0359375 0.090625
9 0.6453125 0.45078125 0.03125 0.075
2 0.40546875 0.32734375 0.034375 0.090625
10 0.334375 0.53359375 0.04375 0.1078125
3 0.63125 0.37578125 0.0296875 0.071875
9 0.40859375 0.82734375 0.0375 0.0828125
6 0.465625 0.4546875 0.034375 0.0921875
3 0.62578125 0.6609375 0.0328125 0.075
8 0.60859375 0.81875 0.040625 0.1015625
8 0.721875 0.5640625 0.0375 0.0875
3 0.5234375 0.3890625 0.0296875 0.071875