7 0.39375 0.3265625 0.05 0.11875
11 0.3875 0.428125 0.0453125 0.096875
10 0.56171875 0.2984375 0.05 0.1140625
6 0.31484375 0.2609375 0.04375 0.1
9 0.57109375 0.69375 0.040625 0.08125
2 0.5171875 0.425 0.0421875 0.09375
8 0.7234375 0.81875 0.046875 0.0859375
0 0.3828125 0.25859375 0.040625 0.0953125
5 0.32109375 0.1203125 0.0421875 0.096875
5 0.53046875 0.490625 0.0453125 0.0984375
8 0.67109375 0.321875 0.04375 0.090625
1 0.3671875 0.16484375 0.0484375 0.11875
9 0.67421875 0.58984375 0.040625 0.0828125
3 0.36953125 0.709375 0.0421875 0.08125
4 0.5328125 0.15859375 0.0484375 0.1140625
9 0.62890625 0.40703125 0.040625 0.08125
0 0.4828125 0.6140625 0.0453125 0.0953125
6 0.29765625 0.53046875 0.05 0.1
3 0.4296875 0.6234375 0.040625 0.078125
3 0.26171875 0.26328125 0.040625 0.08125
2 0.45234375 0.84296875 0.0484375 0.09375
2 0.646875 0.97265625 0.025 0.021875