3 0.42961530625 0.0983424125 0.43384093124999995 0.110370021875 0.44639220625 0.111172834375 0.4514450015625 0.10501220468750001 0.45156058125 0.0683644015625 0.45493707343749995 0.0492153625 0.4530654390625 0.04183376875 0.44638218749999997 0.039245017187499995 0.439067096875 0.0492376875 0.43732106093749995 0.0771361078125 0.42961530625 0.0983424125
3 0.4193821921875 0.16987440468749998 0.4192785546875 0.183959278125 0.4234583328125 0.1917478578125 0.43625078593750005 0.1911828828125 0.440775378125 0.183518803125 0.44241777656250003 0.1697052546875 0.43862866250000004 0.150703040625 0.4422921796875 0.134425240625 0.43907711406249994 0.12116550468750001 0.4326808875 0.12144799218749999 0.42815629531250005 0.129112071875 0.426410259375 0.15701049375 0.4193821921875 0.16987440468749998
3 0.4067831453125 0.2593233109375 0.41274286250000003 0.266015428125 0.423227171875 0.2650434640625 0.4297728828125 0.2549151328125 0.43117410468750006 0.242469371875 0.428407490625 0.199672103125 0.4204266546875 0.1954442359375 0.41368561406250004 0.21117938593750002 0.40640442656250003 0.24797401406250003 0.4067831453125 0.2593233109375
3 0.3970901765625 0.3097958234375 0.3905903140625 0.324163184375 0.39005016718749996 0.3452226640625 0.39524050312500003 0.35177911875 0.4057248140625 0.3508071546875 0.41154699062500005 0.3447821890625 0.4144411265625 0.328368725 0.41350030000000004 0.2887140203125 0.4100899046875 0.2810611015625 0.40292429687500003 0.2812079265625 0.3981585265625 0.2902397953125 0.3970901765625 0.3097958234375
3 0.37100904687499997 0.430715028125 0.38019577187500003 0.42810395156250003 0.3867414828125 0.41797561875 0.3883838828125 0.4041620703125 0.3833091265625 0.36095781250000003 0.3722966125 0.3604263234375 0.3615930859375 0.41213096406250005 0.3632693890625 0.42511937343749995 0.37100904687499997 0.430715028125
3 0.34000264375 0.4985841296875 0.34201181875 0.51868280625 0.3474433328125 0.5238714734375 0.358697025 0.5230351734375 0.365242734375 0.512906840625 0.368136871875 0.496493378125 0.363624221875 0.48159452968750005 0.36205155625 0.454521246875 0.35536830468749997 0.45193249375000005 0.34978730625 0.45658967187500005 0.34000264375 0.4985841296875
3 0.3253246890625 0.6088211890624999 0.3369112515625 0.6150951578125 0.3450415703125 0.609477178125 0.3495661625 0.6018130968750001 0.351645071875 0.5810249437499999 0.34488206875 0.5473952046874999 0.334110734375 0.545495928125 0.3303555234375 0.5532956703125 0.3226378265625 0.5970649046875 0.3253246890625 0.6088211890624999
3 0.3064211078125 0.7070306390625001 0.314160765625 0.71262629375 0.32334749218750003 0.7100152171875 0.3306625828125 0.700022546875 0.33379789843749996 0.6822412953125 0.32848196406249996 0.6404048265625 0.321270509375 0.6363126234375 0.3159306890625 0.6396020109375 0.3046531109375 0.6855641734375 0.3064211078125 0.7070306390625001
11 0.7517786953125001 0.18335480312500002 0.760196040625 0.180608065625 0.7718403921875 0.16855813125000002 0.775894571875 0.141066696875 0.7844614015625 0.12847411250000002 0.7892849609375 0.1011183421875 0.7769290171875001 0.0947087125 0.7698551046875 0.10333359375 0.764985696875 0.1264503359375 0.7475072234375 0.1670881671875 0.7517786953125001 0.18335480312500002
11 0.6819249109375 0.7774730359375 0.6853811546874999 0.7893649828125 0.6974959203125 0.7971424 0.7109660609375 0.7882350312499999 0.71554844375 0.7622470484375 0.7303739578124999 0.73665489375 0.73269404375 0.7144989500000001 0.7249085390625 0.70466426875 0.7116337296874999 0.7079648203125 0.7008962984375 0.7328675 0.685783759375 0.7555884171875 0.6819249109375 0.7774730359375
5 0.397004259375 0.0178455234375 0.3906419375 0.04492996875 0.3982082234375 0.10549732812499998 0.40710792500000004 0.10001501093750001 0.4109667734375 0.0781303953125 0.4084293953125 0.0565282671875 0.41459638749999994 0.035050635937500005 0.41344828749999996 0.023565678125 0.408499128125 0.015641434375 0.397004259375 0.0178455234375
5 0.2429770296875 0.6394311453125 0.24474502656250002 0.6608976140625 0.239634440625 0.68538214375 0.24179309999999998 0.6956349765625001 0.2564571859375 0.702451596875 0.2625663875 0.69929786875 0.2721437765625 0.6854731578125 0.274509709375 0.6675562453125 0.26999705937499996 0.6526573953125 0.27082423125 0.63446915625 0.2665069125 0.613963490625 0.24962637656250003 0.6152179390625 0.2429770296875 0.6394311453125
8 0.687898496875 0.6671114734375 0.6911135625 0.680371209375 0.705249446875 0.6856843765625 0.7148726812499999 0.6760986953125 0.7278265609375 0.6431249453125 0.73029613125 0.6111231578125 0.7268857359374999 0.603470240625 0.722028271875 0.6040240531250001 0.7042288703125 0.6149886859375 0.68929971875 0.6546657140625001 0.687898496875 0.6671114734375
8 0.7371704734375 0.2527050328125 0.750778153125 0.2565147484375 0.7596320078125001 0.2467934046875 0.7747106421875001 0.197270528125 0.7745731015625 0.18455344375 0.7713580375 0.171293709375 0.7528351015625 0.18636170624999998 0.747919846875 0.205239421875 0.73713656875 0.2259030734375 0.7371704734375 0.2527050328125
2 0.3770562171875 0.0904851421875 0.370889225 0.11196277031249999 0.372461890625 0.139036053125 0.3691312453125 0.162424121875 0.38360000156249996 0.17484755624999998 0.3954855328125 0.1614298328125 0.39587619531249996 0.1502162 0.3932471234375 0.1201360140625 0.395417725 0.10782591718750001 0.390767534375 0.080209984375 0.38235019062500003 0.082956721875 0.3770562171875 0.0904851421875
2 0.2665088390625 0.5194727421875001 0.261214865625 0.5270011609374999 0.2553348984375 0.5513500296875 0.255460496875 0.5866300437499999 0.25944494218749997 0.6000254421875 0.269733921875 0.604660296875 0.27839244375 0.6005457671875 0.2859487140625 0.589185309375 0.288555825 0.5699006078125 0.283997328125 0.5507627296875001 0.28559388124999996 0.532710153125 0.2789106296875 0.5301214015625 0.272905065625 0.5191902546875 0.2665088390625 0.5194727421875001
0 0.36373363593749997 0.1840374125 0.3642498953125 0.20810379375000002 0.3561993265625 0.244762759375 0.36196371250000003 0.25706169375 0.3722068453125 0.25745751875 0.3820712578125 0.24650404843749998 0.38443719062500004 0.22858713593750002 0.37757055156249997 0.20904226874999998 0.3823024171875 0.1732084421875 0.375045115625 0.16487721093750002 0.3691770921875 0.16666314843750002 0.36373363593749997 0.1840374125
0 0.3024882859375 0.41440202499999995 0.296849496875 0.43738310468749997 0.2975610875 0.4558426703125 0.289660003125 0.48265578906249995 0.290808103125 0.49414075 0.29705484531250004 0.5037041062500001 0.3126377984375 0.5008105421875 0.3204352453125 0.48808229531249997 0.3215494421875 0.472765296875 0.31492397968749997 0.45185264218750004 0.3170487359375 0.4353035171875 0.3150854078125 0.4194438671875 0.307058725 0.410976971875 0.3024882859375 0.41440202499999995
4 0.3390776125 0.2473849984375 0.3340248171875 0.2535456265625 0.33233657031249997 0.263120146875 0.33203760312499997 0.2828118375 0.3357808703125 0.297575025 0.3280751171875 0.318781328125 0.32988896093750003 0.344486821875 0.3407061421875 0.350625128125 0.35114460625 0.3454141359375 0.35793149375 0.333918015625 0.35928686875000004 0.3172332265625 0.3500662390625 0.2930423453125 0.3544991375 0.27690020937500004 0.3547522578125 0.2529694890625 0.349561921875 0.246413034375 0.3390776125 0.2473849984375
10 0.721091296875 0.3753878515625 0.716853728125 0.38592317187499997 0.7157853796875 0.4054791984375 0.720493359375 0.41477123125000004 0.7279459921875 0.41749564687499996 0.736466975 0.4006640328125 0.74507965 0.39231047812500003 0.7469173796875 0.37289011250000004 0.7636723187500001 0.3363556484375 0.7660840984374999 0.3226777625 0.7572421874999999 0.309836178125 0.7443002515625 0.320246996875 0.737076853125 0.3387177234375 0.7349979453125 0.3595058765625 0.721091296875 0.3753878515625
6 0.73473480625 0.3115087765625 0.7320818484375 0.32655445156249996 0.7339993296875 0.33817507343750003 0.7637420515625 0.2954688171875 0.770724271875 0.278365878125 0.7730902046875 0.26044896562500003 0.7630424031249999 0.254446321875 0.7582307859374999 0.25923916406249997 0.7489862703125 0.28017414218750003 0.744840396875 0.2991875171875 0.73473480625 0.3115087765625
6 0.6958932015625 0.5542856625 0.6920802 0.5804093078125 0.6970752046875 0.5925725796875 0.7096264796875 0.5933753953124999 0.7197320703125001 0.5810541359375 0.7224886671874999 0.5519235874999999 0.7302402671875 0.5349563109375 0.7332838875000001 0.5086970046875 0.7263136109375 0.5032370125 0.7181832906250001 0.508854990625 0.709179953125 0.5284221812500001 0.7070093515625 0.540732278125 0.6958932015625 0.5542856625
7 0.7140274 0.45594055000000006 0.7085380953125 0.469075784375 0.70962840625 0.49888464531250004 0.7204455875 0.5050229515625 0.73040169375 0.5025475375 0.7356956671875 0.49501912031249995 0.73836056875 0.457410515625 0.749430871875 0.43961810156250003 0.75733195625 0.41280498125 0.7509935203125 0.3947635671875 0.7369951765625 0.40216748437499994 0.7277965078124999 0.4273414921875 0.72745169375 0.44279415312500003 0.7140274 0.45594055000000006
9 0.6320665515624999 0.6643183703125 0.64235553125 0.668953225 0.6498242328125 0.6449521875 0.6626822921875 0.607662903125 0.6559073468750001 0.5965960953125 0.64551473125 0.6060461140625 0.6302527078125 0.638612875 0.6286103093750001 0.6524264234375 0.6320665515624999 0.6643183703125
1 0.32090950937499996 0.318928153125 0.31249216562500004 0.321674890625 0.3061876328125 0.3304354359375 0.3044993859375 0.3400099546875 0.3052109765625 0.35846951875 0.3107800328125 0.3763752703125 0.302017871875 0.3945746734375 0.3007541921875 0.41973751718749996 0.307058725 0.410976971875 0.3148442296875 0.42081165625 0.3162335078125 0.4309288265625 0.3246508515625 0.4281820859375 0.333941215625 0.4114861375 0.33529658906250004 0.39480134843750003 0.326937034375 0.37922418593749996 0.32603011249999997 0.3663714390625 0.3299348078125 0.3487258515625 0.3276386078125 0.32575593281250004 0.32090950937499996 0.318928153125
9 0.6252199484375 0.788629140625 0.6366231234375 0.7779469953125 0.646029065625 0.7246032421875 0.6418034421875001 0.7125756328125 0.6310779531249999 0.714915384375 0.6118653875 0.76088870625 0.61493096875 0.7839942859375 0.6252199484375 0.788629140625
9 0.6394752625 0.568313009375 0.6507748015625 0.5717157359375 0.6603980359375 0.5621300546875 0.6688392671875001 0.51425745625 0.6679781921875 0.5056437375 0.6663935828125 0.5011333828125 0.657448034375 0.502376671875 0.639636690625 0.535904234375 0.6360190203125 0.5564210609375 0.6394752625 0.568313009375
9 0.6596186375 0.490066575 0.667990134375 0.4830808078125 0.676052646875 0.4238589109375 0.6675436078125 0.41812759374999997 0.6579662203125001 0.4319523046875 0.645873415625 0.4735397734375 0.6503860640625 0.48843862343750005 0.6596186375 0.490066575
9 0.6635711046874999 0.3821692671875 0.6662579671875 0.39392555156250003 0.6760187421875 0.3970569546875 0.6859290031249999 0.3903425109375 0.6893971890625 0.379671528125 0.6901785125 0.3572442609375 0.6961043265625 0.3371344203125 0.6928892609374999 0.3238746859375 0.68750359375 0.322925046875 0.6816814171875001 0.3289500140625 0.6655005296875001 0.3712269578125 0.6635711046874999 0.3821692671875
9 0.6813943921875001 0.3260787734375 0.6892376875 0.3175895546875 0.6973918921875 0.26684571562500004 0.69316626875 0.25481810625 0.683256009375 0.2615325484375 0.6663515859375 0.3079128578125 0.6693254734375 0.3225403828125 0.6813943921875001 0.3260787734375
9 0.68836659375 0.23704801718750002 0.693074575 0.24634005 0.70331770625 0.24673587656249998 0.7106327984374999 0.23674320624999998 0.719751715625 0.1805282125 0.7184082843749999 0.17465007187499998 0.7130226171875 0.1737004328125 0.7049381453125 0.18355744062499998 0.69000899375 0.22323446875 0.68836659375 0.23704801718750002
9 0.720188225 0.1735536078125 0.7305588796875 0.11473870156249999 0.723301578125 0.10640746875 0.714975928125 0.1176322640625 0.6998055984375 0.15867708281249998 0.7028253328125 0.177543634375 0.720188225 0.1735536078125