9 0.59765625 0.196875 0.034375 0.0640625
9 0.65078125 0.53828125 0.0421875 0.0828125
9 0.559375 0.440625 0.0359375 0.0703125
9 0.56875 0.34765625 0.0390625 0.0828125
11 0.77265625 0.1453125 0.0484375 0.1
11 0.70078125 0.7546875 0.0546875 0.103125
7 0.725 0.44765625 0.059375 0.121875
6 0.7546875 0.303125 0.05 0.103125
10 0.6140625 0.42421875 0.053125 0.115625
0 0.38046875 0.68984375 0.0515625 0.1046875
5 0.45859375 0.584375 0.046875 0.09375
2 0.2703125 0.55625 0.0546875 0.0953125
3 0.475 0.50234375 0.0421875 0.08125
3 0.5296875 0.2609375 0.0390625 0.0828125
3 0.5 0.70859375 0.0421875 0.0796875
1 0.32109375 0.3734375 0.0640625 0.125
4 0.34765625 0.2953125 0.0578125 0.1125
0 0.378125 0.20703125 0.0484375 0.103125
5 0.409375 0.0578125 0.0484375 0.1
3 0.45234375 0.07421875 0.0390625 0.0828125
6 0.56484375 0.70859375 0.0484375 0.1015625
8 0.5984375 0.521875 0.046875 0.09375
8 0.6359375 0.2765625 0.04375 0.0890625
2 0.5 0.40234375 0.046875 0.096875
3 0.48359375 0.16015625 0.0390625 0.0796875
3 0.43671875 0.4 0.040625 0.078125
9 0.70859375 0.215625 0.0375 0.0796875
9 0.6203125 0.76484375 0.040625 0.0671875
9 0.721875 0.1453125 0.0359375 0.078125