0 0.67578125 0.23671875 0.03046875 0.0984375
3 0.628125 0.09140625 0.025 0.078125
7 0.2890625 0.4046875 0.0375 0.1171875
9 0.4625 0.1765625 0.0234375 0.078125
3 0.52421875 0.5078125 0.0265625 0.0765625
8 0.39921875 0.50234375 0.03125 0.090625
8 0.409375 0.2546875 0.028125 0.08671875
10 0.40234375 0.40234375 0.0328125 0.1125
9 0.453125 0.43203125 0.02421875 0.06484375
9 0.46171875 0.3375 0.025 0.08046875
4 0.68828125 0.32890625 0.0375 0.1078125
6 0.39765625 0.6921875 0.03203125 0.096875
0 0.58125 0.709375 0.03359375 0.09921875
3 0.51640625 0.25859375 0.025 0.0796875
9 0.34453125 0.50859375 0.02890625 0.07734375
5 0.6734375 0.08359375 0.03046875 0.0953125
3 0.46015625 0.70546875 0.028125 0.075
11 0.2546875 0.7109375 0.03828125 0.09765625
1 0.70078125 0.41015625 0.0421875 0.11875
2 0.51796875 0.40390625 0.0296875 0.0921875
6 0.2875 0.2578125 0.03046875 0.1
3 0.58125 0.16953125 0.025 0.0765625
3 0.58125 0.4140625 0.02734375 0.07421875
2 0.71484375 0.6 0.03828125 0.090625
9 0.35 0.18125 0.0234375 0.07734375
5 0.52265625 0.58828125 0.03125 0.0921875
9 0.33046875 0.7359375 0.0296875 0.06328125
11 0.29921875 0.09921875 0.03125 0.096875
9 0.35078125 0.1140625 0.02265625 0.071875