3 0.56171875 0.33671875 0.040625 0.075
2 0.45625 0.309375 0.046875 0.09375
5 0.4984375 0.3921875 0.046875 0.0890625
4 0.50625 0.48125 0.0546875 0.1078125
9 0.22578125 0.61328125 0.0484375 0.0796875
8 0.71953125 0.43671875 0.0453125 0.084375
7 0.6109375 0.3875 0.05625 0.1140625
10 0.36328125 0.40859375 0.0546875 0.10625
9 0.72421875 0.3734375 0.0421875 0.078125
3 0.43203125 0.59453125 0.04375 0.0765625
6 0.50546875 0.584375 0.05 0.096875
6 0.34296875 0.496875 0.0515625 0.0984375
8 0.3375 0.69140625 0.05625 0.0984375
9 0.4890625 0.67265625 0.0421875 0.078125
9 0.44453125 0.83359375 0.046875 0.0828125
0 0.64453125 0.4796875 0.040625 0.075