9 0.65234375 0.51953125 0.0328125 0.0796875
5 0.3265625 0.703125 0.0421875 0.096875
6 0.546875 0.5203125 0.034375 0.0953125
9 0.54375 0.34609375 0.0296875 0.078125
4 0.4359375 0.3171875 0.0390625 0.1109375
0 0.56796875 0.09765625 0.03125 0.103125
3 0.47265625 0.5109375 0.03125 0.0765625
3 0.35 0.590625 0.034375 0.0765625
0 0.4046875 0.709375 0.0375 0.0984375
9 0.6671875 0.12109375 0.028125 0.0796875
11 0.65 0.4390625 0.0375 0.096875
9 0.59609375 0.18671875 0.0296875 0.078125
11 0.5984375 0.334375 0.0359375 0.09375
6 0.4796875 0.40859375 0.0328125 0.0984375
7 0.49765625 0.2421875 0.0375 0.1125
3 0.590625 0.61015625 0.03125 0.075
3 0.38984375 0.0875 0.028125 0.078125
9 0.5453125 0.32421875 0.01875 0.034375
5 0.3296875 0.21875 0.0375 0.09375
9 0.5359375 0.7171875 0.0328125 0.0796875
3 0.43359375 0.1671875 0.028125 0.075
9 0.59921875 0.16484375 0.0171875 0.0328125
9 0.67109375 0.1 0.01875 0.034375
1 0.50234375 0.159375 0.0359375 0.1203125
3 0.4328125 0.14765625 0.01875 0.0328125
6 0.47890625 0.3828125 0.0203125 0.0453125
3 0.47265625 0.4921875 0.0203125 0.034375
3 0.346875 0.57109375 0.01875 0.034375
9 0.5390625 0.6953125 0.01875 0.0359375
3 0.4046875 0.68359375 0.0234375 0.0453125
9 0.5046875 0.0953125 0.01875 0.0421875
3 0.43359375 0.28671875 0.025 0.04375
3 0.32421875 0.19296875 0.021875 0.0359375