11 0.43203125 0.621875 0.0546875 0.0953125
6 0.60703125 0.5734375 0.0546875 0.096875
0 0.51171875 0.23203125 0.0515625 0.1015625
3 0.5375 0.15390625 0.04375 0.0796875
4 0.42734375 0.3453125 0.0578125 0.1140625
7 0.4484375 0.2484375 0.0609375 0.1203125
3 0.665625 0.5578125 0.046875 0.08125
9 0.25859375 0.16328125 0.04375 0.084375
1 0.309375 0.12265625 0.0609375 0.125
3 0.50546875 0.634375 0.0453125 0.0796875
11 0.38828125 0.44921875 0.0546875 0.1
5 0.54296875 0.590625 0.0546875 0.096875
9 0.415625 0.12109375 0.0421875 0.0796875
9 0.35625 0.55234375 0.046875 0.08125
5 0.56640625 0.38671875 0.053125 0.096875
9 0.33984375 0.2109375 0.0453125 0.0828125
3 0.46875 0.09609375 0.0421875 0.078125
3 0.4421875 0.42890625 0.0453125 0.08125