3 0.70390625 0.76953125 0.0375 0.08125
6 0.47109375 0.45 0.0359375 0.0921875
9 0.52109375 0.5109375 0.0328125 0.0734375
7 0.37578125 0.6453125 0.0484375 0.1171875
4 0.36015625 0.3578125 0.040625 0.103125
10 0.32890625 0.5125 0.046875 0.1078125
9 0.415625 0.4421875 0.0328125 0.0734375
3 0.53671875 0.39453125 0.03125 0.071875
9 0.2265625 0.7265625 0.046875 0.096875
3 0.48984375 0.31640625 0.0296875 0.071875
9 0.50234375 0.68046875 0.034375 0.0796875
2 0.4265625 0.31875 0.0359375 0.090625
9 0.64765625 0.4734375 0.03125 0.075
9 0.3671875 0.8140625 0.0390625 0.0828125
0 0.44609375 0.5703125 0.0390625 0.090625
3 0.59140625 0.3453125 0.03125 0.0734375
0 0.49765625 0.8359375 0.04375 0.103125
9 0.70703125 0.3546875 0.0328125 0.0734375
8 0.57109375 0.66015625 0.0390625 0.0890625
8 0.565625 0.83203125 0.04375 0.1
3 0.640625 0.64453125 0.034375 0.0765625
3 0.6328125 0.3921875 0.03125 0.0703125
3 0.64296875 0.86328125 0.0375 0.0828125