11 0.39375 0.41875 0.0375 0.0953125
5 0.3546875 0.10625 0.034375 0.096875
7 0.40859375 0.31796875 0.040625 0.11875
10 0.57890625 0.30390625 0.040625 0.1125
0 0.40390625 0.24921875 0.0328125 0.09375
6 0.33671875 0.246875 0.0359375 0.0984375
9 0.55390625 0.69921875 0.0328125 0.0796875
2 0.52421875 0.428125 0.0359375 0.0921875
1 0.39609375 0.1546875 0.0390625 0.11875
5 0.53046875 0.49296875 0.0375 0.096875
8 0.6953125 0.8375 0.040625 0.0859375
8 0.6859375 0.3375 0.0375 0.0875
9 0.63671875 0.41953125 0.0328125 0.0796875
9 0.665625 0.60390625 0.034375 0.08125
3 0.35078125 0.69765625 0.0359375 0.078125
4 0.5625 0.1625 0.0390625 0.1125
6 0.2953125 0.5125 0.0421875 0.0984375
0 0.47265625 0.6125 0.0390625 0.09375
3 0.41875 0.6171875 0.0328125 0.0765625
3 0.2828125 0.24375 0.0328125 0.078125
2 0.42265625 0.8375 0.040625 0.090625
2 0.60546875 0.98359375 0.025 0.0203125