8 0.62109375 0.8703125 0.0453125 0.0859375
10 0.56328125 0.83515625 0.0546875 0.1078125
11 0.68515625 0.875 0.053125 0.0984375
6 0.48828125 0.83359375 0.046875 0.0953125
3 0.52265625 0.5203125 0.0375 0.08125
4 0.44140625 0.3828125 0.05 0.1140625
1 0.62421875 0.24765625 0.0484375 0.11875
2 0.35625 0.815625 0.0453125 0.09375
0 0.27265625 0.8 0.05 0.09375
5 0.2125 0.78203125 0.053125 0.096875
7 0.51796875 0.23984375 0.0484375 0.1203125
9 0.41484375 0.15703125 0.034375 0.08125
0 0.50234375 0.9921875 0.0234375 0.015625
9 0.37421875 0.978125 0.025 0.021875