3 0.30859375 0.6546875 0.04375 0.08125
7 0.63515625 0.62265625 0.059375 0.11875
10 0.6234375 0.32890625 0.0515625 0.115625
0 0.446875 0.60234375 0.0484375 0.0984375
1 0.35859375 0.46875 0.0578125 0.11875
4 0.64296875 0.18984375 0.0484375 0.1125
2 0.51484375 0.2390625 0.04375 0.0921875
5 0.453125 0.08515625 0.04375 0.0984375
8 0.578125 0.52890625 0.0453125 0.0890625
6 0.3515625 0.2125 0.05 0.103125
11 0.4171875 0.39375 0.046875 0.0984375
2 0.34296875 0.80859375 0.05 0.0953125
8 0.6078125 0.87421875 0.0484375 0.0890625
9 0.096875 0.8703125 0.0515625 0.078125
9 0.35703125 0.9734375 0.0234375 0.0203125
2 0.4859375 0.99140625 0.025 0.0171875