2 0.4900333640625 0.4496214796875 0.4981804046875 0.4401778328125 0.49763152968749996 0.388738453125 0.48371778125000003 0.3618476 0.4730830015625 0.3753735796875 0.4704118390625 0.4294799859375 0.4752955984375 0.44632735468750007 0.4900333640625 0.4496214796875
11 0.6990569578125 0.1275534359375 0.6985722421875 0.1414338640625 0.704479134375 0.1513682859375 0.7161907453125 0.1517772640625 0.7226792953125 0.145055171875 0.724628615625 0.13400536093749998 0.72213565 0.11585174218750001 0.7300351046875 0.091112359375 0.731688365625 0.066154853125 0.7186575640624999 0.05875113125 0.7120720703125001 0.068249309375 0.709051146875 0.08760011250000001 0.711102640625 0.096010165625 0.6990569578125 0.1275534359375
11 0.718916628125 0.745289503125 0.7231165578125001 0.7593335234375 0.7369281328125 0.7667645109375 0.7481982703125001 0.7574299250000001 0.75121919375 0.738079121875 0.7493131156249999 0.725504940625 0.7600448375 0.709202875 0.760185021875 0.6828027953125 0.7496419578125 0.671316740625 0.7385172343749999 0.6764871984374999 0.7278876859375 0.7122491296875 0.7195467578125 0.727244946875 0.718916628125 0.745289503125
5 0.333450340625 0.075873578125 0.32911545625 0.1104655890625 0.3364384828125 0.12461866875000001 0.349808584375 0.12230609218749999 0.355710246875 0.1100045640625 0.3476012171875 0.0735882671875 0.350719084375 0.05146137656250001 0.341979925 0.033089639062499995 0.3341237125 0.0342050296875 0.32919671093749997 0.0409816515625 0.3283726953125 0.06457837968749999 0.333450340625 0.075873578125
5 0.26453889375 0.6613252453125 0.264834953125 0.6752329375 0.2696217703125 0.6948563953125 0.2672846765625 0.71701055 0.271533078125 0.7296665265625 0.2838315765625 0.7356549421875 0.2933947515625 0.730429953125 0.30022260312500004 0.7139915593749999 0.300071959375 0.6959197390625 0.2934812359375 0.6831819671875 0.28688528281250003 0.64820824375 0.2784421828125 0.6437441984375 0.268098234375 0.6489419203125 0.26453889375 0.6613252453125
1 0.2958905265625 0.34556037968750003 0.29032816562499997 0.348145609375 0.2842810890625 0.364611265625 0.2866771125 0.38554096875 0.295416271875 0.40391270781250005 0.28932072343750004 0.421766409375 0.29079055781249996 0.44683297499999997 0.3010860359375 0.44302329374999994 0.306895984375 0.4557338015625 0.3115321578125 0.45728543593750004 0.322263878125 0.44098336875 0.3229424796875 0.4215507703125 0.31181252656249997 0.404485278125 0.309125675 0.39188383125000004 0.31048810625 0.3752545828125 0.30428515625 0.35141246718749997 0.2958905265625 0.34556037968750003
4 0.3038764640625 0.27357301093749997 0.300952484375 0.290147728125 0.3089645703125 0.329340109375 0.3037467390625 0.3444449890625 0.3091204453125 0.36964788125000003 0.32146741562500003 0.3742482546875 0.3310790625 0.367635221875 0.33619995 0.355306428125 0.33526853125 0.33720734218750004 0.3227224453125 0.3159231890625 0.32491412343750004 0.2979331640625 0.32251810000000003 0.2770034609375 0.315733490625 0.26981785937499997 0.3038764640625 0.27357301093749997
7 0.7022047984374999 0.44035384375 0.7025008578125 0.4542615375 0.7074330890625 0.469720865625 0.7189992859375 0.474293971875 0.729343234375 0.46909624843750003 0.7327086890625 0.46226509687500006 0.7308943234374999 0.4246788796875 0.7394291374999999 0.40413088906250005 0.7427893609375 0.3750637859375 0.7331240140624999 0.360828909375 0.7210731015625 0.37013623125 0.7139596515625 0.41713882968749993 0.7049348921874999 0.42933129687499993 0.7022047984374999 0.44035384375
6 0.7064165906250001 0.29735816875 0.7099326890625 0.3085988375 0.7343685843750001 0.2580319453125 0.7377772796875 0.22757679843749998 0.7270888 0.220254871875 0.7204063640625 0.232529134375 0.71529070625 0.2670938796875 0.706949778125 0.2820896984375 0.7064165906250001 0.29735816875
9 0.650572940625 0.21758287968749998 0.6637006859375 0.2222105171875 0.6709700093750001 0.2155156890625 0.6728708578125 0.2058539203125 0.6707171921875 0.177984003125 0.673738115625 0.1586332 0.6710027921874999 0.147419796875 0.659829596875 0.153978296875 0.656566315625 0.1802693140625 0.6487638046875001 0.20223261250000002 0.650572940625 0.21758287968749998
9 0.6522157421875 0.14815347343750002 0.6559257265625 0.1538419703125 0.673490528125 0.14333746249999998 0.6746970875 0.08640044375 0.671035575 0.0793239015625 0.66557015625 0.07913304531250001 0.6588392484375001 0.09279535156249999 0.651138909375 0.134218515625 0.6522157421875 0.14815347343750002
9 0.55448925625 0.2156172984375 0.5594647296875 0.2074526328125 0.5593625578125 0.1879927671875 0.555846459375 0.1767521 0.5574512484375 0.1531826375 0.54925050625 0.1417783765625 0.5425195984375 0.1554406828125 0.5361384499999999 0.20385859062499997 0.541216096875 0.2151537890625 0.55448925625 0.2156172984375
9 0.6599788375 0.3735617140625 0.66885818125 0.36553337343750003 0.6708559734375 0.35309551875 0.668508421875 0.33077777343750003 0.6715293453125 0.3114269703125 0.6641578484374999 0.29866193281250003 0.657669296875 0.305384025 0.645090428125 0.3521957671875 0.64914494375 0.37040391562499997 0.6599788375 0.3735617140625
9 0.64611215625 0.5467944140625 0.6568975781249999 0.5513402546874999 0.6657769234375001 0.543311915625 0.6684100734375 0.5350654546875 0.6691319171875 0.4920088625 0.6641512140625 0.47793757656249997 0.65375879375 0.48452334375 0.64220305625 0.5244221359375 0.642499115625 0.5383298296875 0.64611215625 0.5467944140625
9 0.652917684375 0.642923815625 0.6652646546875001 0.6475241875 0.673411696875 0.6380805390625001 0.675399028125 0.581170784375 0.6654428515624999 0.5752641656249999 0.6588573578125 0.58476234375 0.6484216953125 0.6149721015625 0.648572340625 0.6330439250000001 0.652917684375 0.642923815625
9 0.6525560609375 0.765207909375 0.664170728125 0.7683929734375 0.67309854375 0.7589765921875 0.6758666515625 0.7020940999999999 0.6684466828125 0.6907171062499999 0.6588835078125 0.6959420953125 0.6480116015624999 0.7386442390625 0.6482107171875 0.75532801875 0.6525560609375 0.765207909375
9 0.541225153125 0.461137284375 0.5528882921875 0.46293430625000004 0.5609868625 0.4548787015625 0.5623008234375 0.439637496875 0.5580956640625 0.4033575265625 0.5538472624999999 0.39070155 0.5476010703124999 0.390483428125 0.542625596875 0.3986480921875 0.5376121109375 0.4526727015625 0.541225153125 0.461137284375
8 0.5891065921874999 0.2988205546875 0.60233128125 0.30067210625 0.61052679375 0.28984041718750003 0.614027203125 0.2343732359375 0.6098757453125 0.21894117343750003 0.6044587984375001 0.21736227343749998 0.5906039796875 0.23355527812500002 0.5841258890625001 0.28474927031249997 0.5891065921874999 0.2988205546875
8 0.7135757046875 0.6519907171875 0.7251419015625 0.656563825 0.737241284375 0.6458684609375 0.739481434375 0.6264903921875 0.7455285109374999 0.610024734375 0.7462071124999999 0.590592134375 0.7434717890625 0.5793787312500001 0.7359064046875 0.5721658656249999 0.7182446609375 0.5854464593750001 0.7090797171875 0.6240390046875001 0.7092303609374999 0.6421108265625 0.7135757046875 0.6519907171875
6 0.7158001656249999 0.5659047968750001 0.722972546875 0.5619860578125 0.7288257375 0.551072571875 0.7266236 0.524590696875 0.7337907515625 0.49843600468749993 0.7335916359375 0.481752225 0.7284655171875001 0.47184506875 0.71812156875 0.4770427921875 0.7005672265625 0.5320191999999999 0.7035016656249999 0.5599163828125 0.7158001656249999 0.5659047968750001
3 0.46502104062500005 0.5390808375 0.4702925734375 0.5448238640625 0.4828819015625 0.5424840234375 0.4886866203125 0.5329585796874999 0.488584446875 0.513498715625 0.48276926875 0.4785522578125 0.476765434375 0.471393921875 0.47120307187500005 0.47397915 0.46277043124999995 0.5139870046875 0.46502104062500005 0.5390808375
3 0.45657130625000003 0.7138924359375001 0.45823502656250004 0.7334068312500001 0.46575193906249995 0.742007740625 0.476731246875 0.7410014109375 0.48419445781250003 0.7287544125000001 0.484776115625 0.7120978984375 0.4805761875 0.698053878125 0.4791063515625 0.6729873125 0.4753963671875 0.6672988156249999 0.4659301359375 0.6697477171874999 0.45657130625000003 0.7138924359375001
3 0.347489603125 0.6364272390625 0.35929815781249996 0.6340601312499999 0.36519981874999996 0.621758603125 0.36441381562499997 0.5994953875 0.352987803125 0.5685222015625 0.3412277203125 0.569501265625 0.3372373671875 0.616612925 0.3399242203125 0.6292143718750001 0.347489603125 0.6364272390625
3 0.4090699875 0.41760973124999995 0.4106367640625 0.4399002125 0.4166406 0.44705854843750004 0.4276199078125 0.44605221874999995 0.43508311875 0.43380522031249996 0.43473858906249996 0.4212855703125 0.4297094140625 0.408602328125 0.4275557484375 0.3807324109375 0.4230649890625 0.37501664843750004 0.4159410796875 0.377547346875 0.4090699875 0.41760973124999995
3 0.3706457234375 0.3314940625 0.366208665625 0.34662620781250003 0.3681147453125 0.3592003890625 0.3740701078125 0.3677467671875 0.38504941718749996 0.36674043749999996 0.3908056640625 0.3586030375 0.3913873234375 0.3419465234375 0.385771259375 0.3236838453125 0.3835206515625 0.2985900140625 0.37341905937500003 0.2968475234375 0.36985971875 0.309230846875 0.3706457234375 0.3314940625
3 0.418823221875 0.1830850265625 0.41994852656250004 0.1956319421875 0.42517158750000006 0.2027630140625 0.43454087656249996 0.203090196875 0.44268791875 0.1936465484375 0.44244033125 0.1783508125 0.43614043750000003 0.1572847828125 0.4367705671875 0.13924022656249999 0.43315752500000004 0.13077564218749999 0.4269113328125 0.1305575203125 0.42271663281249994 0.138749453125 0.42321180781249995 0.1693409234375 0.418823221875 0.1830850265625
3 0.481548425 0.2672698328125 0.4802344640625 0.2825110375 0.48526363906250003 0.2951942796875 0.4993175734375 0.29568505312500004 0.50434151875 0.2861323453125 0.504142403125 0.26944856562499997 0.498332453125 0.256738059375 0.5006695453125001 0.2345839046875 0.4963242015625 0.22470401406249998 0.4892487640625 0.2258466703125 0.486664084375 0.2327050875 0.4865238984375 0.25910516562499997 0.481548425 0.2672698328125
3 0.377076746875 0.08017651718749999 0.379031296875 0.0913626546875 0.3736680515625 0.1106316640625 0.37571954375 0.11904171562500002 0.38177184999999997 0.124812009375 0.3935319328125 0.1238329453125 0.3977751046875 0.11425297187500001 0.3974790453125 0.100345278125 0.3931821734375 0.0890773453125 0.39122239375 0.0556552546875 0.3874639375 0.051354801562499997 0.380340028125 0.0538854984375 0.377076746875 0.08017651718749999
0 0.3210862765625 0.2060769515625 0.323627715625 0.22284252656249998 0.3220281546875 0.2686479390625 0.3287158203125 0.27860962499999997 0.33969512968750004 0.2776032953125 0.3478906421875 0.2667716046875 0.34852077187499997 0.24872705 0.3383170078125 0.22752469375 0.33718647343749997 0.19274182812500001 0.3312311109375 0.18419544999999998 0.324936446875 0.1853653703125 0.3210862765625 0.2060769515625
0 0.2924490484375 0.44411141875000004 0.2900150140625 0.46904165937500003 0.294118 0.485861765625 0.289584 0.5037699953125 0.2898800578125 0.5176776890625 0.29954540625 0.531912565625 0.30735314687500004 0.5321852171875 0.3178425109375 0.522823365625 0.320863434375 0.5034725609375 0.31070814062499996 0.4808821640625 0.30982519375 0.461395034375 0.306260625 0.4515424078125 0.299572959375 0.44158072031250006 0.2924490484375 0.44411141875000004
2 0.26729654062499997 0.5599708546875 0.264814034375 0.5862891375 0.269213078125 0.6170169359375001 0.274242253125 0.629700178125 0.285759978125 0.635661328125 0.2945423796875 0.6304090734375001 0.3004925140625 0.616719503125 0.30034186875 0.59864768125 0.2932612015625 0.5775543859375001 0.292232840625 0.562231384375 0.27856667812499997 0.5506362671875 0.2722720140625 0.5518061890625 0.26729654062499997 0.5599708546875
10 0.702377765625 0.345857871875 0.6995992 0.35826846093750003 0.7013598640625001 0.375006771875 0.70726675625 0.3849411921875 0.715026025 0.3866018875 0.720292328125 0.370108965625 0.7276585953125 0.360638053125 0.7265817625000001 0.34670309375 0.7391121593750001 0.30127939531250003 0.7395968749999999 0.2873989671875 0.7366676640625001 0.281737734375 0.726663015625 0.27721915625000004 0.7159797671875 0.2921331796875 0.712226540625 0.3100686765625 0.7131094874999999 0.32955580625 0.702377765625 0.345857871875