9 0.65234375 0.48203125 0.0421875 0.0828125
5 0.38125 0.7390625 0.0546875 0.1
6 0.55 0.50859375 0.046875 0.0984375
9 0.50546875 0.33984375 0.040625 0.0796875
4 0.39375 0.33828125 0.053125 0.1125
0 0.46875 0.09296875 0.0453125 0.1046875
3 0.4765625 0.5171875 0.040625 0.078125
3 0.37578125 0.62421875 0.04375 0.0796875
0 0.4578125 0.7265625 0.05 0.1
9 0.5703125 0.09140625 0.0390625 0.08125
11 0.63125 0.4046875 0.05 0.0984375
9 0.5171875 0.17265625 0.0390625 0.08125
11 0.55546875 0.315625 0.046875 0.096875
6 0.45859375 0.41640625 0.0453125 0.1
7 0.4359375 0.25078125 0.053125 0.115625
3 0.6140625 0.58515625 0.0421875 0.078125
3 0.29375 0.1265625 0.0390625 0.08125
9 0.5015625 0.31796875 0.0234375 0.0359375
5 0.26640625 0.26875 0.05 0.0953125
9 0.58671875 0.7015625 0.04375 0.0828125
3 0.35546875 0.19296875 0.0375 0.078125
9 0.51484375 0.15078125 0.021875 0.034375
9 0.56953125 0.0703125 0.021875 0.0359375
1 0.41953125 0.16875 0.0515625 0.121875
3 0.35 0.17421875 0.021875 0.034375
6 0.45078125 0.39140625 0.0265625 0.046875
3 0.471875 0.49921875 0.0234375 0.0359375
3 0.36875 0.60625 0.0234375 0.0359375
9 0.58515625 0.6796875 0.0234375 0.0375
3 0.4515625 0.7015625 0.0296875 0.0484375
9 0.40703125 0.10625 0.0234375 0.04375
3 0.384375 0.309375 0.0296875 0.046875
3 0.25546875 0.24453125 0.0265625 0.0375