11 0.5875 0.6078125 0.0390625 0.0921875
6 0.40703125 0.590625 0.040625 0.09375
0 0.4421875 0.23828125 0.0359375 0.0984375
3 0.403125 0.16640625 0.03125 0.078125
4 0.5453125 0.33515625 0.040625 0.1109375
7 0.50703125 0.24375 0.0421875 0.11875
3 0.346875 0.58515625 0.0359375 0.078125
9 0.6796875 0.1265625 0.03125 0.0828125
1 0.62265625 0.0953125 0.040625 0.1234375
3 0.51796875 0.63359375 0.034375 0.0765625
11 0.60078125 0.43046875 0.0390625 0.0984375
5 0.4734375 0.596875 0.0390625 0.0953125
9 0.5171875 0.1125 0.0296875 0.078125
9 0.65078125 0.5265625 0.034375 0.078125
5 0.41484375 0.4 0.0390625 0.09375
9 0.60703125 0.1875 0.03125 0.08125
3 0.4609375 0.096875 0.0296875 0.0765625
3 0.54453125 0.4203125 0.0328125 0.078125