11 0.4046875 0.6015625 0.034375 0.090625
6 0.5859375 0.596875 0.034375 0.0921875
0 0.57578125 0.24296875 0.0296875 0.096875
3 0.6203125 0.1734375 0.0265625 0.0765625
4 0.46640625 0.3328125 0.0328125 0.109375
7 0.5109375 0.24375 0.034375 0.115625
3 0.646875 0.59609375 0.0296875 0.0765625
9 0.346875 0.11484375 0.025 0.08125
1 0.40625 0.0875 0.0328125 0.121875
3 0.47265625 0.63203125 0.028125 0.075
11 0.40390625 0.4234375 0.0328125 0.0953125
5 0.51953125 0.5984375 0.0328125 0.0921875
9 0.509375 0.1125 0.0234375 0.0765625
9 0.34765625 0.515625 0.0296875 0.0765625
5 0.5921875 0.40625 0.0328125 0.0921875
9 0.41484375 0.18125 0.0265625 0.0796875
3 0.5671875 0.1 0.025 0.075
3 0.4609375 0.4171875 0.0265625 0.0765625