7 0.54296875 0.48671875 0.0328125 0.10859375
0 0.6609375 0.771875 0.0375 0.0984375
10 0.55390625 0.7578125 0.0375 0.10546875
6 0.33984375 0.4703125 0.0296875 0.09296875
9 0.275 0.77109375 0.03046875 0.07734375
4 0.64765625 0.46875 0.0328125 0.09921875
5 0.70625 0.55 0.034375 0.08671875
9 0.346875 0.61875 0.0296875 0.07421875
6 0.4046875 0.42421875 0.028125 0.09140625
5 0.5953125 0.6125 0.03203125 0.08671875
9 0.5359375 0.625 0.02890625 0.07421875
9 0.4640625 0.53203125 0.02578125 0.0671875
0 0.4828125 0.67421875 0.03359375 0.0953125
2 0.5859375 0.421875 0.0296875 0.08828125
3 0.52421875 0.41640625 0.025 0.07109375
1 0.42109375 0.59609375 0.03515625 0.11328125
9 0.41171875 0.93984375 0.0328125 0.08359375
9 0.61328125 0.925 0.03359375 0.08203125
3 0.40546875 0.7515625 0.0296875 0.075
8 0.55234375 0.83671875 0.03515625 0.0875
8 0.54609375 0.9390625 0.0375 0.10078125
3 0.2765625 0.94453125 0.0328125 0.0828125