3 0.33453626718749996 0.1273009578125 0.34154611562500004 0.137949025 0.35391878125 0.1356915625 0.357331096875 0.128491546875 0.3485773375 0.09290437968750001 0.3472209609375 0.0735073015625 0.343619153125 0.06679776093749999 0.336508146875 0.0659027328125 0.331827790625 0.0773682578125 0.3368828578125 0.10486037968749999 0.33453626718749996 0.1273009578125
3 0.3419122765625 0.1991837578125 0.34521915625 0.21287532343749999 0.3511590046875 0.21942136875 0.3634347875 0.2157784015625 0.365970871875 0.2072473796875 0.364222684375 0.1934468203125 0.3559490703125 0.1759257234375 0.355565809375 0.15924515781249998 0.349238425 0.1471570875 0.343100534375 0.14897857187500002 0.34056445 0.15750959375 0.3456195171875 0.18500171875 0.3419122765625 0.1991837578125
3 0.3513271234375 0.289023634375 0.35872878125 0.29407518125 0.3686665234375 0.29059570625000003 0.3725675328125 0.279184678125 0.37091622968750004 0.2667696234375 0.3578782 0.22591292031250002 0.349111615625 0.223741378125 0.3463774890625 0.2406399328125 0.3482140109375 0.27810308125 0.3513271234375 0.289023634375
3 0.354132484375 0.340341840625 0.3513014734375 0.3558548875 0.35587212031250004 0.376419484375 0.36249443124999997 0.38152552812499996 0.3724321734375 0.37804605156250004 0.3766238359375 0.370791540625 0.375461228125 0.3541654734375 0.36495500625 0.3159162875 0.3597945046875 0.30931574375 0.3528772671875 0.311191725 0.3504380671875 0.321108253125 0.354132484375 0.340341840625
3 0.358079078125 0.463978825 0.3663612421875 0.45922283750000004 0.3702622515625 0.447811809375 0.3685140640625 0.43401125 0.35313799375 0.39331803593750003 0.342324021875 0.395466503125 0.34444691875 0.44822471249999996 0.34921560937499996 0.4604217765625 0.358079078125 0.463978825
3 0.34441271875 0.53733305 0.3512245234375 0.5563486484375 0.35774995 0.5600691875 0.3684670390625 0.5565352140625001 0.3723680484375 0.5451241859375 0.371205440625 0.52849811875 0.3632224796875 0.5151335390625 0.35514690781249997 0.489244909375 0.34803590156249997 0.488349878125 0.34374735625 0.49421888437500006 0.34441271875 0.53733305
3 0.3568395203125 0.6478465171875001 0.369599721875 0.6511310781249999 0.376129425 0.643713075 0.37866550781249997 0.6351820515625 0.3756535546875 0.6145084625 0.360955671875 0.5835137890625 0.350044815625 0.58427675 0.348288078125 0.592753275 0.3513883671875 0.63708945625 0.3568395203125 0.6478465171875001
3 0.3622564734375 0.7477119171875 0.3711199421875 0.7512689640625 0.37940210625000004 0.7465129765625 0.3840824625 0.7350474515625 0.3828229703125 0.717035878125 0.367543784375 0.677728171875 0.359556546875 0.6755021328125 0.3551711171875 0.67998563125 0.3553477859375 0.7273108140625 0.3622564734375 0.7477119171875
11 0.6676963859375 0.1318497390625 0.675199203125 0.1271482515625 0.6835825265625 0.112639228125 0.6808655 0.0849836125 0.686131434375 0.070692578125 0.6841937546875 0.042982465625 0.6706542062499999 0.039752403125 0.665876965625 0.049832421875 0.6667446453125 0.07344051562500001 0.659616540625 0.11709965468750001 0.6676963859375 0.1318497390625
11 0.7436477671875 0.72521928125 0.7498782671875001 0.7359218453125 0.7635147 0.7405374140625 0.7744298328125 0.728635909375 0.7725890359375 0.702311303125 0.7807828671875 0.673892728125 0.7776740281250001 0.6518336312499999 0.7677405625 0.6441745640625001 0.755658546875 0.65058854375 0.7512645671875 0.6773491265625 0.742097621875 0.7030511890625 0.7436477671875 0.72521928125
5 0.2834199484375 0.057084496875 0.283798934375 0.084903603125 0.305793040625 0.141841403125 0.313102090625 0.1343689015625 0.311551946875 0.1122008125 0.3038639109375 0.09185420625 0.3046518078125 0.0695226234375 0.3007593484375 0.058656567187499994 0.294040153125 0.05216501875 0.2834199484375 0.057084496875
5 0.28434315625 0.6974689296875 0.29125184531250004 0.717870034375 0.2922164109375 0.7428636328125 0.2967913328125 0.752289684375 0.3126689234375 0.7553562578124999 0.3178337 0.750818259375 0.3237820984375 0.735087221875 0.321743259375 0.717130146875 0.313760296875 0.703765565625 0.3101627640625 0.685917484375 0.30101291875 0.667065378125 0.2849372859375 0.6723663359375001 0.28434315625 0.6974689296875
8 0.722745034375 0.6166907890625 0.7290724171875 0.6287788578125 0.7440737765625001 0.630514421875 0.7510921749999999 0.6188854046875 0.755684196875 0.5837572890625 0.750338478125 0.5521086484375 0.7451779765625 0.5455081046875 0.7405987781250001 0.54722059375 0.7259806796875 0.5621655953125 0.72109373125 0.6042757359375 0.722745034375 0.6166907890625
8 0.670299428125 0.20267401875000002 0.6844245578125 0.203078575 0.6906636078124999 0.1915040546875 0.693313675 0.13980436875 0.6901036781250001 0.127498309375 0.68377629375 0.1154102390625 0.6694488484375001 0.13451175625 0.6692465296875 0.15401783125 0.6637825515625 0.17667639531249998 0.670299428125 0.20267401875000002
2 0.28163756093750003 0.13239227656250002 0.2808496640625 0.1547238578125 0.28892523593749997 0.18061248593749998 0.2913516109375 0.20411158437500002 0.308396084375 0.21266568125 0.31668252343750003 0.196771153125 0.31434875624999997 0.18579610156249998 0.3045207234375 0.15724545625 0.30364876875 0.14477590468749998 0.292455809375 0.1191052671875 0.2849529921875 0.12380675468749999 0.28163756093750003 0.13239227656250002
2 0.27815540625 0.5753809421875 0.2748399765625 0.5839664640625 0.27502519375 0.609014559375 0.28368206875 0.643216221875 0.29078879999999996 0.65524979375 0.301893425 0.6572578453125 0.3092993578125 0.6511708484375001 0.31388283125 0.6383198171875 0.3117471078125 0.6189772375 0.302694146875 0.6015106359375 0.2998759609375 0.58360805625 0.2927649546875 0.5827130265625 0.2842932984375 0.573559459375 0.27815540625 0.5753809421875
0 0.2913430609375 0.22638866875 0.2976661703125 0.24961528125000002 0.29872334375 0.2871329265625 0.307291884375 0.297672 0.3173265109375 0.2955780296875 0.3242480234375 0.28256350625 0.3222091859375 0.26460643125 0.3108181828125 0.24730332187499998 0.30674050625 0.2113891703125 0.29768327031249997 0.2050611125 0.292421609375 0.208213603125 0.2913430609375 0.22638866875
0 0.28764720312500003 0.46472705937500003 0.2877355375 0.4883896484375 0.2928917640625 0.5061287375 0.29171205625 0.5340568375 0.295604515625 0.54492289375 0.3039792890625 0.5526909546875001 0.31839934375 0.546113484375 0.3228859328125 0.531876946875 0.3202615140625 0.51674538125 0.3087736296875 0.498056765625 0.306831675 0.481485196875 0.30108986875 0.4665716171875 0.2912532859375 0.46029805625 0.28764720312500003 0.46472705937500003
4 0.28274459531249996 0.2938193921875 0.2793322796875 0.30101940625 0.2800104671875 0.3107179453125 0.28448423125 0.3298970359375 0.291687846875 0.3433161140625 0.28934125625 0.365756690625 0.29731994375 0.3902598140625 0.30930079843749997 0.393598871875 0.3181685421875 0.3860173765625 0.3219726671875 0.37322084218749996 0.319251365625 0.35670376875 0.304452325 0.3354621328125 0.3048484109375 0.318727071875 0.29930464843750004 0.29544596093750003 0.29268233593750004 0.29033991718749996 0.28274459531249996 0.2938193921875
10 0.6843775328125 0.32560253906250003 0.6828145640625001 0.33685007499999997 0.6865089796875 0.3560836625 0.693325059375 0.36396071874999997 0.7012154125000001 0.3648012515625 0.7054113484375 0.346408196875 0.7117472828125 0.33621918281249996 0.7088322140625001 0.3169310984375 0.716250971875 0.277428478125 0.7152821328125001 0.263573421875 0.703596203125 0.2532523375 0.693557303125 0.26648485 0.69101694375 0.2861544140625 0.694028896875 0.306828003125 0.6843775328125 0.32560253906250003
6 0.682162025 0.2603202828125 0.68322775 0.27556084531249997 0.68789955625 0.286372403125 0.7064272140625001 0.2377392890625 0.7090644562499999 0.2194552296875 0.7070256171875 0.20149815468750001 0.6958241093749999 0.1981045984375 0.6923149109375 0.2039191078125 0.6884096265624999 0.226468678125 0.6889866546875 0.245920253125 0.682162025 0.2603202828125
6 0.7032072265625 0.5052822921875 0.70582736875 0.5315524015624999 0.7136165640625001 0.5421459703125 0.7259892296875 0.5398885109375 0.732813859375 0.52548848125 0.7284412546875 0.4965563546875 0.7318578437500001 0.4782177984375 0.7284583546875 0.45200218750000004 0.720374234375 0.4483906421875 0.71384453125 0.45580864375 0.7098423625 0.47697271093750004 0.71071431875 0.4894422609375 0.7032072265625 0.5052822921875
7 0.6970109265625 0.4054713890625 0.6948623781250001 0.419544434375 0.7031317171875 0.44820407500000004 0.7151125734375 0.45154313437500004 0.724174084375 0.44673265000000006 0.7274895156250001 0.43814712968749997 0.7209769125000001 0.40101096406250003 0.72741400625 0.3810689125 0.7285937140625001 0.3531408109375 0.7180789421875 0.3371687109375 0.7062875796875 0.34773920625 0.7034522937500001 0.374390796875 0.706856059375 0.3894678671875 0.6970109265625 0.4054713890625
9 0.6678958234375 0.6274876218750001 0.679000446875 0.629495671875 0.680440921875 0.604400725 0.683895946875 0.565108446875 0.6746449421875 0.5560093765625 0.6668471984375001 0.5676928921875 0.6599171359375 0.6029844984375 0.6616653218749999 0.6167850578125 0.6678958234375 0.6274876218750001
1 0.2824240171875 0.367632671875 0.2749212 0.372334159375 0.2709233078125 0.382359684375 0.2716014953125 0.392058221875 0.27675772187500003 0.40979730937500003 0.28649314531250003 0.42582390625000005 0.2823940921875 0.4456024671875 0.28725539218749996 0.4703235796875 0.2912532859375 0.46029805625 0.301186753125 0.46795712343750007 0.30498232812500004 0.4774376734375 0.3124851453125 0.472736184375 0.3174604296875 0.45428863281250004 0.3147391265625 0.43777155937499995 0.30285943125000003 0.424679465625 0.2988700875 0.41242790312500005 0.2983899421875 0.394361834375 0.2906050234375 0.3726297203125 0.2824240171875 0.367632671875
9 0.6913260890624999 0.7497621750000001 0.6998062968750001 0.7366386578124999 0.6960278203125 0.6826039374999999 0.6890179734374999 0.6719558703125 0.679177115625 0.6768208515625 0.6716571984375 0.7260765109375 0.6802214640625001 0.7477541249999999 0.6913260890624999 0.7497621750000001
9 0.6518586640625 0.5325417015625 0.6636457515624999 0.533109746875 0.67066415 0.5214807296874999 0.667273209375 0.47298803281249996 0.664353865625 0.46483849062499993 0.661725171875 0.460845465625 0.6533461234375 0.464215946875 0.6441749046874999 0.5010565515625001 0.6456281640625 0.5218391359375001 0.6518586640625 0.5325417015625
9 0.65247416875 0.45174639687499996 0.6589069859375 0.4429428875 0.652402934375 0.3835296359375 0.6427601187499999 0.38002708749999997 0.6368117203125 0.395758125 0.63513904375 0.43903578281250005 0.6431220046874999 0.4524003625 0.65247416875 0.45174639687499996
9 0.630206509375 0.34609791093750003 0.6356576625 0.3568549734375 0.64588605625 0.3575320140625 0.65387756875 0.348619509375 0.654661190625 0.3374264703125 0.649993659375 0.3154763703125 0.650878440625 0.29453029375 0.64455105625 0.282442225 0.639095628125 0.2828237046875 0.6349039656250001 0.290078215625 0.6294314375 0.335013865625 0.630206509375 0.34609791093750003
9 0.6339308515625001 0.28736170156249996 0.6394874390624999 0.277227184375 0.635123384375 0.2260179734375 0.6281135359375 0.21536990625 0.620122025 0.224282409375 0.6149401484375 0.2733745765625 0.621364415625 0.2868481515625 0.6339308515625001 0.28736170156249996
9 0.619157459375 0.1992888109375 0.6259735390625 0.20716586874999998 0.6360081640625 0.2050718984375 0.640688521875 0.19360637187500002 0.6359369312500001 0.1368551390625 0.633211353125 0.13147660781249998 0.627755925 0.13185808906250002 0.622296221875 0.14337811250000002 0.6174092718749999 0.18548825156249998 0.619157459375 0.1992888109375
9 0.6346731640625001 0.1299821078125 0.6305071515625 0.0704053671875 0.621449915625 0.0640773078125 0.6160870968750001 0.07698283593750001 0.61129703125 0.1204784828125 0.6187912984375 0.13805407812499998 0.6346731640625001 0.1299821078125