7 0.40546875 0.31953125 0.0421875 0.11875
11 0.39296875 0.42109375 0.0390625 0.0953125
10 0.575 0.303125 0.0421875 0.1140625
6 0.33203125 0.24921875 0.0375 0.0984375
9 0.55703125 0.6984375 0.034375 0.0796875
2 0.52265625 0.4265625 0.0359375 0.0921875
8 0.70078125 0.83359375 0.0421875 0.084375
0 0.4 0.25078125 0.034375 0.0953125
5 0.3484375 0.10859375 0.0359375 0.096875
5 0.53046875 0.49296875 0.0390625 0.0984375
8 0.6828125 0.334375 0.0390625 0.0890625
1 0.390625 0.15703125 0.040625 0.1171875
9 0.6671875 0.6015625 0.034375 0.08125
3 0.35546875 0.7 0.0375 0.0796875
4 0.55703125 0.16171875 0.040625 0.1125
9 0.63515625 0.415625 0.0359375 0.0796875
0 0.47421875 0.6125 0.040625 0.09375
6 0.29609375 0.51640625 0.04375 0.0984375
3 0.42109375 0.61796875 0.0359375 0.0765625
3 0.27890625 0.246875 0.034375 0.0796875
2 0.428125 0.8390625 0.0421875 0.0921875
2 0.61328125 0.98203125 0.0234375 0.0203125