0 0.4125 0.25 0.03125 0.0984375
4 0.57421875 0.1671875 0.034375 0.1109375
1 0.521875 0.16328125 0.034375 0.11875
5 0.36953125 0.10234375 0.03125 0.096875
2 0.4609375 0.24296875 0.03125 0.0921875
6 0.48359375 0.41015625 0.0328125 0.0984375
11 0.396875 0.4140625 0.0328125 0.096875
0 0.46953125 0.6109375 0.0359375 0.0953125
3 0.34375 0.690625 0.0328125 0.078125
6 0.2953125 0.25078125 0.0375 0.1
8 0.5828125 0.509375 0.0328125 0.0859375
7 0.5875 0.390625 0.0390625 0.1171875
9 0.1828125 0.946875 0.0421875 0.075
2 0.4109375 0.834375 0.0375 0.090625
8 0.68359375 0.84453125 0.0375 0.0859375
10 0.58515625 0.3046875 0.0359375 0.1125
2 0.58828125 0.98671875 0.0234375 0.0203125
9 0.459375 0.9921875 0.021875 0.015625