1 0.61875 0.16796875 0.05625 0.121875
8 0.58828125 0.8796875 0.0515625 0.0890625
10 0.6328125 0.3359375 0.05625 0.1140625
9 0.49296875 0.70625 0.04375 0.08125
5 0.4765625 0.08046875 0.0484375 0.1
6 0.41796875 0.209375 0.05 0.1015625
8 0.725 0.40078125 0.0484375 0.090625
3 0.30078125 0.6453125 0.046875 0.08125
9 0.65546875 0.46328125 0.0453125 0.0828125
11 0.51640625 0.33203125 0.05 0.1015625
9 0.628125 0.6484375 0.0453125 0.0828125
7 0.503125 0.14609375 0.05625 0.121875
5 0.41796875 0.47421875 0.0515625 0.0984375
11 0.71640625 0.1359375 0.0484375 0.096875
4 0.7640625 0.21328125 0.0578125 0.1140625
6 0.30078125 0.45234375 0.05625 0.103125
0 0.55234375 0.4953125 0.05 0.1
3 0.58203125 0.628125 0.04375 0.078125
0 0.5921875 0.2671875 0.05 0.1015625
3 0.36796875 0.19140625 0.0453125 0.08125
2 0.32734375 0.8 0.053125 0.0953125
2 0.40078125 0.29375 0.0515625 0.1
2 0.45859375 0.990625 0.0265625 0.01875