0 0.5421875 0.6078125 0.0375 0.0953125
8 0.41953125 0.5203125 0.0359375 0.0875
10 0.39453125 0.31640625 0.040625 0.1140625
4 0.390625 0.1765625 0.0390625 0.1109375
2 0.5125 0.2390625 0.034375 0.0921875
5 0.5890625 0.09140625 0.034375 0.096875
11 0.59375 0.40390625 0.0375 0.096875
6 0.67734375 0.2296875 0.040625 0.1
3 0.82578125 0.75234375 0.0421875 0.078125
9 0.86171875 0.9109375 0.04375 0.075
2 0.7640625 0.96171875 0.0484375 0.04375
8 0.35390625 0.8609375 0.040625 0.084375
2 0.6234375 0.8234375 0.040625 0.0921875
2 0.46328125 0.99140625 0.0234375 0.0171875
9 0.85390625 0.96796875 0.0296875 0.01875
9 0.59296875 0.9859375 0.021875 0.01875