4 0.490625 0.32890625 0.04375 0.1125
7 0.546875 0.24765625 0.0453125 0.1171875
9 0.40234375 0.0984375 0.034375 0.08125
3 0.63203125 0.615625 0.0375 0.078125
1 0.4640625 0.078125 0.0453125 0.1234375
11 0.41640625 0.4109375 0.04375 0.0984375
3 0.4546875 0.6265625 0.0359375 0.078125
9 0.56328125 0.11796875 0.0328125 0.0796875
5 0.603125 0.41953125 0.0421875 0.0953125
9 0.346875 0.49453125 0.0375 0.078125
5 0.50625 0.59921875 0.0421875 0.0953125
3 0.6640625 0.19375 0.0328125 0.078125
3 0.62265625 0.1125 0.0328125 0.0765625
11 0.39140625 0.5875 0.0421875 0.09375
9 0.46015625 0.17265625 0.034375 0.0828125
6 0.57265625 0.6078125 0.0421875 0.0953125
0 0.6109375 0.25625 0.0390625 0.0984375
3 0.47265625 0.41328125 0.034375 0.078125