3 0.40176854375 0.1042306171875 0.406822878125 0.11593416406249998 0.41939957968749997 0.11585948906250002 0.4240103234375 0.10936140000000001 0.4215692 0.0727948078125 0.42360169843750006 0.053456882812499995 0.42121970937500003 0.046223828125 0.41437215624999996 0.044107582812500004 0.4077719359375 0.0545861859375 0.4079762484375 0.08253844375 0.40176854375 0.1042306171875
3 0.3965501765625 0.17630218749999998 0.397429303125 0.1903599796875 0.4021422015625 0.197838021875 0.4148640828125 0.196382065625 0.41884303437500003 0.18842103593749998 0.4195178484375 0.17452656875 0.4144124359375 0.1558349578125 0.416931546875 0.13934125625 0.4127993609375 0.1263380921875 0.4064384203125 0.1270660703125 0.40245946874999994 0.1350271 0.40266378124999996 0.1629793609375 0.3965501765625 0.17630218749999998
3 0.390221459375 0.266412065625 0.396633478125 0.272672153125 0.4070244484375 0.2709712078125 0.412847696875 0.2604109421875 0.4133773328125 0.24789775625 0.407632071875 0.20539772812499998 0.39937575625 0.201736875 0.39374876406250003 0.21790392656250002 0.3890519765625 0.255116834375 0.390221459375 0.266412065625
3 0.3840728875 0.317437778125 0.3785910734375 0.332223546875 0.37952127812500003 0.35326940625000003 0.3851563265625 0.3594478296875 0.395547296875 0.35774688593750004 0.40093500937500004 0.3513304609375 0.40267715156249995 0.334755096875 0.3989724453125 0.295262615625 0.39503651562500003 0.2878662375 0.38789860468750004 0.2885125515625 0.383774475 0.29785486250000004 0.3840728875 0.317437778125
3 0.3664901875 0.43988175781249994 0.3754723953125 0.4366362078125 0.38129564375 0.426075940625 0.3819704578125 0.41218147343749995 0.37389428593749996 0.36943645625 0.362871525 0.36967445625 0.35580080468749997 0.4219997859375 0.35837905000000003 0.43483962500000006 0.3664901875 0.43988175781249994
3 0.34029362343749997 0.5097484296875 0.34369991718750004 0.5296579953125 0.34948014375 0.5344551390625 0.360648084375 0.5328358578125 0.3664713328125 0.5222755921875 0.3682134734375 0.5057002265625 0.36267252499999997 0.491152459375 0.35921515312499996 0.46425482812499996 0.3523676 0.46213858124999996 0.347125065625 0.467173725 0.34029362343749997 0.5097484296875
3 0.3333411703125 0.6207408390625 0.345337159375 0.6261912875 0.353055784375 0.62001985 0.357034734375 0.6120588203125 0.3576584703125 0.5911762875 0.3485660515625 0.5581002328125 0.3376884671875 0.5569569515625 0.33448648593749997 0.5649996453125 0.3298407765625 0.60920061875 0.3333411703125 0.6207408390625
3 0.321334384375 0.720029703125 0.329445521875 0.7250718359375 0.3384277296875 0.7218262859375 0.3450279484375 0.7113476828125 0.3469152671875 0.6933910375 0.33869391875 0.6520273015625 0.3312145734375 0.6484481109375 0.32611721562499996 0.6521019734375 0.31807326874999997 0.6987388578125 0.321334384375 0.720029703125
11 0.7290773234375 0.16656294062500002 0.7372825609375 0.1632357296875 0.7480579875 0.1504028796875 0.7501845859375 0.1226956078125 0.7578521312500001 0.10953610625000001 0.7607557 0.0819104984375 0.747982740625 0.0763783890625 0.7415277015624999 0.0854757125 0.738282696875 0.108875815625 0.723681553125 0.1506338921875 0.7290773234375 0.16656294062500002
11 0.7008372921875 0.764106684375 0.7051146562499999 0.7757285671874999 0.7177424359375 0.7826419578125 0.7305584171875 0.7728166578125 0.7333168078125001 0.7465723296875 0.7463209890625 0.7200083390625001 0.747089903125 0.6977445265625 0.73863733125 0.6884768890624999 0.72562509375 0.69269540625 0.7166509421875 0.7182864296875 0.703160146875 0.742006196875 0.7008372921875 0.764106684375
5 0.36362175625000004 0.026204646874999998 0.359164246875 0.053666928125 0.37093706875 0.113558953125 0.3794326625 0.10746917812500001 0.3817555171875 0.0853686921875 0.37771743281250003 0.063996184375 0.3823711984375 0.042140684375 0.38042474375 0.030763790625 0.374934875 0.0232040859375 0.36362175625000004 0.026204646874999998
5 0.25332935 0.6570205140625001 0.25659046406249997 0.6783113625 0.2532002828125 0.703092746875 0.25606888437499997 0.7131700234375 0.2711727546875 0.718947121875 0.27704708125 0.7153749203124999 0.28563677656249997 0.7009158015625 0.286747125 0.6828774937500001 0.2812061765625 0.6683297234375 0.2807625859375 0.6501280890625 0.27502538125 0.6299735359375 0.258273471875 0.63240245625 0.25332935 0.6570205140625001
8 0.6990978937500001 0.6535972625 0.7032300796875 0.6666004265625001 0.71770215625 0.67091458125 0.7266332859375 0.6606809671875 0.737255478125 0.6268839234375 0.7374867015625 0.594787821875 0.733550771875 0.5873914421875 0.728743771875 0.588282746875 0.711752584375 0.6004622937499999 0.699627528125 0.6410840765625 0.6990978937500001 0.6535972625
8 0.7193423125 0.23676325468749998 0.7331825984375 0.2396144671875 0.7413367578125001 0.22929918906250002 0.752924121875 0.1788451171875 0.7518998156250001 0.1661686046875 0.74776763125 0.15316544062499998 0.73034090625 0.169488828125 0.72675446875 0.1886634296875 0.71743888125 0.21002895000000002 0.7193423125 0.23676325468749998
2 0.3487893890625 0.10005882343750001 0.34413562343750004 0.121914321875 0.3475929953125 0.1488119515625 0.34590193281250003 0.17237538125000001 0.36120205781250003 0.1837592640625 0.3721226640625 0.16954513437500002 0.37173015 0.158331565625 0.3670091953125 0.128508046875 0.3683158015625 0.1160765234375 0.3617505484375 0.08885224375 0.3535453109375 0.0921794546875 0.3487893890625 0.10005882343750001
2 0.2684359609375 0.5357128265625 0.2636800390625 0.5435921968749999 0.2595128875 0.56829191875 0.2620991890625 0.6034772312500001 0.2670083453125 0.6165620578125 0.27759557031250004 0.6204678984374999 0.2859459875 0.6157594046875 0.292691384375 0.6038995218750001 0.2939469125 0.5844799328125 0.2880645296875 0.565706659375 0.28839790781249997 0.5475866875000001 0.2815503546875 0.5454704421875001 0.2747969015625 0.5349848500000001 0.2684359609375 0.5357128265625
0 0.34202513749999996 0.1943125421875 0.344218925 0.2182842859375 0.33874516718750003 0.25541553125 0.3453534421875 0.26728240312499996 0.35559923437499996 0.26696274062500003 0.3646755421875 0.2553478453125 0.365785890625 0.2373095375 0.3575725984375 0.21829127499999998 0.359793296875 0.18221465781249999 0.351972515625 0.174409965625 0.3462433671875 0.176600884375 0.34202513749999996 0.1943125421875
0 0.2969984015625 0.42838825781249995 0.292976428125 0.4517067 0.294973959375 0.470071659375 0.288962509375 0.49737061562499996 0.2909089640625 0.5087475109375 0.2978075953125 0.517851821875 0.31315074374999996 0.51387829375 0.32004131875 0.5006371296875 0.320084340625 0.4852797203125 0.3120162265625 0.46488017656249997 0.31298139687500004 0.44822315 0.3099165390625 0.43253908750000003 0.30131878749999996 0.42465273124999997 0.2969984015625 0.42838825781249995
4 0.3218480796875 0.259225734375 0.3172373359375 0.265723821875 0.3162210875 0.27539278437500003 0.31729647031249997 0.2950573609375 0.322060446875 0.30952346875000003 0.31585274218750004 0.33121564062500003 0.3194552921875 0.356731990625 0.33067430937500003 0.362100775 0.3407238453125 0.35617432656250003 0.34669227187499996 0.34423278125 0.3468804734375 0.3274940890625 0.335994834375 0.304005334375 0.339290915625 0.287593296875 0.337874096875 0.2637032140625 0.3322390484375 0.257524790625 0.3218480796875 0.259225734375
10 0.711860225 0.3602688515625 0.7083678859375 0.3710741046875 0.7086663 0.39065701875 0.7140109906250001 0.39959800625 0.7216355140624999 0.4017959140625 0.7289616265625 0.384410909375 0.73697060625 0.37547691250000004 0.7374491640625 0.355975659375 0.7516147734375 0.3183614265625 0.7530665578125 0.304548621875 0.7433504015625 0.2923551 0.7311662125 0.3036433421875 0.7252488640625 0.322572953125 0.724625128125 0.343455484375 0.711860225 0.3602688515625
6 0.721014521875 0.29559365937500004 0.719417559375 0.3107877453125 0.7221409828125 0.3222463015625 0.748832215625 0.277569328125 0.7546043859375 0.260020996875 0.7557147343749999 0.2419826890625 0.7452726875 0.2366955671875 0.740807121875 0.2418123765625 0.7330454765625001 0.26334122187500003 0.7302360078125 0.282597484375 0.721014521875 0.29559365937500004
6 0.6992027921874999 0.5404886062500001 0.697221371875 0.566814596875 0.7030526765625 0.57859980625 0.7156293781249999 0.5785251328125 0.724850865625 0.5655289578125 0.7255687015625 0.5362770796875 0.7321178421875 0.5188104109375 0.7333222921875 0.4924027578125 0.725988125 0.48744228749999996 0.7182695015625 0.4936137234375 0.7106530328125 0.513761290625 0.7093464265625 0.5261928140625 0.6992027921874999 0.5404886062500001
7 0.7104326078125001 0.44111807968749994 0.70587294375 0.4546042328125 0.7090399578125 0.484264425 0.7202589765625 0.489633209375 0.7300181546875 0.486469321875 0.7347740765624999 0.4785899546875 0.7348090421875 0.44088706875000006 0.7446112421875 0.4223657703125 0.7506226921875 0.3950668140625 0.743041190625 0.3775114953125 0.7295934171875 0.3858738515625 0.72217320625 0.411628203125 0.7229071546875 0.4270672765625 0.7104326078125001 0.44111807968749994
9 0.6432071140625 0.6547056015625 0.653794340625 0.65861144375 0.6595706234375001 0.63414788125 0.669796190625 0.5960524984375 0.6622657671875001 0.5854852453125 0.6525576671875 0.595637196875 0.6396045640625 0.6291892515625 0.63892975 0.64308371875 0.6432071140625 0.6547056015625
1 0.30871483125 0.33186195625 0.30050959375 0.33518916718749997 0.29483152343749996 0.34436815468750004 0.293815275 0.3540371171875 0.29581280625 0.372402075 0.30261733749999997 0.3898757328125 0.29514604843750003 0.40864201875 0.2956407171875 0.4338317171875 0.30131878749999996 0.42465273124999997 0.309771359375 0.43392036875000006 0.3118629921875 0.4439159828125 0.32006822968750004 0.44058876874999997 0.3281713109375 0.423285428125 0.32835951093750004 0.4065467375 0.3189337125 0.391590653125 0.31713243750000003 0.3788324765625 0.3197967265625 0.3609574953125 0.3159038203125 0.3382037046875 0.30871483125 0.33186195625
9 0.6450486703125 0.779191153125 0.65567891875 0.7677395828125 0.6613408765625 0.713869646875 0.6562865421875 0.7021661015625 0.64575039375 0.705248325 0.6297915656249999 0.752449859375 0.63446144375 0.7752853109375 0.6450486703125 0.779191153125
9 0.6439007828125 0.5584173 0.6554101578125 0.5610235218749999 0.6643412875 0.5507899078125 0.6694225328125001 0.50244509375 0.6679626921875 0.49391242343749997 0.6660673171875 0.48952359218749997 0.6572302875 0.4913878625 0.6418010953125 0.526076209375 0.6396234187500001 0.546795415625 0.6439007828125 0.5584173
9 0.65853689375 0.4789563390625 0.6664006953125 0.47140362187499996 0.6703124578125 0.411763575 0.66142435 0.4066397796875 0.6528346546875 0.42109889999999994 0.643672303125 0.4634286140625 0.6492132500000001 0.47797638437499995 0.65853689375 0.4789563390625
9 0.654953196875 0.371046153125 0.658453590625 0.3825863734375 0.6684090265625 0.385029271875 0.6778267687499999 0.3776398796875 0.6805421375 0.3667529625 0.6797571109375 0.3443258234375 0.684265696875 0.3238516078125 0.6801335125 0.31084844375 0.6746947203125 0.310276803125 0.6693070062500001 0.316693228125 0.6561146250000001 0.3599959078125 0.654953196875 0.371046153125
9 0.66882039375 0.31384900312499997 0.6760524046875 0.30483334375000004 0.6806470359375 0.25364430625 0.6755927015625 0.24194075937499998 0.6661749578125 0.24933014999999997 0.652547040625 0.2967766734375 0.6565340484375 0.3111611171875 0.66882039375 0.31384900312499997
9 0.6695651390624999 0.22454876562499998 0.67490983125 0.2334897515625 0.685155621875 0.2331700890625 0.6917558421875001 0.2226914859375 0.6969311859375 0.165977325 0.6951809890625 0.160207215625 0.6897421984375 0.159635575 0.682365009375 0.170032515625 0.6702399531250001 0.2106542984375 0.6695651390624999 0.22454876562499998
9 0.6968801078125 0.15898926093750002 0.7031227796875 0.099594203125 0.6953020000000001 0.091789509375 0.6877796328125 0.10356772968750001 0.6755093984375 0.1455707953125 0.6798378421875 0.1641807421875 0.6968801078125 0.15898926093750002