6 0.52421875 0.44765625 0.04375 0.09375
9 0.47890625 0.51328125 0.0375 0.075
2 0.55625 0.31328125 0.04375 0.0921875
7 0.634375 0.6359375 0.0578125 0.1203125
4 0.625 0.34765625 0.0484375 0.10625
5 0.559375 0.5640625 0.0453125 0.09375
9 0.5109375 0.68125 0.0421875 0.08125
10 0.66875 0.4984375 0.0546875 0.1109375
9 0.57734375 0.4359375 0.0375 0.075
9 0.34765625 0.48203125 0.0390625 0.0765625
9 0.78984375 0.703125 0.053125 0.1
9 0.28203125 0.371875 0.0390625 0.0734375
9 0.6578125 0.8015625 0.0453125 0.084375
3 0.34609375 0.40546875 0.0375 0.0734375
0 0.528125 0.8328125 0.0515625 0.10625
3 0.409375 0.684375 0.040625 0.078125
3 0.45390625 0.396875 0.0359375 0.0734375
8 0.46171875 0.83515625 0.0515625 0.103125
8 0.296875 0.60859375 0.0453125 0.090625
3 0.31875 0.7890625 0.04375 0.08125