6 0.36875 0.22890625 0.034375 0.1
5 0.40390625 0.09140625 0.0328125 0.096875
10 0.60234375 0.315625 0.0390625 0.1125
11 0.4046875 0.40546875 0.0359375 0.0953125
9 0.52890625 0.70390625 0.0328125 0.0796875
0 0.43515625 0.2390625 0.03125 0.0953125
2 0.5328125 0.43125 0.034375 0.09375
8 0.65234375 0.85859375 0.0390625 0.084375
8 0.70546875 0.3625 0.0359375 0.0875
5 0.53125 0.496875 0.0359375 0.096875
7 0.43125 0.30703125 0.0390625 0.1171875
1 0.43984375 0.14453125 0.0359375 0.1171875
0 0.459375 0.6078125 0.0375 0.09375
3 0.328125 0.678125 0.034375 0.078125
4 0.60390625 0.175 0.0375 0.1109375
6 0.29609375 0.48671875 0.040625 0.096875
2 0.38203125 0.82578125 0.0390625 0.090625
2 0.54453125 0.9921875 0.0234375 0.015625