3 0.49296875 0.32578125 0.0390625 0.075
2 0.38515625 0.34140625 0.0453125 0.0921875
5 0.45625 0.40078125 0.0453125 0.0890625
4 0.4984375 0.48046875 0.053125 0.1078125
9 0.2921875 0.71171875 0.046875 0.0796875
8 0.67734375 0.35546875 0.04375 0.084375
7 0.55859375 0.353125 0.0546875 0.1140625
10 0.3390625 0.46953125 0.053125 0.10625
9 0.65703125 0.29609375 0.040625 0.0765625
3 0.47421875 0.61328125 0.0421875 0.0765625
6 0.5375 0.57578125 0.0484375 0.096875
6 0.3546875 0.55859375 0.05 0.0984375
8 0.425 0.73984375 0.0546875 0.0984375
9 0.55703125 0.66328125 0.0421875 0.078125
9 0.57890625 0.828125 0.0453125 0.0828125
0 0.62578125 0.425 0.0390625 0.0734375