9 0.346875 0.49296875 0.0375 0.08125
5 0.63515625 0.7296875 0.0484375 0.0984375
6 0.45078125 0.51171875 0.040625 0.096875
9 0.48359375 0.340625 0.034375 0.0796875
4 0.59453125 0.33125 0.046875 0.1125
0 0.503125 0.0921875 0.0375 0.1046875
3 0.525 0.515625 0.0359375 0.078125
3 0.63203125 0.615625 0.0390625 0.078125
0 0.5578125 0.72265625 0.04375 0.1
9 0.4015625 0.09765625 0.0328125 0.08125
11 0.3625 0.4140625 0.04375 0.0984375
9 0.459375 0.175 0.034375 0.0796875
11 0.43125 0.3203125 0.0421875 0.0953125
6 0.5359375 0.4140625 0.0390625 0.1
7 0.546875 0.246875 0.0453125 0.1140625
3 0.39140625 0.59296875 0.0375 0.0765625
3 0.6796875 0.1125 0.0328125 0.0796875
9 0.4859375 0.31875 0.021875 0.0359375
5 0.7171875 0.25234375 0.04375 0.0953125
9 0.42734375 0.7078125 0.0390625 0.08125
3 0.6234375 0.18359375 0.0328125 0.0765625
9 0.4609375 0.153125 0.01875 0.034375
9 0.40078125 0.07578125 0.0203125 0.0359375
1 0.55703125 0.1640625 0.04375 0.121875
3 0.62734375 0.16484375 0.0203125 0.034375
6 0.54140625 0.38828125 0.0234375 0.0453125
3 0.528125 0.496875 0.021875 0.0359375
3 0.63828125 0.596875 0.0203125 0.034375
9 0.42734375 0.68515625 0.021875 0.0359375
3 0.5625 0.69765625 0.0265625 0.046875
9 0.565625 0.1 0.021875 0.04375
3 0.60234375 0.3015625 0.028125 0.0453125
3 0.7265625 0.228125 0.0234375 0.0375