5 0.5187307390625 0.633026696875 0.5304477046875 0.6328221765625 0.5365755546875 0.6257697125 0.5394819234375 0.613217078125 0.535043 0.5827343484374999 0.5353635828125001 0.55633584375 0.5304828796875001 0.545308234375 0.51952280625 0.5441104421875 0.5120750890625 0.56507695 0.5090905328125 0.6179148640625 0.5187307390625 0.633026696875
5 0.6598902 0.08047896875 0.6510741359375001 0.11258216562500001 0.6583467093750001 0.1263462265625 0.6708690453124999 0.12751675 0.6776568296875001 0.11350726250000001 0.6731936671875001 0.08163585625 0.6792245609374999 0.06902868281249999 0.6796420999999999 0.0481848890625 0.6771532703124999 0.039893729687500004 0.6661447171875 0.0359185828125 0.6570862578125001 0.054135003125000004 0.6598902 0.08047896875
3 0.56318869375 0.1807930328125 0.563455328125 0.1960684828125 0.57063094375 0.2042778359375 0.5792233859375 0.2041278546875 0.5853512359375 0.1970753890625 0.5866468640625 0.18177266875 0.581644965625 0.163801671875 0.583770203125 0.151262671875 0.5811116968750001 0.13325077031250002 0.5709812328125 0.1348166984375 0.568171821875 0.15292404375 0.569928 0.1640061921875 0.56318869375 0.1807930328125
3 0.584270659375 0.448521434375 0.5903985109375001 0.4414689703125 0.5924025515625 0.4219865828125 0.585377840625 0.377657984375 0.579104553125 0.37637838437500004 0.574514725 0.3820149015625 0.566625228125 0.42243652656249997 0.5660622515625 0.4349482578125 0.5733105859375 0.4473236421875 0.584270659375 0.448521434375
3 0.515989315625 0.29691223906249997 0.522117165625 0.289859775 0.523340075 0.27039102187499997 0.5176782421875 0.2593770453125 0.5188769125 0.2385196171875 0.5139477328125001 0.22471465156249998 0.5046711187499999 0.230432978125 0.5051559078125 0.2582065234375 0.49988190625 0.269411384375 0.5018562390625 0.2929916328125 0.515989315625 0.29691223906249997
3 0.51049405625 0.51926423125 0.5123956703125 0.5386784453125 0.518741675 0.5441240765625001 0.5327777953124999 0.5424899765625 0.5371494671875 0.5243553624999999 0.53168701875 0.4799994953125 0.525292534375 0.47177650781249997 0.52141111875 0.473233359375 0.515404465625 0.48722920937499997 0.5149142078125 0.5039069734375 0.51049405625 0.51926423125
3 0.46826139843750003 0.740868378125 0.4751219015625 0.731024925 0.47715018125 0.7129312140625 0.46543868593750004 0.6686844265625 0.45838426718749997 0.6674184609375 0.45379443906250005 0.6730549765625 0.44900522656249997 0.7120333859375 0.44929610000000003 0.728697515625 0.45732556406249997 0.7410592640625 0.46826139843750003 0.740868378125
3 0.6155111703125 0.0895882109375 0.6095045156250001 0.1035840625 0.6097469109375 0.11747083437500001 0.6153602640625 0.12570745781249998 0.6270772296875 0.1255029375 0.63235123125 0.114298075 0.628081984375 0.0935360875 0.6298436296875 0.060166928125 0.625035646875 0.053305349999999994 0.6187865984375 0.05341442656249999 0.61424525 0.0618282984375 0.6155111703125 0.0895882109375
2 0.5290879296875 0.375862328125 0.51869083125 0.3621528046875 0.5042371734375 0.3846307015625 0.5020337484375 0.43745497968749997 0.50925784375 0.4484416859375 0.5217801796875 0.449612209375 0.5301059859375 0.43418677656250004 0.5290879296875 0.375862328125
2 0.7023747140625 0.5895372671875 0.6971007124999999 0.6007421296875 0.696586215625 0.6160312140624999 0.69992889375 0.6284747703125 0.7055664875 0.6381000703125 0.7188699546875 0.6392569578125 0.7302475671875001 0.6196109546875 0.73222736875 0.598739890625 0.7353034125 0.5959079968750001 0.734867103125 0.5709118046875 0.7283756609375 0.5571341078125001 0.7189778484375 0.555909046875 0.7058925375 0.5672502546875 0.7023747140625 0.5895372671875
0 0.6565983656250001 0.250006684375 0.656132346875 0.2680731234375 0.6625753109375 0.279073465625 0.6759030171875 0.28161902968749997 0.682006628125 0.27317788906249996 0.6832052984375 0.25232045937500003 0.6798626203125 0.239876903125 0.6837979828125 0.1967460953125 0.6797468906249999 0.18848220625 0.6750358656250001 0.1871753359375 0.6681511234374999 0.1956301125 0.6634346296875 0.238774553125 0.6565983656250001 0.250006684375
0 0.5747133718749999 0.75151215625 0.5818405078125 0.756944153125 0.5904087109375 0.75540549375 0.59805034375 0.74554840625 0.6008839953125 0.7288297390625 0.59522763125 0.673364453125 0.588760428125 0.660975434375 0.5832925109375 0.6610708765625 0.575747834375 0.676482675 0.5681976890625 0.7363457828125 0.5747133718749999 0.75151215625
1 0.6924170296875001 0.377178709375 0.6906069031250001 0.4077705140625 0.68364944375 0.412059259375 0.6783996812499999 0.4246527984375 0.6795444046875 0.4454693234375 0.6884034796875 0.46059479375 0.700144684375 0.46177894999999997 0.7101054718750001 0.45049228125 0.7120610328125 0.4282325375 0.7062295234375 0.40749782031250004 0.7145310921875 0.3906837109375 0.7180246765625 0.367008021875 0.71150899375 0.35184165 0.70367344375 0.35058931875 0.6967887015625001 0.3590440953125 0.6924170296875001 0.377178709375
4 0.6668390890625 0.3442867625 0.6671784421875 0.363728246875 0.673597165625 0.373339909375 0.6892925046875 0.3772332484375 0.6938580937500001 0.370208053125 0.6989381796874999 0.34789377187500004 0.6940089984375 0.33408880625 0.7033880390625 0.28947388125 0.7000453609374999 0.2770303234375 0.6890368078125 0.2730551765625 0.6821035859375 0.2787325984375 0.6751406578125 0.32747265312499996 0.6668390890625 0.3442867625
9 0.44611599999999996 0.188392946875 0.446455353125 0.20783442812500003 0.4528255984375 0.2146687390625 0.4629803015625 0.2144914875 0.4689869546875 0.2004956359375 0.46267065625 0.151987371875 0.4577899546875 0.1409597609375 0.4508082546875 0.143859828125 0.448586059375 0.15084411874999998 0.44982773906249995 0.1772153546875 0.44611599999999996 0.188392946875
9 0.3339318421875 0.341763078125 0.33183084375 0.35569075625 0.3343196734375 0.36398191562500004 0.34225218125 0.37078895625 0.3516015125 0.3692366625 0.3568755140625 0.3580318 0.35670583906250003 0.3483110578125 0.3457512328125 0.30266195625000003 0.3425297515625 0.2971617859375 0.336280703125 0.2972708625 0.331812071875 0.30985076718750004 0.3339318421875 0.341763078125
9 0.3497647828125 0.21924587343750002 0.3551357421875 0.2135957203125 0.35650408906250003 0.20245903125 0.34813527187500004 0.1706558 0.347039028125 0.15261662812500001 0.3414499125 0.1457686859375 0.332930190625 0.1500846984375 0.334020965625 0.2125751796875 0.3396100796875 0.2194231234375 0.3497647828125 0.21924587343750002
9 0.341800203125 0.0763075484375 0.3347942625 0.07781893749999999 0.3325720671875 0.08480322812499999 0.3335901234375 0.143127678125 0.34935818125 0.151187046875 0.355364834375 0.13719119531249999 0.3482916453125 0.09008524375 0.341800203125 0.0763075484375
9 0.4532588046875 0.4633101578125 0.46326807187499996 0.45480084375 0.46083318906250004 0.404835728125 0.4559040078125 0.3910307625 0.44884959062499996 0.389764796875 0.4450408921875 0.3953876796875 0.43947054999999996 0.4343797234375 0.4389802921875 0.45105748593749995 0.44461788437500005 0.460682784375 0.4532588046875 0.4633101578125
9 0.35685364062499997 0.5358370390625 0.3573681375 0.5205479546875 0.3457051203125 0.4790785203125 0.3385779828125 0.473646521875 0.33093634843749997 0.48350361093750005 0.3318574484375 0.53627335 0.341449175 0.5486078296875 0.35309342187500004 0.544237278125 0.35685364062499997 0.5358370390625
9 0.3491283515625 0.6304307171875 0.349618609375 0.613752953125 0.3404929 0.583352034375 0.3332688046875 0.5723653265624999 0.323211059375 0.5780972875 0.3233752671875 0.6322693390625 0.33296699531249996 0.6446038187500001 0.3446112421875 0.6402332656249999 0.3491283515625 0.6304307171875
9 0.3436197890625 0.7624914109375001 0.348112659375 0.751300184375 0.348651396875 0.7373997765625 0.3377452703125 0.6945280296874999 0.32981276249999997 0.6877209890625 0.32361219375 0.690607421875 0.3213899984375 0.6975917125 0.321602684375 0.75454111875 0.33038904062499996 0.76550055625 0.3436197890625 0.7624914109375001
11 0.247406175 0.6669337953125 0.23666425625 0.6782341 0.236343675 0.704632603125 0.2443489015625 0.715605675 0.24691044843749999 0.7280628671875 0.245711778125 0.748920296875 0.2576711390625 0.76260255 0.2716345390625 0.7568024171875 0.2768843015625 0.744208878125 0.2764964703125 0.7219900406249999 0.2667835453125 0.7027121734375 0.265784259375 0.6902277125 0.2584389671875 0.6722976187499999 0.247406175 0.6669337953125
11 0.2771360046875 0.08715996875000001 0.284481296875 0.1050900625 0.2826954109375 0.13707054531250001 0.289138375 0.1480708859375 0.30085534062499997 0.147866365625 0.307691603125 0.136634234375 0.3074007296875 0.11997010781249999 0.2968581953125 0.0979285203125 0.2963491671875 0.068766296875 0.28907659375 0.055002234375 0.2766754546875 0.060775098437499994 0.2771360046875 0.08715996875000001
10 0.26490690781250004 0.2818474921875 0.2651735421875 0.29712294375 0.2761039078125 0.3413833671875 0.2748082796875 0.3566860875 0.286156184375 0.3801027171875 0.2932348421875 0.382757359375 0.3023660203125 0.3687069703125 0.30368588750000003 0.3547929265625 0.28972795625000003 0.31614175 0.2911205421875 0.306393740625 0.286021684375 0.2828680328125 0.2764784359375 0.2733109078125 0.26490690781250004 0.2818474921875
8 0.25258868749999996 0.6057229140625 0.2602490921875 0.6417058124999999 0.2705977109375 0.6526379796875 0.28150930625 0.6510584171875 0.2890297421875 0.63425794375 0.2878607796875 0.6120527390625 0.2802973328125 0.58162455 0.26287005625000004 0.5680377390625 0.2559125953125 0.572326484375 0.25224933437499997 0.5862814296875001 0.25258868749999996 0.6057229140625
8 0.40509295156249997 0.30023704218749997 0.415199175 0.29728243593750003 0.4196193265625 0.281925178125 0.4132787890625 0.23202823593750002 0.4004898203125 0.21558226249999998 0.3950461421875 0.21706638281249999 0.3913586421875 0.229632653125 0.3901357328125 0.24910140468750003 0.393987440625 0.2907071875 0.40509295156249997 0.30023704218749997
6 0.2947267515625 0.5577579765625 0.2991953828125 0.545178071875 0.29885602968749997 0.5257365875 0.28314192031249996 0.4760032625 0.27755280625 0.46915531875000005 0.2713037578125 0.469264396875 0.267543540625 0.47766463437500006 0.2711231453125 0.548446275 0.2838636359375 0.5621148921875 0.2947267515625 0.5577579765625
6 0.282019071875 0.277381496875 0.29343969531249997 0.3049641578125 0.2964672609375 0.299354909375 0.2968848 0.278511115625 0.2810010140625 0.21905704843749998 0.27392235625 0.21640240624999998 0.26703761406250004 0.22485718124999998 0.26737696718750004 0.244298665625 0.2748676953125 0.2705608234375 0.282019071875 0.277381496875
7 0.2740513875 0.35808840000000003 0.266240078125 0.358224746875 0.25945229375 0.3722342328125 0.26225623593749997 0.398578196875 0.2705280953125 0.42482672031249996 0.267155709375 0.45544579687500003 0.27203641093750003 0.46647340625 0.2814827015625 0.47047582343750005 0.29237005625 0.46750758281250004 0.298376709375 0.45351173125 0.298842728125 0.435445290625 0.2851029515625 0.4092922109375 0.2854235328125 0.3828937078125 0.2804216328125 0.364922709375 0.2740513875 0.35808840000000003