7 0.45234375 0.3015625 0.05 0.11875
11 0.41484375 0.396875 0.0453125 0.096875
10 0.62109375 0.3265625 0.05 0.1140625
6 0.39765625 0.215625 0.04375 0.1
9 0.5078125 0.70625 0.040625 0.08125
2 0.53984375 0.434375 0.0421875 0.09375
8 0.6140625 0.87265625 0.046875 0.0859375
0 0.46328125 0.23359375 0.040625 0.0953125
5 0.44765625 0.08359375 0.0421875 0.096875
5 0.53125 0.5 0.0453125 0.0984375
8 0.71796875 0.38359375 0.04375 0.090625
1 0.47734375 0.140625 0.0484375 0.11875
9 0.6375 0.6390625 0.040625 0.0828125
3 0.3109375 0.659375 0.0421875 0.08125
4 0.63671875 0.18515625 0.0484375 0.1140625
9 0.6515625 0.4515625 0.040625 0.08125
0 0.44765625 0.603125 0.0453125 0.0953125
6 0.2984375 0.46640625 0.05 0.1
3 0.39453125 0.5953125 0.040625 0.078125
3 0.34609375 0.2015625 0.040625 0.08125
2 0.3484375 0.81171875 0.0484375 0.09375
2 0.49375 0.9921875 0.025 0.015625