3 0.34428594375 0.32643686562499996 0.349802725 0.37892552031250004 0.3592204671875 0.38631491093750003 0.36825375312499997 0.3825723953125 0.3725311171875 0.3709505125 0.37030236250000004 0.35721937187499997 0.3644791140625 0.3466591046875 0.3576906953125 0.3194418125 0.3540021 0.3142433421875 0.3463775765625 0.3164412515625 0.34428594375 0.32643686562499996
3 0.351324440625 0.46814409531249995 0.3636107859375 0.465456209375 0.3686651203125 0.4537526640625 0.3662911875 0.43864024218750003 0.3495043109375 0.398508434375 0.3394036984375 0.3995700515625 0.33794385781249997 0.4081027234375 0.3442376078125 0.46050971562500004 0.351324440625 0.46814409531249995
3 0.370520215625 0.561091209375 0.3741657890625 0.55093226875 0.3724236484375 0.5343569031250001 0.3548598015625 0.49430676093750003 0.3434956046875 0.4982942640625 0.34610076093750003 0.5455027875 0.353426871875 0.5628877921875 0.370520215625 0.561091209375
3 0.36718385468750003 0.656406546875 0.37854805156250004 0.6524190421875 0.3834572078125 0.639334215625 0.37865826406249997 0.6160974375 0.3639549640625 0.588315490625 0.3530773796875 0.5894587703124999 0.351617540625 0.5979914421875 0.35839790312500003 0.6475542109375 0.36718385468750003 0.656406546875
3 0.49559099843750004 0.7420647 0.508312878125 0.7435206546875001 0.5156981234375 0.7315721187500001 0.514442596875 0.71215253125 0.508328990625 0.6988297046875 0.507022384375 0.68639818125 0.4998414515625 0.6703944546875 0.489254225 0.674300296875 0.486762025 0.71785495625 0.4911254328125 0.7369478921875 0.49559099843750004 0.7420647
3 0.44939735000000003 0.24276916875 0.4531289671875 0.2633250484375 0.44885160312499994 0.27494693125 0.45258321874999996 0.2955028140625 0.458602725 0.30045629375 0.47088907031250005 0.29776840781249997 0.47438946406250004 0.2862281875 0.47216070937500004 0.272497046875 0.46541531249999996 0.2606371625 0.4652271109375 0.24389847343749999 0.46158959531250005 0.2317119375 0.45260738749999996 0.2284663875 0.44939735000000003 0.24276916875
3 0.331851678125 0.200658684375 0.333158284375 0.21309020781250002 0.3406806515625 0.2248684296875 0.3507812640625 0.22380681249999998 0.35661256875 0.212021603125 0.3523943390625 0.194309946875 0.345162328125 0.1852942859375 0.34254911718750003 0.1604312390625 0.337016225 0.152633534375 0.332354403125 0.1531235109375 0.32870883125 0.16328245 0.3347202796875 0.1905814078125 0.331851678125 0.200658684375
3 0.327453303125 0.1438628625 0.33910785625 0.1426379203125 0.3445977265625 0.1350782140625 0.33242965 0.0790990203125 0.3237888765625 0.0716279671875 0.31781239375000003 0.0820318953125 0.32270543749999997 0.11363801874999999 0.3216300546875 0.13330259687499998 0.327453303125 0.1438628625
3 0.27890625 0.10546875 0.0015625 0.0015625
5 0.2807920671875 0.1334052234375 0.2935569703125 0.15021858906250002 0.2999689890625 0.1439585015625 0.30206062031249997 0.13396288750000002 0.289935565625 0.093341103125 0.289747365625 0.0766024125 0.2864002046875 0.0671784390625 0.278536403125 0.059625721875 0.2680943546875 0.06491284375 0.26707005 0.07758935624999999 0.2807920671875 0.1334052234375
5 0.2976248796875 0.719579059375 0.298248615625 0.7404615921875 0.306642053125 0.7605274953125 0.32169484531250003 0.7617384625 0.3266981015625 0.7570229796875 0.3319486921875 0.7397126484375 0.328071896875 0.7177754875 0.3078867828125 0.6752077734374999 0.2998267234375 0.673261840625 0.290452003125 0.6812298593749999 0.28957287656249997 0.6952876515625 0.2976248796875 0.719579059375
2 0.2946001296875 0.2199359125 0.29848498125 0.21952759843749997 0.30557986875 0.204816503125 0.29073944531249996 0.15330780156249998 0.27491774062499996 0.129833021875 0.2706914546875 0.134466840625 0.2676265953125 0.15015090312499998 0.2812975359375 0.21295483593750003 0.2946001296875 0.2199359125
2 0.278044646875 0.615500040625 0.29371311875 0.6599390140625 0.2997326234375 0.6648924953125 0.3126507609375 0.660741665625 0.31882350000000004 0.6447309531250001 0.31708135937500004 0.6281555875 0.306066653125 0.6055721109375 0.30291575000000004 0.590541353125 0.28373882968749997 0.5799880749999999 0.2788807515625 0.5860848375 0.278044646875 0.615500040625
0 0.290118453125 0.25951005625 0.2882661 0.2792562953125 0.29156218125 0.295668334375 0.3003481328125 0.30452066875 0.31030356718749996 0.3020777703125 0.31676666249999996 0.28882961875 0.3151697 0.2736355359375 0.305026065625 0.2593397421875 0.2967858609375 0.21830964375 0.2831418328125 0.21555407031249998 0.2817760921875 0.2324560875 0.290118453125 0.25951005625
0 0.2878951828125 0.4999484859375 0.29323181875 0.5133529765625 0.2921564359375 0.533017553125 0.2953073390625 0.5480483125 0.30346149843750003 0.5583635890624999 0.3137072890625 0.558683253125 0.32327826718749997 0.5451084484375001 0.323090065625 0.5283697578125001 0.309889628125 0.5074125515625 0.30082137656249996 0.47345218125 0.2946566921875 0.46711741875 0.28562340625 0.47085993437500007 0.2878951828125 0.4999484859375
4 0.27631313281250003 0.300064153125 0.27252238281249996 0.3088418125 0.273683809375 0.31989205468750004 0.2788241890625 0.33890332968750003 0.286201378125 0.3493002703125 0.28415276718750004 0.3746532953125 0.29176923593750004 0.3948008609375 0.30414968125 0.40048232031250003 0.31430137187499996 0.3924326375 0.31765658750000003 0.3795111375 0.31557301249999997 0.36716127656249997 0.30853725781249997 0.35253883125 0.3017407828125 0.3476670140625 0.293210221875 0.303874353125 0.2862685671875 0.2976212546875 0.27631313281250003 0.300064153125
1 0.27123463124999997 0.378804125 0.2688956640625 0.40139458906250003 0.2737456859375 0.4176433015625 0.283889321875 0.43193909374999995 0.28062820624999996 0.4532299421875 0.2843598234375 0.47378582187499996 0.286981090625 0.47630339375 0.29091701875 0.46890701406249996 0.30353674375 0.48433909999999997 0.30883035625 0.48238617812499995 0.31612150156249996 0.4620683 0.3126802421875 0.44427497968749996 0.297584428125 0.42770660156250007 0.2948260390625 0.401462275 0.2855104515625 0.380096753125 0.27793700625 0.3753065984375 0.27123463124999997 0.378804125
9 0.5011720546875 0.21218972187500001 0.510640875 0.212591046875 0.5176846859374999 0.204868015625 0.5084793109375 0.147180890625 0.5052773296875 0.139138196875 0.4989163890625 0.1384102203125 0.494297590625 0.1542576078125 0.4947170140625 0.20309239843750002 0.5011720546875 0.21218972187500001
9 0.5361922781249999 0.4556963984375 0.5472150390625 0.4559344 0.554600284375 0.44398586562500003 0.543789890625 0.39345012968750004 0.5396657609375 0.38410781875 0.5347135828125 0.381835234375 0.5282504875 0.3950833875 0.5306593859375 0.44789869375 0.5361922781249999 0.4556963984375
9 0.6464468046875 0.5181247625000001 0.6513479046875 0.5273854124999999 0.665478546875 0.527296759375 0.6713098515625 0.5155115515625 0.666083428125 0.46578545625 0.6621044765625 0.4578244265625 0.6548213890625 0.45579683125 0.6491352625 0.4689633203125 0.64392769375 0.5016310609375 0.6464468046875 0.5181247625000001
9 0.67132065 0.6202508625 0.6834107390625 0.6231697609375 0.691086340625 0.6139837859374999 0.684988846875 0.555970009375 0.67353055 0.5515881671875 0.6689628296875 0.560447490625 0.6623464984375 0.5946598375 0.6657877578125 0.6124531578125 0.67132065 0.6202508625
9 0.7007030828125 0.7428511796875 0.70794315 0.7295213640625 0.702281190625 0.675651428125 0.6949040015625 0.6652544875 0.6846071328125001 0.6719228890625 0.6795877640625 0.721329321875 0.687981203125 0.7413952234375001 0.7007030828125 0.7428511796875
9 0.6408251265625 0.3525274515625 0.6485007281249999 0.34334147656249997 0.6434705609375 0.2880085984375 0.6362385500000001 0.2789929375 0.6290495625 0.28533468906250004 0.6237398375 0.331978559375 0.6287350375 0.349608553125 0.6408251265625 0.3525274515625
9 0.6242237078125 0.20204955 0.629713578125 0.19448984375 0.6243849984375001 0.1587398796875 0.624102696875 0.13363184374999998 0.6163840734375 0.1274604078125 0.60914400625 0.1407902234375 0.60674590625 0.19271422656249998 0.6156770359375 0.2029478421875 0.6242237078125 0.20204955
9 0.59783894375 0.11544418593750001 0.6016216390625 0.129012003125 0.6068641734375 0.1340471453125 0.6221643 0.12266326406250001 0.617510534375 0.100807765625 0.6154350140625 0.0661124296875 0.6108242703125 0.0596143421875 0.6053854796875 0.06018598125 0.601108115625 0.0718078640625 0.6020222078125 0.09545295781249999 0.59783894375 0.11544418593750001
8 0.570631615625 0.29007812187500004 0.5797159796875 0.2793475421875 0.5786136875000001 0.23896375937499997 0.5748820703125 0.21840787968750003 0.5655154046875001 0.20403042343750002 0.5532720828125 0.22207572031249997 0.5545625765625 0.27919819375 0.560240646875 0.288377178125 0.570631615625 0.29007812187500004
8 0.7259048234375001 0.6089276765625 0.731728071875 0.61948794375 0.7455172796875 0.6236247968749999 0.7552334359375 0.6114312734375 0.7584515281249999 0.5747830171875 0.7562738515625 0.5540638109375 0.7475389796874999 0.5382234125 0.7281577453125 0.55562239375 0.7294643515625 0.5680539171875 0.7241626812499999 0.5923523125 0.7259048234375001 0.6089276765625
11 0.65248225 0.0747874625 0.6446534140625 0.1049376296875 0.646736990625 0.11728749062499999 0.6513477328125 0.1237855796875 0.66188388125 0.1268678015625 0.6716000375 0.11467427968749999 0.66680109375 0.0914375015625 0.6710354359374999 0.0644582078125 0.669054015625 0.038132215625 0.6621123625 0.0318791171875 0.6543426593749999 0.032695746875 0.6504067296875 0.040092125 0.6488958125 0.055612860937499994 0.65248225 0.0747874625
11 0.7585134046875 0.6725342624999999 0.749232784375 0.688871628125 0.7513593828125 0.7165788984375 0.7570374531249999 0.725757884375 0.771748809375 0.7311943546874999 0.781755321875 0.7217633921875 0.782053734375 0.7021804781250001 0.778706575 0.692756503125 0.787261303125 0.6695127375000001 0.7830941515625 0.644813015625 0.7718321109375 0.6348243890624999 0.7642075875 0.6370222984375 0.7602716578125001 0.6444186765625 0.756429828125 0.6601844015625 0.7585134046875 0.6725342624999999
6 0.7037463453125 0.517688496875 0.7107821000000001 0.5323109406250001 0.7250579203124999 0.53360356875 0.73258834375 0.523036315625 0.727856590625 0.44812052187500007 0.723245846875 0.441622434375 0.7178070546875001 0.442194075 0.7123171859374999 0.449753778125 0.70307153125 0.5037940296875 0.7037463453125 0.517688496875
6 0.6760172671875 0.25386393749999997 0.6762054671875 0.270602628125 0.6811065671875001 0.2798632765625 0.6847010609375 0.27669240156249997 0.6977804890625 0.229231903125 0.6976944453125 0.19851708125 0.6898306421875 0.19096436562500002 0.6831282671875 0.1944618921875 0.6793805374999999 0.2185969625 0.6801494531250001 0.24086077343749998 0.6760172671875 0.25386393749999997
10 0.68668248125 0.3030183921875 0.6788106234375 0.3178111515625 0.6774448828125 0.3347131671875 0.67938328125 0.3456817484375 0.6884595890625 0.35729664375 0.69637446875 0.3578612953125 0.705902425 0.32892908125 0.701539015625 0.3098361421875 0.7071310421875 0.2883003078125 0.706754640625 0.25482292812499996 0.693452046875 0.24784185 0.6859216234375001 0.2584091046875 0.68708305 0.26945934843749997 0.6838730140625 0.28376212968750003 0.68668248125 0.3030183921875
7 0.7017541265625 0.38662319375 0.694223703125 0.39719045 0.69208099375 0.414174128125 0.6976569078125 0.43732924375 0.702122471875 0.44244605156250005 0.7132904124999999 0.44406533281250005 0.722033340625 0.43756025625 0.725047121875 0.42886425937499995 0.7175838890625 0.3877524984375 0.7231248359375 0.373204728125 0.7231839703125 0.3438711890625 0.715516425 0.3307116875 0.7047840203125 0.3332362484375 0.7003614765624999 0.34347685 0.6987053796875 0.35761630625 0.7017541265625 0.38662319375