11 0.38046875 0.440625 0.053125 0.0984375
5 0.2828125 0.140625 0.0515625 0.0984375
7 0.37578125 0.33828125 0.0609375 0.121875
10 0.53984375 0.29296875 0.0609375 0.115625
0 0.3578125 0.271875 0.05 0.0953125
6 0.29140625 0.2828125 0.053125 0.1
9 0.590625 0.68515625 0.046875 0.08125
2 0.509375 0.42421875 0.0515625 0.0953125
1 0.33203125 0.18125 0.0609375 0.1203125
5 0.52890625 0.4875 0.0546875 0.1
8 0.75546875 0.79375 0.05625 0.090625
8 0.6515625 0.3046875 0.053125 0.090625
9 0.61875 0.39453125 0.046875 0.08125
9 0.68203125 0.5703125 0.0484375 0.084375
3 0.39140625 0.72265625 0.05 0.08125
4 0.496875 0.15703125 0.059375 0.115625
6 0.3015625 0.5515625 0.059375 0.1015625
0 0.49453125 0.615625 0.0546875 0.096875
3 0.44296875 0.63046875 0.046875 0.0796875
3 0.23828125 0.28984375 0.046875 0.08125
2 0.48828125 0.84609375 0.05625 0.0953125
2 0.6953125 0.9546875 0.0265625 0.0234375