9 0.6671875 0.34765625 0.03125 0.0609375
9 0.6546875 0.5234375 0.0359375 0.078125
9 0.65546875 0.6203125 0.0359375 0.0796875
9 0.64921875 0.7375 0.0375 0.084375
7 0.72578125 0.42734375 0.0484375 0.1125
10 0.72421875 0.34609375 0.04375 0.103125
6 0.734375 0.278125 0.0375 0.096875
6 0.71484375 0.5328125 0.0421875 0.0953125
8 0.7203125 0.62578125 0.0453125 0.090625
11 0.72734375 0.73125 0.0484375 0.1
11 0.73515625 0.1171875 0.0390625 0.0984375
9 0.68359375 0.12421875 0.0296875 0.0796875
3 0.475 0.50390625 0.0328125 0.078125
3 0.46015625 0.703125 0.034375 0.0796875
2 0.48984375 0.4015625 0.0390625 0.09375
3 0.5046875 0.25859375 0.03125 0.078125
3 0.42578125 0.40625 0.03125 0.075
3 0.38828125 0.325 0.0328125 0.0765625
3 0.34609375 0.59296875 0.0359375 0.075
2 0.278125 0.58046875 0.0453125 0.090625
0 0.30625 0.47734375 0.0421875 0.09375
1 0.30859375 0.39140625 0.05 0.1203125
4 0.328125 0.31171875 0.046875 0.1140625
0 0.3484375 0.22265625 0.0390625 0.1015625
5 0.36328125 0.07109375 0.0375 0.0953125
5 0.2734375 0.678125 0.046875 0.09375
3 0.4078125 0.08125 0.03125 0.0796875
3 0.44765625 0.1640625 0.03125 0.0765625
9 0.553125 0.42734375 0.0328125 0.08125
9 0.565625 0.18125 0.03125 0.0796875
9 0.67734375 0.19296875 0.03125 0.0796875
9 0.6125 0.2625 0.0359375 0.0890625