7 0.578125 0.31171875 0.03203125 0.115625
11 0.6 0.41171875 0.03046875 0.09375
10 0.4078125 0.31015625 0.0328125 0.1109375
6 0.6453125 0.23515625 0.0296875 0.096875
9 0.46015625 0.70234375 0.028125 0.078125
2 0.47109375 0.42890625 0.02890625 0.090625
8 0.32890625 0.85 0.03515625 0.08203125
0 0.578125 0.24296875 0.0265625 0.09296875
5 0.6171875 0.096875 0.02734375 0.09453125
5 0.46875 0.4953125 0.03125 0.0953125
8 0.303125 0.35078125 0.03125 0.08671875
1 0.57890625 0.1484375 0.03046875 0.115625
9 0.3421875 0.615625 0.028125 0.07890625
3 0.66171875 0.68671875 0.03046875 0.07734375
4 0.4140625 0.16796875 0.03125 0.11015625
9 0.3578125 0.428125 0.02890625 0.078125
0 0.53515625 0.61015625 0.03203125 0.09140625
6 0.7046875 0.4984375 0.03515625 0.0953125
3 0.5890625 0.6109375 0.02890625 0.075
3 0.6984375 0.22890625 0.028125 0.07734375
2 0.60078125 0.83125 0.034375 0.0890625
2 0.42890625 0.98984375 0.02265625 0.01875