3 0.240625 0.7171875 0.04375 0.084375
6 0.5390625 0.4578125 0.04375 0.09375
9 0.4765625 0.50546875 0.0375 0.075
7 0.58828125 0.66953125 0.0578125 0.1203125
4 0.66796875 0.39296875 0.0484375 0.1046875
10 0.66328125 0.55078125 0.0546875 0.1109375
9 0.5953125 0.4625 0.0375 0.075
3 0.48828125 0.3890625 0.0359375 0.0734375
9 0.715625 0.7828125 0.0546875 0.1
3 0.55078125 0.32265625 0.0359375 0.0734375
9 0.45703125 0.675 0.0421875 0.08125
2 0.6125 0.33984375 0.04375 0.0921875
9 0.3625 0.440625 0.0375 0.0765625
9 0.559375 0.8359375 0.0453125 0.0859375
0 0.53671875 0.58125 0.046875 0.0921875
3 0.4453125 0.328125 0.0359375 0.075
0 0.4265625 0.82734375 0.0515625 0.1046875
9 0.33125 0.31171875 0.0375 0.075
8 0.39453125 0.63984375 0.046875 0.090625
8 0.36171875 0.80859375 0.0515625 0.103125
3 0.33046875 0.609375 0.040625 0.078125
3 0.39453125 0.36484375 0.0375 0.071875
3 0.27890625 0.821875 0.04375 0.084375