9 0.490625 0.17421875 0.0296875 0.08125
9 0.34453125 0.49609375 0.034375 0.0796875
6 0.38125 0.6828125 0.0390625 0.1
9 0.47578125 0.33515625 0.03125 0.08125
7 0.2984375 0.3875 0.046875 0.1203125
8 0.43125 0.24765625 0.0359375 0.0875
11 0.2375 0.6890625 0.0453125 0.1015625
5 0.709375 0.1 0.0390625 0.096875
2 0.5265625 0.4078125 0.0375 0.09375
10 0.4109375 0.3953125 0.0421875 0.1140625
3 0.5375 0.2609375 0.03125 0.08125
1 0.70703125 0.42734375 0.0515625 0.121875
3 0.44140625 0.70078125 0.034375 0.0765625
3 0.66328125 0.10390625 0.03125 0.08125
8 0.39921875 0.49375 0.0390625 0.0921875
0 0.5625 0.715625 0.0421875 0.103125
3 0.5234375 0.509375 0.0328125 0.0796875
4 0.70234375 0.34609375 0.046875 0.109375
11 0.3359375 0.084375 0.0390625 0.096875
6 0.309375 0.240625 0.0390625 0.1015625
9 0.459375 0.4234375 0.03125 0.0765625
0 0.6984375 0.25234375 0.0375 0.096875
3 0.60859375 0.178125 0.03125 0.078125
3 0.58828125 0.42109375 0.0328125 0.0765625
5 0.51484375 0.590625 0.0390625 0.0953125
9 0.378125 0.16953125 0.0296875 0.078125
9 0.3109375 0.7203125 0.034375 0.065625
5 0.7046875 0.61875 0.0453125 0.090625
9 0.384375 0.096875 0.0296875 0.08125