0 0.51640625 0.6140625 0.0453125 0.096875
8 0.41640625 0.5015625 0.04375 0.0890625
10 0.4390625 0.29765625 0.05 0.115625
4 0.46640625 0.16015625 0.0484375 0.1125
2 0.5703125 0.2484375 0.0421875 0.09375
5 0.67890625 0.121875 0.0421875 0.0984375
11 0.6125 0.42734375 0.0453125 0.0984375
6 0.73359375 0.2765625 0.0484375 0.1015625
3 0.76015625 0.81875 0.0484375 0.0796875
9 0.76015625 0.971875 0.0484375 0.05625
2 0.65234375 0.99296875 0.0515625 0.0140625
8 0.2765625 0.81875 0.046875 0.0875
2 0.54765625 0.84296875 0.0484375 0.0953125
2 0.353125 0.97265625 0.025 0.021875
9 0.48046875 0.9921875 0.0234375 0.015625