3 0.66796875 0.68046875 0.0328125 0.078125
7 0.3484375 0.603125 0.04375 0.115625
10 0.4015625 0.31328125 0.0359375 0.1125
0 0.53828125 0.60859375 0.0359375 0.0953125
1 0.64453125 0.4890625 0.0421875 0.1140625
4 0.4015625 0.17265625 0.034375 0.109375
2 0.52109375 0.23984375 0.03125 0.090625
5 0.60390625 0.0953125 0.03125 0.096875
8 0.41875 0.51796875 0.0328125 0.0859375
6 0.68671875 0.2359375 0.0375 0.1
11 0.596875 0.40625 0.034375 0.0953125
2 0.6125 0.82734375 0.0375 0.0921875
8 0.34140625 0.85546875 0.0375 0.084375
9 0.84765625 0.92265625 0.0421875 0.0734375
9 0.57578125 0.9890625 0.021875 0.0171875
2 0.44453125 0.99140625 0.0234375 0.0171875