2 0.5070897375000001 0.3726971921875 0.4944699609375 0.361001384375 0.48493417031249997 0.38973775625 0.49243894375 0.44062969531249996 0.5019629937500001 0.44868259843749997 0.516003996875 0.443123534375 0.5181921218750001 0.4257195953125 0.5070897375000001 0.3726971921875
11 0.21500794375 0.098389215625 0.20329576875000002 0.10774025312499999 0.20883289062500002 0.1321318625 0.22050518125 0.1553309171875 0.22088275937500002 0.17365101875 0.22453665156249997 0.1842598484375 0.231996884375 0.189884146875 0.24350032656249998 0.18764810468749998 0.247780409375 0.1769119515625 0.245130284375 0.16327824062500002 0.22829844999999999 0.1340076796875 0.2290090640625 0.12538024375 0.2229982 0.10674025625000001 0.21500794375 0.098389215625
11 0.27161494531249997 0.7212540953125 0.2758832859375 0.747307215625 0.2890330875 0.7617297656249999 0.28911751093750004 0.7744473125 0.295128375 0.7930872984375 0.307720009375 0.8005439234375 0.3201990796875 0.7910438171874999 0.32215033125 0.7765156890625 0.31870516875 0.7587918640625 0.30812106875 0.745285478125 0.2920279890625 0.7116266640625 0.28023139218750004 0.708260153125 0.27161494531249997 0.7212540953125
5 0.5838170093749999 0.05499768125 0.5815045796875 0.0922341640625 0.589257965625 0.1034610171875 0.6028252265625 0.103653578125 0.6078440640625 0.088529171875 0.598151165625 0.055041171874999996 0.601399340625 0.043090715625 0.596894128125 0.0199134078125 0.5909676875 0.0139909703125 0.5830337125 0.01411829375 0.5772761203125001 0.0336309515625 0.5838170093749999 0.05499768125
5 0.7326321484375 0.648620040625 0.7281151953125 0.66223200625 0.7307934609375 0.6801048984375 0.74010878125 0.6952727953125 0.7503715859375 0.698937446875 0.761581875 0.69109885 0.763798140625 0.6779340921875 0.7580241484375 0.65641829375 0.759682246875 0.6362876109375 0.7577990171875 0.62250483125 0.7523463203125 0.61083076875 0.74131661875 0.6073151890624999 0.7336757984375 0.61304506875 0.7326321484375 0.648620040625
1 0.6700610578124999 0.3226252796875 0.6676642046875 0.34714421406249996 0.6716112515625 0.3633555984375 0.670928778125 0.376222215625 0.662605484375 0.3948187125 0.666315659375 0.41390590625 0.6794654609374999 0.42832845624999993 0.683801825 0.42607066875 0.6875518828125 0.41260777187500003 0.698316571875 0.41475998281250004 0.6958470359375 0.38977209375 0.6870336 0.37309175625 0.6927911921875001 0.3535790984375 0.6918835890625 0.332532253125 0.683335165625 0.3172152875 0.6774368671875 0.31553203124999996 0.6700610578124999 0.3226252796875
4 0.6462990171875 0.2904571609375 0.63723696875 0.3134419109375 0.6391483375 0.3314638734375 0.646134828125 0.34283979531250003 0.6566626453125 0.3478678171875 0.668137946875 0.3413925921875 0.6695028921875 0.31565935624999997 0.661986378125 0.301556690625 0.6637687828125001 0.26159346562499997 0.65828794375 0.245680221875 0.6459894625 0.24382615156249998 0.640412459375 0.25198463125 0.6413200625 0.27303147656250004 0.6462990171875 0.2904571609375
7 0.247974975 0.3990109671875 0.2406554484375 0.41458258125 0.2485214 0.442766165625 0.26016555 0.46172603749999996 0.26425330156250004 0.499133334375 0.2686459484375 0.5053539109375 0.27967565 0.5088694921875 0.29038405625 0.5025433359375 0.29283719218750004 0.48650276718749996 0.29095396406249996 0.47271998593750003 0.28653317500000003 0.4622602265625 0.275712203125 0.4516296515625 0.2613335046875 0.406318521875 0.247974975 0.3990109671875
6 0.2615094359375 0.3171466125 0.2509253359375 0.3036402265625 0.2404655421875 0.270301296875 0.231945259375 0.2592235140625 0.222533775 0.2681273421875 0.23066473906249998 0.297674296875 0.2627101921875 0.3437960125 0.26442457343750003 0.3321436953125 0.2615094359375 0.3171466125
9 0.283242884375 0.23651830624999998 0.2866317640625 0.24576376562500002 0.2948588921875 0.2512389953125 0.307101090625 0.2446147 0.3064866421875 0.229170409375 0.2953443765625 0.208698096875 0.28800845 0.18324125468750002 0.27594684062499997 0.1785113734375 0.27499935625 0.1900146203125 0.28101021875 0.20865460625 0.283242884375 0.23651830624999998
9 0.29350102968749997 0.16236522656250002 0.2794154859375 0.12265664999999999 0.270630190625 0.1102154953125 0.26526191718750003 0.11125898125 0.2627524984375 0.11882118593749999 0.2728511140625 0.17486846875 0.29184293125 0.1824959078125 0.29461736250000004 0.1762970765625 0.29350102968749997 0.16236522656250002
9 0.3955028890625 0.22035671093750003 0.40169434062500003 0.22764251875000002 0.4147315765625 0.22510833749999998 0.41797975000000004 0.21315788125 0.4041029359375 0.1663343109375 0.39531764062499997 0.15389315625 0.38900188281250003 0.1664398890625 0.394273990625 0.189468128125 0.392559609375 0.2011204453125 0.3955028890625 0.22035671093750003
9 0.312185528125 0.39360412031249997 0.3222114625 0.4001445828125 0.33241798437500003 0.3953308671875 0.33357419843749997 0.376712625 0.3138272265625 0.3324449828125 0.3063669953125 0.326820684375 0.30108314531249997 0.34058171875 0.3070940078125 0.35922170468750003 0.3082666234375 0.3816319203125 0.312185528125 0.39360412031249997
9 0.3530654765625 0.5752523593750001 0.36300698593749997 0.5690752734375 0.36525139218749997 0.5601496984375001 0.3633681640625 0.54636691875 0.34571315 0.5087670609375 0.3344184359375 0.503888109375 0.3317002875 0.51856530625 0.3391487796875 0.56097888125 0.3430395421875 0.5687118984375 0.3530654765625 0.5752523593750001
9 0.3740694875 0.6546477671875001 0.3713912203125 0.6367748734374999 0.356358190625 0.6085695453125 0.3483679328125 0.6002185015625 0.3394583328125 0.607609890625 0.3503238453125 0.6635081046875 0.3598478953125 0.6715610078124999 0.37132319687500004 0.6650857828125 0.3740694875 0.6546477671875001
9 0.3935561046875 0.7753697703125 0.3911428515625 0.7588602484375 0.373724709375 0.7183845796874999 0.3634619046875 0.714719928125 0.3579130421875 0.7271175921874999 0.36954545 0.7828667390625 0.379836396875 0.7907705703125 0.390809815625 0.7858077859375 0.3935561046875 0.7753697703125
9 0.4419644984375 0.4716641984375 0.4532029296875 0.468064784375 0.4554473359375 0.4591392109375 0.44204426406249997 0.406564015625 0.43585281093750006 0.39927820625 0.429717640625 0.4004707625 0.42750137656250004 0.41363552031250006 0.429023428125 0.45012665468749996 0.43270546093749995 0.46497466718749997 0.4419644984375 0.4716641984375
8 0.38323720781250004 0.3005595515625 0.3688303671875 0.251009240625 0.35261298124999996 0.23718296875 0.3475097203125 0.2395898265625 0.34582348125 0.2554813265625 0.3579577734375 0.3097180296875 0.367746834375 0.319134303125 0.3805190578125 0.31523675 0.38323720781250004 0.3005595515625
8 0.2709958375 0.6279920734375 0.2747060125 0.64707926875 0.2832544359375 0.6623962359375 0.288498403125 0.681185290625 0.302121946875 0.6898562171875 0.31283035312499996 0.6835300609375 0.31557664218750003 0.6730920453125 0.3128983765625 0.655219153125 0.2978090640625 0.6185354578125 0.278287221875 0.6081812765625 0.271943321875 0.6164888265624999 0.2709958375 0.6279920734375
6 0.2800133453125 0.5597396859375 0.281980996875 0.5862400156249999 0.28946937031250003 0.596103496875 0.297166475 0.5988519828125 0.30837676406250003 0.5910133875 0.3069109953125 0.5630006171875 0.280972571875 0.5114471640625 0.2699428703125 0.507931584375 0.266429684375 0.51851866875 0.2688429375 0.5350281921875 0.2800133453125 0.5597396859375
3 0.5363536765625 0.5396247421875 0.5406619 0.533127771875 0.5389592609375 0.5079908140625 0.5243718328125 0.469794678125 0.5184735328125 0.46811142187500004 0.5136634265625 0.47612083437499997 0.513386671875 0.5115467375 0.5163299515625 0.5307830015625 0.5235533125 0.5392831140625 0.5363536765625 0.5396247421875
3 0.560683203125 0.7343942484375 0.5716847625 0.733670646875 0.57776365 0.7239997234375 0.5763541640625001 0.7044653203125 0.5602048015625 0.662328140625 0.550472021875 0.661390234375 0.547697590625 0.6675890640625 0.5501671265625 0.692576953125 0.5482158734375 0.70710508125 0.5513960234375 0.723465534375 0.560683203125 0.7343942484375
3 0.6783185625 0.602582159375 0.6790010359374999 0.589715540625 0.667689921875 0.5438081328125 0.655921465625 0.5446808046875 0.6494814015625 0.57706008125 0.6521878078125 0.5991721578125 0.6599411953125001 0.6103990109375 0.6719746625 0.6108897109375 0.6783185625 0.602582159375
3 0.5630496796875 0.4353936640625 0.574051240625 0.43467006250000007 0.578861346875 0.4266606515625 0.5769218359375 0.40439950468749997 0.5638682 0.36590523125 0.556436109375 0.36452011406249996 0.55289478125 0.3708680140625 0.555127446875 0.3987317140625 0.5521442859375 0.412045540625 0.5537625015625001 0.42446495000000006 0.5630496796875 0.4353936640625
3 0.5857306140625 0.3432621109375 0.5926889625 0.35039885000000004 0.603690521875 0.3496752484375 0.6082356171875001 0.340302465625 0.60815119375 0.3275849171875 0.601401575 0.3133331828125 0.5986951671875 0.29122110625 0.5932424703125 0.2795470453125 0.5835378312499999 0.28284832031249996 0.585240471875 0.307985278125 0.5825504640625 0.3269016578125 0.5857306140625 0.3432621109375
3 0.5060157125 0.133790515625 0.5094608734375 0.1515143390625 0.5065339953125 0.17330653125 0.5086822359375 0.1884526828125 0.5182062859375 0.1965055859375 0.527409040625 0.19471675156249998 0.531452253125 0.18685640781249999 0.5306009328125 0.1742879296875 0.5241163265625 0.161399565625 0.51981984375 0.1311072640625 0.5143952875 0.12367238437500001 0.5082601171875 0.124864940625 0.5060157125 0.133790515625
3 0.457818471875 0.23795635625 0.46359246406250004 0.25947215468749996 0.4598424078125 0.27293505156250003 0.4622556609375 0.2894445734375 0.468712125 0.2980937546875 0.4825162578125 0.295410503125 0.48549941875 0.28209667656250004 0.4818173859375 0.267248665625 0.4756259328125 0.2599628546875 0.4713575921875 0.23390973437499998 0.46773184062500006 0.2275400875 0.46056476249999995 0.2275183421875 0.457818471875 0.23795635625
3 0.5387389781249999 0.08922788125 0.5406222078125 0.1030106609375 0.5463117765625001 0.1118089109375 0.5580802328125001 0.11093623906250001 0.5631553515625 0.10429019843750001 0.563865965625 0.0956627640625 0.5555544140625 0.077469984375 0.5557350015625 0.06611580781250001 0.5483990765625 0.040658965625 0.540966984375 0.03927385 0.5379275406249999 0.044109309375 0.54122025625 0.0774264953125 0.5387389781249999 0.08922788125
0 0.6137516796875 0.2458478875 0.6235407421875 0.25526416093750004 0.6345423015625 0.254540559375 0.6395892796875 0.2436553359375 0.63084386875 0.19866409062499998 0.6307313031249999 0.181707359375 0.62368853125 0.161853071875 0.6172883484375 0.16168225625 0.612743253125 0.1710550390625 0.6170678765625001 0.2055865234375 0.6103065171875001 0.22812406406250002 0.6137516796875 0.2458478875
0 0.6839706734375001 0.451505765625 0.677474325 0.475406675 0.6834851890625 0.4940466625 0.695309928125 0.5016523562499999 0.7029788906250001 0.5001616609374999 0.7102984171875 0.484590046875 0.7084151875 0.47080726562499997 0.70113554375 0.453828790625 0.702556771875 0.43657391875 0.6962527546875 0.41233137812500004 0.6888206625 0.4109462625 0.683773684375 0.421831484375 0.681794290625 0.43212043125 0.6839706734375001 0.451505765625
2 0.7126319046875 0.5661997515625 0.715310171875 0.5840726453125 0.7233285703125001 0.59666286875 0.732824478125 0.6004765890625 0.743267871875 0.5927870609375 0.7462510328125 0.579473234375 0.74578903125 0.5484355843750001 0.7392200015625 0.5228296734375 0.73302855 0.5155438625000001 0.7266283671875 0.5153730484375 0.7149443343749999 0.5289632671875 0.7163256796875 0.5442584890625 0.7126319046875 0.5661997515625
10 0.260674515625 0.3456065921875 0.25416176875 0.3284790453125 0.2412769796875 0.31541986718750004 0.232102365625 0.321447884375 0.23009483125000002 0.327497646875 0.23274495625 0.34113135781250004 0.252226915625 0.3840356296875 0.2533432484375 0.3979674796875 0.26210040156250003 0.40616945156249995 0.2698819296875 0.42163548906250004 0.2772858796875 0.418781421875 0.28156596093749997 0.40804526875 0.2806865 0.39123760625 0.27600069843749997 0.37941447500000003 0.2628508984375 0.364991925 0.260674515625 0.3456065921875