3 0.422616134375 0.09963196875 0.4270510265625 0.1115839984375 0.4396144015625 0.112167640625 0.444558909375 0.1059197640625 0.4440348796875 0.0692755265625 0.4470766609375 0.050070475 0.445076484375 0.0427226703125 0.43834907031250003 0.040250953125 0.43120948906249995 0.05036976562499999 0.42995061406249996 0.078294409375 0.422616134375 0.09963196875
3 0.41363298437499996 0.17133165781249998 0.41377517812500003 0.1854161953125 0.41809024843750003 0.1931306421875 0.43087089375 0.19234249375 0.4352610390625 0.1846006171875 0.436662109375 0.17076050781250002 0.4325419359375 0.1518273171875 0.43592080937500005 0.135488059375 0.43247481875 0.12228645468749999 0.426084496875 0.12268052812500001 0.42169435 0.13042240624999998 0.420435475 0.1583470515625 0.41363298437499996 0.17133165781249998
3 0.4025969546875 0.260986825 0.4086725578125 0.2675739109375 0.4191383078125 0.26641912031250004 0.4255062578125 0.2561780921875 0.4266900578125 0.2437097734375 0.42317695000000005 0.20096730625 0.41512354374999993 0.19687936875 0.40865814531250005 0.21272976875 0.402020221875 0.2496458671875 0.4025969546875 0.260986825
3 0.3937863296875 0.3116208171875 0.3875382015625 0.3260994265625 0.3873656765625 0.3471651265625 0.39266964843749996 0.3536299984375 0.4031353984375 0.35247520625 0.40885153750000003 0.346349546875 0.411458778125 0.3298880734375 0.4098260265625 0.290255828125 0.40628258749999996 0.28266359531249996 0.399120634375 0.2829354546875 0.3945132171875 0.292049121875 0.3937863296875 0.3116208171875
3 0.369819503125 0.432976784375 0.378959259375 0.43020577343750005 0.385327209375 0.41996474531250005 0.3867282796875 0.40612463749999994 0.380900278125 0.363015525 0.3698801671875 0.3626763125 0.360080640625 0.4145598796875 0.3619833671875 0.42751705624999997 0.369819503125 0.432976784375
3 0.3400023015625 0.501376684375 0.3423619421875 0.5214372359375 0.3478831828125 0.52653031875 0.35912056406250004 0.5254977421875 0.3654885140625 0.5152567140625 0.36809575625 0.49879524062499997 0.3633237734375 0.48397741875 0.3612788515625 0.45693570625 0.35455143906250003 0.4544639859375 0.34905256875 0.45921785625 0.3400023015625 0.501376684375
3 0.32725048437500004 0.61185311875 0.338944778125 0.6179239187500001 0.3469758125 0.6121649015624999 0.3513659578125 0.6044230234375 0.353081746875 0.5836017546875001 0.3457328546875 0.5500951671875 0.3349300140625 0.548384165625 0.33131149843749996 0.5562482578125 0.32435885625 0.60014551875 0.32725048437500004 0.61185311875
3 0.31006377500000004 0.710377525 0.3178999109375 0.7158372515625 0.3270396671875 0.7130662421875 0.3341792484375 0.702947428125 0.3370037609375 0.685114165625 0.3309584890625 0.6433768453125001 0.3236767140625 0.639411121875 0.3183951140625 0.6427932015625 0.3079214046875 0.688945184375 0.31006377500000004 0.710377525
11 0.746214128125 0.1790088859375 0.7545822531249999 0.1761156625 0.7660145328125 0.16386434218749998 0.769588303125 0.136306340625 0.77793405625 0.1235661625 0.7822794578125001 0.096130375 0.76981353125 0.08993736249999999 0.7628912203125 0.0986843859375 0.758425996875 0.121882590625 0.741659415625 0.16281927499999999 0.746214128125 0.1790088859375
11 0.686739775 0.774255746875 0.6904030359375 0.7860855625000001 0.702651690625 0.793650365625 0.7159643250000001 0.7845092671875 0.72009245625 0.75844526875 0.7344690671875 0.7325982703125 0.7364021265625 0.7104052109375 0.72844616875 0.7007079015625 0.7152309828125001 0.7042396281250001 0.7049298 0.729325909375 0.690216096875 0.7523071171875 0.686739775 0.774255746875
5 0.388605190625 0.01971648125 0.38271652500000003 0.0469078390625 0.39133870625 0.10733392500000001 0.40014137187500004 0.10169712187499999 0.40361769374999995 0.07974849218749999 0.40070369218749996 0.0581939375 0.406494909375 0.0366119484375 0.40514654375000003 0.025148776562500003 0.4000598421875 0.017312115625 0.388605190625 0.01971648125
5 0.24544958437500003 0.6438955796875 0.247591953125 0.665327921875 0.242909459375 0.689897915625 0.24524672656250002 0.7001115125 0.260027546875 0.7066711703124999 0.266080778125 0.7034113015625 0.27541543281249997 0.6894215484374999 0.27746831250000004 0.6714660734375 0.2726963296875 0.65664825 0.273205946875 0.63844834375 0.2685314125 0.61802115 0.25167534062499997 0.6195700140625 0.24544958437500003 0.6438955796875
8 0.6907863765625 0.663806740625 0.6942323671875 0.677008346875 0.708458825 0.682074 0.7179133015625 0.6723218296875 0.7302897374999999 0.639127025 0.7322004234375 0.6070870109375 0.7286569843749999 0.599494778125 0.7238099250000001 0.60013328125 0.70620459375 0.6114068875 0.6919701765624999 0.6513384234374999 0.6907863765625 0.663806740625
8 0.7328184578125 0.24860350156250002 0.74649055625 0.25217515 0.7551734 0.24230076562499997 0.7693854453125 0.1925222734375 0.76902598125 0.1798095265625 0.7655799921875001 0.166607921875 0.74732285 0.18199689375 0.74273780625 0.2009575171875 0.7323168015625 0.22180621718750002 0.7328184578125 0.24860350156250002
2 0.369927921875 0.092693178125 0.36413670625 0.1142751640625 0.36618162656250003 0.1413168765625 0.363259665625 0.16475951093750002 0.3779430375 0.1769285390625 0.38959258750000003 0.16330542812499999 0.389787484375 0.152086684375 0.386633840625 0.1220569640625 0.38858927187500003 0.109710859375 0.383457825 0.0821802890625 0.3750897 0.0850735125 0.369927921875 0.092693178125
2 0.266884246875 0.523544759375 0.26172246875 0.5311644234374999 0.25626834375 0.555612203125 0.25700964375 0.590884653125 0.2612272640625 0.604208471875 0.271595565625 0.608663053125 0.2801809609375 0.6043980390625 0.2875378125 0.5929074359375 0.28980796249999996 0.573580171875 0.284916159375 0.5545247640625 0.28619740625 0.5364470734375 0.27946999375 0.53397535625 0.27327456875 0.523150684375 0.266884246875 0.523544759375
0 0.35824008125 0.1864637109375 0.3591762796875 0.2105174171875 0.35176672343750004 0.2473113 0.357744878125 0.25950775937500004 0.3679933578125 0.25972475781250004 0.37766510468750003 0.248600796875 0.379717984375 0.23064532187500003 0.3725112859375 0.211223271875 0.3766170453125 0.1753123203125 0.3692154484375 0.167109015625 0.3633794875 0.1689970921875 0.35824008125 0.1864637109375
0 0.3010244765625 0.4178621171875 0.295787621875 0.44093810624999996 0.29682126875 0.4593824421875 0.289389340625 0.48632937031249995 0.29073770625 0.49779254375 0.2971504015625 0.5072454234375 0.3126804796875 0.5040803390625 0.32025460156249996 0.491217946875 0.32110130937500003 0.4758838359375 0.31411188125 0.45508999687499996 0.315947490625 0.43850631093750003 0.313707671875 0.422683340625 0.3055344453125 0.4143578203125 0.3010244765625 0.4178621171875
4 0.33469338125000003 0.25023195625 0.3297488734375 0.2564798296875 0.3282279828125 0.2660823546875 0.328272728125 0.2857762640625 0.33227307968750003 0.3004718734375 0.32493859999999997 0.32180943125 0.32720079062499996 0.3474793546875 0.33812345312500003 0.353427940625 0.34846938125000004 0.348035565625 0.3550546015625 0.33642274843750003 0.3561185796875 0.3197168453125 0.34647716562499997 0.295690571875 0.35062766875 0.279473528125 0.350463103125 0.25554203593749997 0.34515913125000003 0.24907716406249997 0.33469338125000003 0.25023195625
10 0.718882840625 0.3715482546875 0.7148297859375 0.38215592656249997 0.7141028984375 0.40172762031250003 0.71897233125 0.41093607343749994 0.726471375 0.41353000624999997 0.7346973078125 0.3965522453125 0.74316288125 0.38804965 0.7446614 0.36860016875 0.760776171875 0.33177885625000003 0.7629488734375001 0.31806096250000004 0.7538841921875 0.3053756453125 0.7411259203125 0.316010746875 0.73422598125 0.3346047265625 0.73251019375 0.35542599531249996 0.718882840625 0.3715482546875
6 0.7314094296875 0.3074407984375 0.729019459375 0.32253048125 0.73113945625 0.33411586875 0.760132321875 0.29089703437500003 0.766814990625 0.27367484375 0.76886786875 0.25571936875 0.7587168390625 0.2498929984375 0.7539895999999999 0.254769084375 0.745111859375 0.2758622125 0.7412984453125 0.29494504843749997 0.7314094296875 0.3074407984375
6 0.6968107812500001 0.5508585859374999 0.69345428125 0.5770447984375 0.6986608046875 0.58911904375 0.7112241781249999 0.5897026859375 0.72111319375 0.5772069375 0.723360971875 0.5480327171875 0.730815271875 0.5309327406250001 0.7334001406249999 0.504624315625 0.7263356359375 0.49928680312499996 0.7183046015625 0.50504581875 0.7096441296875 0.524767159375 0.7076886984375 0.5371132640625 0.6968107812500001 0.5508585859374999
7 0.7132258593749999 0.4522119671875 0.7079666328124999 0.46544100312500003 0.7095770124999999 0.49522629531250006 0.720499675 0.50117488125 0.7304110640625 0.498526084375 0.7355728421875 0.490906421875 0.7375809765625 0.4532570359375 0.7483390734375 0.4352741296875 0.7557710015625 0.4083271984375 0.7491186640625 0.39039915468749997 0.7352516687499999 0.39804624843749997 0.7264937484375 0.4233769609375 0.7264186718750001 0.43883328749999995 0.7132258593749999 0.4522119671875
9 0.6349141890625 0.6619884640625 0.6452824890625 0.6664430453125 0.6523311796875 0.6423153171875 0.6645364921875 0.6048073078125 0.6575694359375001 0.593860425 0.6473433281250001 0.6034903796875 0.6326519984375001 0.636318540625 0.6312509281249999 0.6501586484375 0.6349141890625 0.6619884640625
1 0.31777664687499996 0.322081290625 0.3094085203125 0.3249745140625 0.303257840625 0.333843753125 0.30173695 0.343446278125 0.30277059687499996 0.3618906125 0.308651303125 0.37969644375 0.3002081 0.39804599375 0.299383765625 0.4232270609375 0.3055344453125 0.4143578203125 0.313490403125 0.42405513125 0.3150560375 0.4341465140625 0.3234241640625 0.43125328906249993 0.3324217265625 0.41439774375000005 0.3334857046875 0.39769184218750003 0.3248555640625 0.382262946875 0.32372446875 0.369427984375 0.3273206109375 0.3517169375 0.32462388125 0.3287905921875 0.31777664687499996 0.322081290625
9 0.63023815 0.7863997921875 0.6414531578125 0.7755202609375 0.6499266921875 0.722020475 0.6454918000000001 0.7100684453125 0.6348087812500001 0.7125950265625 0.6164014859375 0.7588966515625 0.6198698484375 0.7819452109375 0.63023815 0.7863997921875
9 0.640646246875 0.5658684265625 0.65200345 0.56907343125 0.661457925 0.559321259375 0.669062378125 0.5113086328125 0.6680511046875 0.502711253125 0.6663880203125 0.4982292421875 0.6574655328125 0.49962846250000004 0.6402420375 0.53346176875 0.6369829874999999 0.5540386093749999 0.640646246875 0.5658684265625
9 0.6594209640625001 0.48728235781249996 0.66766926875 0.4801515515625 0.6746969875 0.420797965625 0.6660892203125 0.415216025 0.656754565625 0.42920577812499994 0.645389403125 0.4709979609375 0.6501613859375001 0.485815784375 0.6594209640625001 0.48728235781249996
9 0.6614897625 0.379332503125 0.664381390625 0.3910401046875 0.6741953296875 0.3940006828125 0.683986896875 0.387114303125 0.687268321875 0.37638441718750004 0.6876581171875 0.35394693125 0.6932320625 0.333736734375 0.689786071875 0.320535128125 0.6843846515625 0.319679628125 0.6786685125 0.32580528750000004 0.6632279234375 0.3683581875 0.6614897625 0.379332503125
9 0.6783314218750001 0.32293949375 0.6860253640625 0.314314684375 0.6932927265625 0.2634362625 0.688857834375 0.2514842328125 0.6790662671875001 0.258370609375 0.6629738671875 0.305038878125 0.6662025875 0.3196122734375 0.6783314218750001 0.32293949375
9 0.6837487609374999 0.233800615625 0.6886181921875 0.24300906875 0.6988666718750001 0.243226065625 0.706006253125 0.23310725312499997 0.7141426953125001 0.1767416734375 0.7126968812500001 0.1708878734375 0.7072954609375001 0.170032371875 0.699384246875 0.180028971875 0.6851498296874999 0.21996050781249998 0.6837487609374999 0.233800615625
9 0.7144574140625 0.1697605125 0.723800028125 0.11077357031249999 0.71639843125 0.1025702640625 0.7082699484375 0.113938653125 0.6938182609375 0.1552419796875 0.6971668015625 0.17405295625 0.7144574140625 0.1697605125