11 0.61015625 0.58515625 0.04375 0.09375
6 0.43046875 0.609375 0.04375 0.0953125
0 0.384375 0.25859375 0.040625 0.1
3 0.33046875 0.19609375 0.0359375 0.0796875
4 0.50703125 0.3296875 0.046875 0.1125
7 0.44921875 0.2484375 0.0484375 0.11875
3 0.36953125 0.61796875 0.0390625 0.0796875
9 0.590625 0.09609375 0.0359375 0.0828125
1 0.528125 0.078125 0.046875 0.125
3 0.54765625 0.62578125 0.0375 0.078125
11 0.5828125 0.409375 0.04375 0.0984375
5 0.49609375 0.6 0.04375 0.0953125
9 0.4296875 0.11875 0.0328125 0.0796875
9 0.65234375 0.4921875 0.0390625 0.0796875
5 0.39453125 0.421875 0.04375 0.0953125
9 0.534375 0.171875 0.0359375 0.0828125
3 0.37109375 0.115625 0.034375 0.078125
3 0.52578125 0.41171875 0.0359375 0.0796875