6 0.328125 0.25234375 0.0390625 0.1015625
5 0.34140625 0.11171875 0.0375 0.0984375
10 0.571875 0.3015625 0.04375 0.1140625
11 0.39140625 0.421875 0.040625 0.096875
9 0.5609375 0.696875 0.0359375 0.08125
0 0.3953125 0.25234375 0.0359375 0.0953125
2 0.52109375 0.42734375 0.0390625 0.0953125
8 0.70703125 0.83046875 0.0421875 0.0859375
8 0.68125 0.33203125 0.040625 0.0890625
5 0.53046875 0.4921875 0.040625 0.0984375
7 0.4015625 0.3203125 0.0453125 0.11875
1 0.38515625 0.15859375 0.0421875 0.11875
0 0.4765625 0.61328125 0.0421875 0.0953125
3 0.3578125 0.70234375 0.0390625 0.0796875
4 0.5515625 0.16328125 0.0421875 0.1125
6 0.29609375 0.51875 0.0453125 0.0984375
2 0.434375 0.83984375 0.04375 0.0921875
2 0.621875 0.98046875 0.0234375 0.0203125