9 0.52734375 0.1828125 0.025 0.0609375
9 0.65546875 0.503125 0.03125 0.0796875
9 0.54453125 0.42890625 0.0265625 0.0671875
9 0.5328125 0.3359375 0.028125 0.0796875
11 0.6859375 0.09296875 0.034375 0.096875
11 0.75234375 0.703125 0.040625 0.0984375
7 0.7078125 0.3984375 0.0421875 0.1171875
6 0.70390625 0.25078125 0.034375 0.1
10 0.59453125 0.40078125 0.0359375 0.1125
0 0.42578125 0.71171875 0.0375 0.1015625
5 0.47890625 0.59140625 0.0328125 0.090625
2 0.2890625 0.60703125 0.040625 0.090625
3 0.47578125 0.5078125 0.0296875 0.078125
3 0.475 0.26015625 0.028125 0.0796875
3 0.546875 0.703125 0.03125 0.0765625
1 0.296875 0.4171875 0.046875 0.1203125
4 0.30546875 0.33515625 0.040625 0.109375
0 0.31484375 0.2421875 0.034375 0.1
5 0.3125 0.08984375 0.034375 0.096875
3 0.3578125 0.09609375 0.028125 0.0796875
6 0.61015625 0.68828125 0.034375 0.0984375
8 0.60078125 0.4984375 0.0328125 0.090625
8 0.58203125 0.2515625 0.03125 0.0875
2 0.478125 0.4046875 0.0328125 0.09375
3 0.40703125 0.17265625 0.028125 0.0765625
3 0.415625 0.4171875 0.0296875 0.0765625
9 0.63984375 0.1765625 0.025 0.0765625
9 0.6765625 0.73046875 0.03125 0.0640625
9 0.6359375 0.1046875 0.025 0.0765625