11 0.56796875 0.621875 0.0546875 0.0953125
6 0.39296875 0.5734375 0.0546875 0.096875
0 0.48828125 0.23203125 0.0515625 0.1015625
3 0.4625 0.15390625 0.04375 0.0796875
4 0.57265625 0.3453125 0.0578125 0.1140625
7 0.5515625 0.2484375 0.0609375 0.1203125
3 0.334375 0.5578125 0.046875 0.08125
9 0.74140625 0.16328125 0.04375 0.084375
1 0.690625 0.12265625 0.0609375 0.125
3 0.49453125 0.634375 0.0453125 0.0796875
11 0.61171875 0.44921875 0.0546875 0.1
5 0.45703125 0.590625 0.0546875 0.096875
9 0.584375 0.12109375 0.0421875 0.0796875
9 0.64375 0.55234375 0.046875 0.08125
5 0.43359375 0.38671875 0.053125 0.096875
9 0.66015625 0.2109375 0.0453125 0.0828125
3 0.53125 0.09609375 0.0421875 0.078125
3 0.5578125 0.42890625 0.0453125 0.08125