0 0.52890625 0.61171875 0.0359375 0.0953125
8 0.4171875 0.51015625 0.034375 0.0875
10 0.41796875 0.3046875 0.0390625 0.1140625
4 0.43046875 0.165625 0.0375 0.109375
2 0.54375 0.2421875 0.0328125 0.090625
5 0.63828125 0.10546875 0.0328125 0.096875
11 0.6046875 0.41640625 0.0359375 0.0953125
6 0.709375 0.25390625 0.0390625 0.1
3 0.7921875 0.78984375 0.040625 0.0765625
9 0.80859375 0.9515625 0.0421875 0.0734375
2 0.70625 0.984375 0.046875 0.03125
8 0.3109375 0.840625 0.0390625 0.084375
2 0.58359375 0.8359375 0.0390625 0.0921875
2 0.403125 0.98515625 0.0234375 0.0203125
9 0.5328125 0.9921875 0.021875 0.015625