1 0.51328125 0.07734375 0.05 0.1234375
5 0.49921875 0.6 0.046875 0.096875
11 0.63359375 0.40703125 0.0484375 0.1
9 0.653125 0.48515625 0.040625 0.0796875
7 0.4390625 0.25078125 0.0515625 0.1171875
4 0.39609375 0.33671875 0.0515625 0.1125
6 0.46015625 0.41640625 0.046875 0.1015625
9 0.57734375 0.09296875 0.0375 0.084375
11 0.559375 0.31640625 0.0453125 0.0953125
3 0.52265625 0.4109375 0.0390625 0.0796875
3 0.6125 0.58671875 0.0390625 0.0765625
9 0.52265625 0.171875 0.0390625 0.084375
3 0.37421875 0.621875 0.0421875 0.0796875
3 0.35859375 0.11875 0.0359375 0.0765625
9 0.4171875 0.121875 0.0359375 0.08125
0 0.4765625 0.09375 0.0421875 0.103125
5 0.28046875 0.44140625 0.05 0.096875
3 0.4203125 0.1875 0.034375 0.0796875