10 0.55546875 0.584375 0.040625 0.1046875
5 0.70390625 0.44453125 0.0359375 0.0875
9 0.46171875 0.50390625 0.0296875 0.075
9 0.353125 0.46796875 0.028125 0.0734375
9 0.5859375 0.44609375 0.0296875 0.071875
6 0.42265625 0.66796875 0.0359375 0.0984375
7 0.7078125 0.7984375 0.046875 0.121875
5 0.64375 0.36328125 0.0375 0.103125
3 0.4671875 0.3921875 0.028125 0.071875
5 0.66875 0.590625 0.0390625 0.1
9 0.765625 0.73671875 0.0421875 0.0953125
8 0.55703125 0.83515625 0.040625 0.0984375
3 0.51640625 0.31640625 0.028125 0.071875
8 0.559375 0.734375 0.0375 0.0859375
9 0.29921875 0.34609375 0.0296875 0.071875
9 0.621875 0.81875 0.0359375 0.0828125
2 0.5796875 0.32109375 0.034375 0.090625
9 0.4234375 0.8390625 0.0359375 0.0828125
3 0.290625 0.84921875 0.0359375 0.08125