2 0.4773340484375 0.4539176421875 0.48275929062499995 0.44268717031250004 0.468915625 0.393142603125 0.44851611093750005 0.370769178125 0.44174448593750004 0.38658675468750003 0.45316810781249994 0.43954087656249996 0.46224587812499995 0.45455017499999995 0.4773340484375 0.4539176421875
11 0.5958779921875 0.08872451249999999 0.5990023124999999 0.10225743125 0.60727915 0.110324528125 0.6186975484375 0.10768838437499999 0.6232252015624999 0.09951598125 0.6222481984375 0.0883381609375 0.6151416765625 0.071448340625 0.6163689390625 0.0455074015625 0.6115063890625 0.02097240625 0.5970033765625 0.0171935796875 0.5931005875 0.028072565625 0.59519095625 0.0475458796875 0.599349228125 0.055138401562499995 0.5958779921875 0.08872451249999999
11 0.7749428203125001 0.6802716734375001 0.7826345 0.692750134375 0.7978987390625 0.6963532171875 0.8063688875 0.6844197734375 0.80427851875 0.6649464609375 0.7991829515625 0.6532940640625 0.8053297125000001 0.634769903125 0.798632278125 0.609233103125 0.7854756484375 0.6008671703124999 0.7760682046875 0.6087407406249999 0.7750567171875 0.6460352421875 0.770881203125 0.66267888125 0.7749428203125001 0.6802716734375001
5 0.2293533875 0.133431559375 0.23411928125 0.1679668265625 0.24485586874999998 0.17974231406250002 0.25717185625 0.1740480984375 0.25968855468749996 0.160638271875 0.242430603125 0.127561603125 0.23971537031249998 0.10538170468750001 0.226519034375 0.089897828125 0.2192192 0.09300855 0.21621400156249998 0.10082946718750001 0.22152534531249998 0.12383542656249999 0.2293533875 0.133431559375
5 0.31431608125 0.7167700390625 0.318201628125 0.7301272140624999 0.3279042640625 0.7478430984375 0.331380721875 0.7698472515625 0.3387599703125 0.7809724203124999 0.352189325 0.7835736984375 0.36007431562500003 0.7760516156249999 0.36241494375 0.7584061703125 0.3575921015625 0.7409891203125001 0.34792917343749996 0.73039118125 0.3325061078125 0.69831631875 0.32319531874999996 0.696189615625 0.31454909999999997 0.703887440625 0.31431608125 0.7167700390625
1 0.2628734734375 0.40365020156250003 0.2581697515625 0.4075869859375 0.2565903484375 0.4250566875 0.26432173593749997 0.44465309218750004 0.277518071875 0.46013696875 0.2762511015625 0.4789599625 0.2841585578125 0.5027919859375001 0.2931172078125 0.49644744999999996 0.302018909375 0.5072211328125 0.30689869999999997 0.507519965625 0.3130454625 0.48899580625 0.3086714140625 0.470049721875 0.29350383125 0.456446365625 0.28764703593749996 0.44496971093750004 0.284659078125 0.4285544671875 0.27249669375 0.40713019375000004 0.2628734734375 0.40365020156250003
4 0.2519555953125 0.3320488296875 0.2534210984375 0.3488155578125 0.271303915625 0.3845988109375 0.27017330781250004 0.4005394796875 0.281886896875 0.42349278593750006 0.29500381875000004 0.42474077499999996 0.302576378125 0.41586539843750003 0.30433184999999996 0.40263131406249997 0.2987477796875 0.385390009375 0.28112044687500004 0.3680782625 0.278581284375 0.350133984375 0.270849896875 0.33053757968749997 0.2624366984375 0.3253528078125 0.2519555953125 0.3320488296875
7 0.6798772765625001 0.390051784375 0.6837628234375 0.403408959375 0.6925281609375 0.4170649671875 0.70488385625 0.4184886984375 0.713530075 0.410790871875 0.7150128203125 0.40332144062499997 0.7035322500000001 0.3674855359375 0.7064580359375 0.34542872812500003 0.70218064375 0.3164823734375 0.6891603765625 0.30523411562499997 0.6799290015625 0.3173433015625 0.6852231046874999 0.364585421875 0.6796615 0.378698221875 0.6798772765625001 0.390051784375
6 0.6469355515624999 0.25083847656249997 0.6532411406249999 0.26078609531249997 0.663756728125 0.205617753125 0.659166903125 0.1753181046875 0.6469475703125 0.17101205 0.6436696453125 0.18459761875 0.6476743125 0.219308628125 0.6434987984375 0.2359522671875 0.6469355515624999 0.25083847656249997
9 0.5723473625 0.1882348640625 0.5862255109375 0.189307109375 0.591514390625 0.18095896250000001 0.59084981875 0.171134434375 0.581556271875 0.14477157031250001 0.5794659046875 0.12529825781249998 0.5739215421874999 0.1151748953125 0.564826528125 0.12440175625000001 0.5684790578125 0.150641528125 0.5666269296875 0.17387588437499998 0.5723473625 0.1882348640625
9 0.5559645343749999 0.1207460203125 0.5610203953124999 0.125280471875 0.575267925 0.11058779062499999 0.5616969859375 0.0552785734375 0.5563286921875 0.049390828125 0.55100010625 0.0506210296875 0.5480346140625 0.06555989062499999 0.5513177609375 0.1075645890625 0.5559645343749999 0.1207460203125
9 0.4790289203125 0.21120454687499998 0.48172168906249996 0.2020303390625 0.4765864140625 0.183259996875 0.470280825 0.1733123765625 0.46573070625 0.150130675 0.45485775781250004 0.1412375140625 0.451892265625 0.15617637499999998 0.4582600265625 0.20459604531250003 0.46608806875 0.21419217812500002 0.4790289203125 0.21120454687499998
9 0.6218030546875 0.336464425 0.6283019546874999 0.32641149999999997 0.6270125203125 0.31388038749999997 0.6189687015625001 0.2929306921875 0.6168783328125 0.2734573796875 0.606454178125 0.263035184375 0.601926525 0.2712075859375 0.6018920421875 0.3196799078125 0.6105210171875 0.3362182421875 0.6218030546875 0.336464425
9 0.653244790625 0.5073833234375 0.664839259375 0.508982796875 0.6713381593750001 0.49892987343749995 0.671747246875 0.49028289375 0.661300628125 0.4485065921875 0.652847721875 0.436203875 0.6445139359375001 0.44525499375 0.64367851875 0.48678511249999995 0.647564065625 0.5001422875 0.653244790625 0.5073833234375
9 0.6846985453125 0.5984757953125001 0.6978154671875 0.5997237828124999 0.7032407093749999 0.588493309375 0.690430996875 0.5330083484375 0.6792853234375 0.5298798390624999 0.675382534375 0.5407588265625 0.67312131875 0.5726401609375 0.6779441625 0.5900572125 0.6846985453125 0.5984757953125001
9 0.7159986968750001 0.7166867546875 0.7280419593749999 0.71675719375 0.734228428125 0.705350978125 0.7221799421874999 0.6496902718750001 0.7120682203124999 0.64062136875 0.704183228125 0.648143453125 0.7047339015625 0.6922044125 0.7092443125 0.7082681703125 0.7159986968750001 0.7166867546875
9 0.5297620281250001 0.45179164531250005 0.541492859375 0.4505087921875 0.547230534375 0.4406316125 0.5445550078125 0.42556965937499996 0.5311031890625 0.391614275 0.5237239421875 0.38048910625 0.517634128125 0.38189505156250003 0.5149413609375 0.391069259375 0.524081303125 0.4445506109375 0.5297620281250001 0.45179164531250005
8 0.5340012875 0.2826130953125 0.547254571875 0.28097875625 0.5523673812500001 0.2683949921875 0.5413925546875 0.2139118359375 0.5333884421875 0.200080084375 0.5277474234375 0.19995699375 0.5185557562499999 0.2191841265625 0.5255483812499999 0.270310378125 0.5340012875 0.2826130953125
8 0.74563638125 0.5915342984375 0.7579920765625 0.5929580296875 0.7669110203125 0.5794955500000001 0.764059425 0.56019798125 0.7656388265625 0.542728278125 0.7612647781249999 0.5237821921875 0.755720415625 0.51365883125 0.746545990625 0.508649803125 0.732923325 0.5260490671875 0.7340591546875 0.565698665625 0.7388819984375 0.583115715625 0.74563638125 0.5915342984375
6 0.7255043703124999 0.507805953125 0.7314181140625 0.5021643921875001 0.73424724375 0.49010785625000003 0.725266128125 0.46509828593749997 0.7254197328124999 0.4379797984375 0.720909321875 0.4219160390625 0.7133937125 0.41367319843750006 0.70474749375 0.4213710234375 0.7020202421875 0.4790175546875 0.712075015625 0.505204675 0.7255043703124999 0.507805953125
3 0.476327784375 0.5468024109375 0.48290609843750004 0.5509853765625 0.49446086093749997 0.5454669046875 0.49760242187500003 0.5347636609374999 0.492467146875 0.5159933203125 0.47780530781249997 0.48374271406249997 0.47015333437500006 0.47838219843749996 0.46544961249999994 0.48231898281249996 0.4676591015625 0.52314613125 0.476327784375 0.5468024109375
3 0.5134105390625 0.7178444015625 0.5200682671875 0.73626325625 0.529555125 0.742625578125 0.539899865625 0.7388118828125 0.5439390171875 0.7250505703125001 0.5401898328125 0.70881106875 0.5324981531249999 0.696332609375 0.524590696875 0.6725005859375 0.5195348359375 0.6679661359375 0.5110249796875 0.6727816343749999 0.5134105390625 0.7178444015625
3 0.3879962359375 0.6712511890624999 0.39878977187500003 0.665908459375 0.40130646875 0.6524986328125 0.3947851046875 0.6311974515625 0.37573197343750003 0.6042369203125 0.36462600625 0.6082263578125 0.372965015625 0.65476550625 0.378821809375 0.6662421593750001 0.3879962359375 0.6712511890624999
3 0.39084418125 0.44395153125000003 0.39812677343749997 0.46507697031250006 0.405778746875 0.470437484375 0.4161234875 0.46662379062500003 0.4201626390625 0.45286247812499997 0.4165895234375 0.4408585953125 0.4084490484375 0.4299091703125 0.3991555015625 0.4035463078125 0.3933384140625 0.3991875984375 0.38711223906250003 0.4034758703125 0.39084418125 0.44395153125000003
3 0.33144081718749996 0.3707151140625 0.3310714375 0.38648003750000004 0.3361670046875 0.398132434375 0.344131409375 0.40484624062499996 0.35447615 0.40103254687499995 0.35793014375 0.3916825953125 0.3541809609375 0.37544309375 0.34402953125 0.359256246875 0.3353608484375 0.33559996718749996 0.3251524703125 0.336531334375 0.3249194515625 0.34941393125000003 0.33144081718749996 0.3707151140625
3 0.3395656234375 0.21489373750000001 0.3438999640625 0.226721878125 0.3507907109375 0.2322581359375 0.35992542968749996 0.2301492203125 0.36535067187500003 0.21891874687500001 0.36115269375 0.20420828124999998 0.34961517343750004 0.185490590625 0.3455535578125 0.1678978 0.33987283281249997 0.1606567625 0.33378301875 0.16206270625000002 0.33185147812500004 0.1710611734375 0.3402474359375 0.2004821046875 0.3395656234375 0.21489373750000001
3 0.4219421484375 0.2799755390625 0.4246176734375 0.295037490625 0.4327581484375 0.305986915625 0.44646022656250006 0.302823540625 0.44884056250000004 0.29229604062500003 0.44433015156250005 0.2762322828125 0.43542845 0.2654586015625 0.431951990625 0.243454446875 0.4251976078125 0.23503586406250002 0.418659 0.23797084218750003 0.4179374796875 0.2452645296875 0.424634915625 0.2708013296875 0.4219421484375 0.2799755390625
3 0.27260694218750003 0.126296534375 0.277390078125 0.1365956390625 0.2771967671875 0.1565961828125 0.28135503906250003 0.164188703125 0.2886945796875 0.168195928125 0.299800546875 0.16420649062499998 0.30141965625 0.1538547328125 0.297534109375 0.1404975578125 0.29046729375 0.13072568281250002 0.27992401875 0.09894965156249999 0.2751805890625 0.0957684921875 0.2689544140625 0.1000567625 0.27260694218750003 0.126296534375
0 0.25110973125 0.262398415625 0.257903821875 0.2779349453125 0.26821407812500003 0.32259357187500004 0.2772521421875 0.3304849265625 0.2875968828125 0.3266712328125 0.2927096921875 0.31408746875000004 0.2886480765625 0.2964946765625 0.2733044234375 0.2786557015625 0.26320994375 0.2453506375 0.2552455390625 0.23863683125000001 0.24946815781249998 0.2413960671875 0.25110973125 0.262398415625
0 0.285056146875 0.49973391562499997 0.2891574703125 0.524444653125 0.29747401406249996 0.539629696875 0.297729496875 0.558101203125 0.30161504375 0.571458378125 0.3146353109375 0.5827066375000001 0.3222475765625 0.5809492078125 0.32995649843749997 0.5691915062499999 0.3278661296875 0.5497181921875 0.31221004531249996 0.5305259265625 0.30631354375000003 0.511931328125 0.3003203859375 0.5033369999999999 0.29128232187499997 0.4954456453125 0.285056146875 0.49973391562499997
2 0.29074731875 0.618155484375 0.2951610734375 0.6442195125 0.30736316406249997 0.6727617312499999 0.3155036390625 0.68371115625 0.328171765625 0.6864881781250001 0.3352955296875 0.6791418375 0.337499796875 0.66437871875 0.332676953125 0.6469616703125001 0.32037820781250004 0.6284197234375 0.31541900156249997 0.6138849984375 0.2992174671875 0.6062220390624999 0.29344008593750004 0.608981275 0.29074731875 0.618155484375
10 0.6555869921874999 0.2987309171875 0.6561152 0.311437771875 0.6621480640625 0.32715004531249997 0.6704249015625 0.3352171421875 0.6783496 0.3348130046875 0.679167775 0.31751904531249997 0.683831790625 0.306464315625 0.6791850171875 0.293282884375 0.6795319328125 0.24616385468750002 0.6764076125 0.23263093750000002 0.672112978125 0.22792074062499998 0.6612797359375 0.22614552500000001 0.6548205421875 0.24331639374999997 0.655837253125 0.261612159375 0.6617337531249999 0.28020675625 0.6555869921874999 0.2987309171875