3 0.34609375 0.80078125 0.05 0.084375
6 0.51953125 0.44609375 0.05 0.09375
9 0.48125 0.5140625 0.04375 0.0765625
7 0.64765625 0.621875 0.0671875 0.1203125
4 0.6125 0.3359375 0.05625 0.10625
10 0.6703125 0.4828125 0.0640625 0.1125
9 0.5734375 0.42890625 0.04375 0.0765625
3 0.44609375 0.40234375 0.0421875 0.0734375
9 0.80859375 0.67578125 0.0609375 0.1015625
3 0.478125 0.3171875 0.040625 0.075
9 0.52890625 0.678125 0.0484375 0.0828125
2 0.540625 0.30859375 0.0515625 0.09375
9 0.35 0.49921875 0.0421875 0.0765625
9 0.6859375 0.7859375 0.0515625 0.0875
0 0.565625 0.56015625 0.053125 0.09375
3 0.3828125 0.36328125 0.0421875 0.0765625
0 0.5609375 0.83046875 0.059375 0.10625
9 0.27109375 0.39296875 0.04375 0.075
8 0.4578125 0.6703125 0.053125 0.0921875
8 0.49296875 0.83828125 0.059375 0.1046875
3 0.38671875 0.66640625 0.046875 0.0796875
3 0.35 0.41640625 0.0421875 0.0734375
3 0.421875 0.8828125 0.05 0.0859375