9 0.65078125 0.5265625 0.0359375 0.0796875
11 0.65390625 0.44609375 0.0421875 0.0984375
7 0.51171875 0.2421875 0.04375 0.11875
5 0.31640625 0.69375 0.046875 0.0984375
4 0.4453125 0.3140625 0.0453125 0.1125
1 0.30625 0.390625 0.0546875 0.1234375
6 0.5453125 0.521875 0.0390625 0.096875
9 0.55234375 0.34765625 0.034375 0.0796875
9 0.68671875 0.1296875 0.0328125 0.08125
0 0.39375 0.7046875 0.0421875 0.0984375
3 0.47265625 0.50859375 0.034375 0.078125
0 0.5890625 0.10234375 0.0359375 0.1046875
11 0.6078125 0.3390625 0.040625 0.096875
9 0.52421875 0.11328125 0.03125 0.0796875
3 0.34375 0.58125 0.0390625 0.0796875
6 0.484375 0.40859375 0.0375 0.0984375
9 0.6125 0.19296875 0.0328125 0.0796875
3 0.41171875 0.0828125 0.0328125 0.0796875
3 0.58359375 0.6140625 0.0359375 0.075
9 0.525 0.71796875 0.0359375 0.0828125
3 0.4515625 0.16484375 0.03125 0.0765625
5 0.34375 0.21015625 0.0421875 0.09375