9 0.66640625 0.1890625 0.0296875 0.0796875
8 0.71875 0.1828125 0.0359375 0.0921875
3 0.3921875 0.16875 0.028125 0.0734375
2 0.34140625 0.16015625 0.0328125 0.0765625
2 0.33828125 0.1203125 0.03125 0.0734375
9 0.6546875 0.26640625 0.0296875 0.08125
6 0.71640625 0.52578125 0.0390625 0.096875
8 0.72421875 0.61796875 0.040625 0.0890625
9 0.6609375 0.34140625 0.03125 0.0796875
11 0.73515625 0.72265625 0.0453125 0.1
5 0.2796875 0.6859375 0.04375 0.09375
0 0.30546875 0.48515625 0.0375 0.090625
9 0.65546875 0.51796875 0.0328125 0.0796875
1 0.30546875 0.39921875 0.046875 0.11875
7 0.7234375 0.42109375 0.04375 0.1078125
9 0.66015625 0.615625 0.0328125 0.078125
2 0.28125 0.5875 0.0421875 0.090625
3 0.34921875 0.59609375 0.0328125 0.075
6 0.7265625 0.2671875 0.034375 0.090625
3 0.38203125 0.32890625 0.0296875 0.075
4 0.321875 0.31875 0.04375 0.109375
9 0.6578125 0.7328125 0.034375 0.084375
9 0.6546875 0.4328125 0.03125 0.08125
10 0.7203125 0.3375 0.040625 0.10625
3 0.36484375 0.409375 0.03125 0.0734375
3 0.34375 0.69453125 0.034375 0.078125
3 0.35546875 0.50546875 0.03125 0.075
3 0.39453125 0.08515625 0.028125 0.078125
3 0.3890625 0.24296875 0.0296875 0.075
11 0.72265625 0.109375 0.0359375 0.096875
9 0.6703125 0.1203125 0.028125 0.0828125
5 0.34921875 0.07578125 0.0359375 0.0984375
0 0.3390625 0.2265625 0.0359375 0.0984375
2 0.315625 0.2890625 0.0265625 0.0484375
2 0.390625 0.1453125 0.01875 0.03125
2 0.35234375 0.48671875 0.0203125 0.034375
2 0.36171875 0.390625 0.0203125 0.0328125
2 0.34609375 0.5796875 0.01875 0.0328125
2 0.275 0.5578125 0.015625 0.025