0 0.5203125 0.2359375 0.0484375 0.1
4 0.3421875 0.1984375 0.0546875 0.1140625
1 0.39140625 0.18046875 0.05625 0.1203125
5 0.52265625 0.08203125 0.0484375 0.1
2 0.47109375 0.24140625 0.0484375 0.0953125
6 0.4921875 0.40859375 0.05 0.1015625
11 0.57734375 0.38984375 0.05 0.1
0 0.55859375 0.59921875 0.053125 0.1
3 0.7 0.64375 0.046875 0.08125
6 0.63359375 0.20625 0.0546875 0.1046875
8 0.421875 0.53046875 0.0484375 0.0890625
7 0.38671875 0.4171875 0.059375 0.121875
9 0.921875 0.84921875 0.0546875 0.0796875
2 0.67265625 0.8 0.053125 0.0953125
8 0.4125 0.88046875 0.053125 0.090625
10 0.3671875 0.33359375 0.05625 0.115625
2 0.53984375 0.990625 0.0265625 0.01875
9 0.6671875 0.965625 0.025 0.021875