6 0.3375 0.5015625 0.046875 0.096875
4 0.6390625 0.44140625 0.0515625 0.1046875
7 0.53984375 0.478125 0.053125 0.1125
10 0.60234375 0.7421875 0.05625 0.109375
0 0.709375 0.73515625 0.05625 0.1046875
5 0.7109375 0.51015625 0.05 0.0921875
9 0.47109375 0.53828125 0.0390625 0.071875
6 0.3921875 0.44453125 0.0453125 0.09375
9 0.55859375 0.61484375 0.0421875 0.078125
9 0.371875 0.64609375 0.0421875 0.078125
3 0.5078125 0.41328125 0.0375 0.0734375
2 0.56875 0.40703125 0.046875 0.0921875
9 0.3296875 0.81015625 0.0453125 0.0828125
9 0.69140625 0.89609375 0.0484375 0.0875
9 0.49765625 0.9484375 0.046875 0.0875
3 0.45625 0.765625 0.0421875 0.078125
8 0.62890625 0.921875 0.05625 0.10625
8 0.615625 0.81875 0.0515625 0.09375
3 0.36484375 0.96796875 0.0484375 0.0640625