9 0.371875 0.3140625 0.034375 0.0625
9 0.34375 0.48828125 0.0390625 0.0796875
9 0.32109375 0.58203125 0.040625 0.08125
9 0.30078125 0.69765625 0.040625 0.0859375
7 0.29609375 0.378125 0.053125 0.1140625
10 0.315625 0.3 0.0484375 0.1046875
6 0.321875 0.23125 0.0421875 0.0984375
6 0.2828125 0.48359375 0.046875 0.096875
8 0.25703125 0.5734375 0.05 0.0921875
11 0.2265625 0.6734375 0.053125 0.1015625
11 0.35703125 0.07421875 0.04375 0.1
9 0.40546875 0.0921875 0.034375 0.08125
3 0.5234375 0.509375 0.0375 0.078125
3 0.49296875 0.70625 0.0390625 0.08125
2 0.53203125 0.40703125 0.04375 0.0953125
3 0.55 0.2640625 0.0359375 0.0796875
3 0.59296875 0.42578125 0.0359375 0.075
3 0.6484375 0.3546875 0.0359375 0.078125
3 0.62890625 0.62578125 0.0390625 0.0765625
2 0.6984375 0.628125 0.05 0.0921875
0 0.69453125 0.521875 0.0453125 0.0953125
1 0.7109375 0.4375 0.05625 0.121875
4 0.709375 0.35546875 0.053125 0.115625
0 0.71015625 0.26328125 0.04375 0.103125
5 0.7296875 0.1125 0.0421875 0.096875
5 0.68046875 0.72421875 0.05 0.0953125
3 0.68359375 0.1125 0.0359375 0.0796875
3 0.6265625 0.184375 0.034375 0.0765625
9 0.4640625 0.4171875 0.0359375 0.08125
9 0.5078125 0.17421875 0.034375 0.08125
9 0.39609375 0.1609375 0.034375 0.0796875
9 0.44375 0.24375 0.040625 0.090625