3 0.38801623125 0.10789993906249999 0.393475934375 0.1194199609375 0.40604236875 0.11890641093750001 0.41042352343750005 0.11225136875 0.40670773125000004 0.07579224375 0.40806410781249997 0.056395165625 0.405431140625 0.0492496484375 0.3985139015625 0.04737366875 0.39228340156249997 0.058076232812499996 0.393463109375 0.0860043328125 0.38801623125 0.10789993906249999
3 0.3853163046875 0.18010972187500002 0.3866855046875 0.1941282703125 0.3916565140625 0.201437278125 0.40431983125000004 0.1995382234375 0.40801852343749995 0.191443178125 0.4082080171875 0.177533625 0.4024533859375 0.159031578125 0.404395340625 0.14246000625 0.39981186874999997 0.129608975 0.393480209375 0.130558503125 0.3897815171875 0.138653546875 0.39096122499999997 0.16658165 0.3853163046875 0.18010972187500002
3 0.38213623281250003 0.2703855765625 0.38876281874999996 0.2764180734375 0.399088096875 0.2743555265625 0.40453925 0.263598465625 0.40463185937499996 0.2510744171875 0.39740686875 0.2088007859375 0.3890278203125 0.20543030468749998 0.383968478125 0.2217838859375 0.3805732640625 0.259138040625 0.38213623281250003 0.2703855765625
3 0.37777217812499997 0.3215947875 0.37280971875 0.3365628625 0.374473846875 0.35756343749999997 0.3803210859375 0.3635414359375 0.39064636406250003 0.3614788890625 0.395806865625 0.3548783453125 0.3969694734375 0.3382522765625 0.39188875625 0.29891314687500004 0.38769709531249996 0.2916586359375 0.3805860890625 0.29255366718750003 0.3767905125 0.3020342171875 0.37777217812499997 0.3215947875
3 0.3644734203125 0.44457780468749997 0.3733368890625 0.4410207578125 0.3787880421875 0.430263696875 0.3789775359375 0.4163541421875 0.36941450468750003 0.37391701718750003 0.3584067640625 0.3745395609375 0.353166478125 0.42707978124999996 0.35619125625 0.43982181875000004 0.3644734203125 0.44457780468749997
3 0.340731128125 0.5153161640625 0.3448301796875 0.535094721875 0.350774303125 0.5396872171875 0.361878928125 0.5376791671875 0.36733008125 0.52692210625 0.3684926890625 0.5102960375000001 0.3624474078125 0.4959505078125 0.35805342812499996 0.4691899234375 0.3511361890625 0.4673139421875 0.346072571875 0.47252897968749996 0.340731128125 0.5153161640625
3 0.3376564890625 0.626483596875 0.3498353890625 0.6315120703125 0.35733393125 0.625075015625 0.361032621875 0.616979971875 0.3609271875 0.59608839375 0.35068596875 0.5633498078125 0.33977511250000003 0.562586846875 0.3368557671875 0.5707363875 0.3337554796875 0.6150725687499999 0.3376564890625 0.626483596875
3 0.3291221484375 0.7261310078125 0.3374043125 0.73088699375 0.34626778125 0.7273299468750001 0.35249828125 0.7166273828125 0.35375777343750003 0.698615809375 0.3440978578125 0.6575641906249999 0.33649815625 0.65424820625 0.33153142343750003 0.6580777390625 0.3251199796875 0.7049669421875 0.3291221484375 0.7261310078125
11 0.7173009890625 0.158771378125 0.7253851109375 0.1551598359375 0.7357061140625001 0.1419587453125 0.7368644468750001 0.11419413593750001 0.7440680625 0.1007750578125 0.7460057421874999 0.07306494375 0.7330474953125 0.067981975 0.7269138796875 0.07729903437499999 0.7244875046875 0.10079813124999999 0.711352590625 0.1430403421875 0.7173009890625 0.158771378125
11 0.7099321375 0.756936678125 0.71461249375 0.768402203125 0.7274738562499999 0.774870678125 0.73993913125 0.7646040921874999 0.7417799265625 0.738279484375 0.7538491171875 0.7112778375000001 0.7538405671875 0.6890007515625001 0.7450697078124999 0.6800337515625 0.732212621875 0.68470381875 0.7241370500000001 0.710592446875 0.71148228125 0.7347685859374999 0.7099321375 0.756936678125
5 0.3471696140625 0.031252803125 0.343673240625 0.058853920312499995 0.3575290921875 0.11829859375 0.36580698125 0.11191603750000001 0.367357125 0.089747946875 0.362575609375 0.06852938593749999 0.36646379375000004 0.0465247859375 0.364121478125 0.0352227515625 0.3583711234375 0.027859246875 0.3471696140625 0.031252803125
5 0.2589595515625 0.66553354375 0.2629617203125 0.686697609375 0.2604384609375 0.7115822140625 0.2636570078125 0.7215532390625 0.27895329375 0.7267997015625001 0.28469937500000003 0.7230246640625 0.29277922031250003 0.7082745781249999 0.293259365625 0.6902085078125 0.2872140828125 0.6758629765624999 0.286135534375 0.6576879109375 0.279698440625 0.6377458609375 0.263041503125 0.6407579343750001 0.2589595515625 0.66553354375
8 0.704337075 0.646555278125 0.7089205484375001 0.6594063109375 0.723534371875 0.66321276875 0.7321029125 0.652673696875 0.741539134375 0.61852653125 0.740650078125 0.5864419125 0.7364584171875 0.5791874015625 0.7316854515625 0.5802459234375 0.7151296734375 0.5930110359375 0.704429684375 0.63403123125 0.704337075 0.646555278125
8 0.710021865625 0.229268675 0.723953225 0.23163513125000001 0.7317424203125 0.2210415609375 0.741561903125 0.17021383125 0.74009581875 0.1575807890625 0.7355123453125 0.1447297578125 0.718665915625 0.16165138437499998 0.7157508453125 0.1809394703125 0.7071865796875 0.202617084375 0.710021865625 0.229268675
2 0.33492375625 0.10557963125 0.331035571875 0.1275842296875 0.3354295515625 0.1543448140625 0.3345618703125 0.1779529078125 0.3502499671875 0.1887958875 0.3606678546875 0.1742092921875 0.3598842328125 0.163016253125 0.35412532812499997 0.1333756625 0.3549972828125 0.12090611250000001 0.347485915625 0.0939275390625 0.33940179531250003 0.0975390828125 0.33492375625 0.10557963125
2 0.26982338281249996 0.543772540625 0.2653453453125 0.5518130890624999 0.26204273906250003 0.5766431953125 0.2658554140625 0.6117168140625 0.271218234375 0.6246223421875 0.2819353234375 0.628156315625 0.290116328125 0.623159265625 0.2964437125 0.6110711953125 0.297020740625 0.5916196203124999 0.2904867640625 0.5730630734375 0.2901875625 0.5549425046875001 0.28327032343749997 0.553066525 0.2761550421875 0.5428230125 0.26982338281249996 0.543772540625
0 0.3314530328125 0.20001200156249999 0.3344820859375 0.22389258124999997 0.330307525 0.2611922390625 0.337325921875 0.27282125625 0.347554315625 0.2721442140625 0.356219740625 0.2602196359375 0.3566998859375 0.2421535671875 0.34782786875 0.223433528125 0.3487881578125 0.1873013875 0.3406997625 0.179774390625 0.335050565625 0.1821639203125 0.3314530328125 0.20001200156249999
0 0.29462285 0.43551653593750006 0.2914171296875 0.45896113749999995 0.294054371875 0.47724519687500006 0.2889993046875 0.5047373187499999 0.2913416203125 0.5160393546875001 0.298553784375 0.5248973609375 0.31374891250000003 0.520390784375 0.32017318125 0.506917209375 0.3196802109375 0.491567653125 0.3109050765625 0.471462109375 0.3112883375 0.45478154687499994 0.3076779796875 0.43921400000000005 0.2988102375 0.4316325046875 0.29462285 0.43551653593750006
4 0.313553703125 0.2655898203125 0.30917255 0.2722448609375 0.3084943609375 0.2819434 0.3102553734375 0.30155846875000003 0.3155213078125 0.31584950312500004 0.3100744296875 0.33774510625 0.31456529375 0.3631201859375 0.32596484531250003 0.3680941609375 0.335801428125 0.3618206 0.341349465625 0.3496780328125 0.3409533796875 0.33294297031250003 0.3292546265625 0.3098484265625 0.331975928125 0.2933313546875 0.3297262203125 0.269505271875 0.32387898125 0.263527271875 0.313553703125 0.2655898203125
10 0.70685461875 0.35296015625 0.70374150625 0.363880709375 0.7047231703125 0.3834412796875 0.7103766421875 0.3921902921875 0.7180732265625 0.3941207703125 0.724788146875 0.3764906765625 0.7324804578124999 0.3672826125 0.7322781390624999 0.3477765390625 0.7451224015625 0.30969084687500004 0.746091240625 0.295835790625 0.7359554562499999 0.283988784375 0.72417264375 0.29569537343749996 0.7189195328125 0.31481996562500003 0.7190249671875 0.33571154375 0.70685461875 0.35296015625
6 0.71374620625 0.28800488281250003 0.7126804828125 0.30324544531250003 0.7158021453125001 0.3146019765625 0.7409179140625 0.2690207078125 0.746074140625 0.2512816203125 0.7465542859375 0.23321555156249998 0.73593408125 0.228296071875 0.7316498109375 0.23356560937499998 0.7246442390625 0.25535221875 0.722508515625 0.2746947984375 0.71374620625 0.28800488281250003
6 0.700494475 0.5335118640625 0.6994330265625 0.55989096875 0.7056720765625 0.5714654890624999 0.7182385109375 0.570951940625 0.7270008203125 0.55764185625 0.72669734375 0.528382746875 0.7326329171875 0.5106981562499999 0.73291501875 0.48426455625 0.7254122015625 0.479563065625 0.717913659375 0.48600011875 0.7110049703125 0.5064012234375 0.7101330140625 0.5188707734375 0.700494475 0.5335118640625
7 0.7082494687499999 0.43380995625 0.7041632421874999 0.4474470234375 0.708363453125 0.47697862031250005 0.7197630046875 0.481952596875 0.7294058203125 0.47845004687500003 0.7338838578125 0.4704095 0.7326029921874999 0.4327283609375 0.7417528359375 0.4138762546875 0.7468079046875 0.3863841296875 0.7386183484375 0.369104096875 0.7254706109375 0.3779306796875 0.7189537328125 0.403928303125 0.7202260500000001 0.4193323578125 0.7082494687499999 0.43380995625
9 0.6485190249999999 0.649613503125 0.6592361125 0.6531474765625 0.664155109375 0.6284972265625 0.6730449390625 0.590068184375 0.6651503109375 0.5797701749999999 0.6558024234375 0.5902547515625 0.6440281609375 0.6242384249999999 0.6438386687500001 0.638147978125 0.6485190249999999 0.649613503125
1 0.3029634234375 0.3386401375 0.294879303125 0.34225167968750003 0.28952503281249997 0.3516232375 0.2888468453125 0.3613217765625 0.2914840875 0.379605834375 0.298894296875 0.396831371875 0.2920824921875 0.415846971875 0.2934559671875 0.44100406249999996 0.2988102375 0.4316325046875 0.307581096875 0.44059950625 0.3100202953125 0.450516034375 0.3181044171875 0.44690448906249997 0.325598684375 0.42932889531249996 0.3252025984375 0.41259383281249995 0.31526058125 0.3979758140625 0.31301515 0.385288275 0.31505398906250004 0.3673312 0.3103693578125 0.34472713125 0.3029634234375 0.3386401375
9 0.6547039406249999 0.7739589515625 0.664928059375 0.7621433671875 0.6687065359375 0.7081086484375 0.6632468312500001 0.696588625 0.6528246703125 0.700036678125 0.6385228734374999 0.7477664140625 0.6439868515625 0.770424978125 0.6547039406249999 0.7739589515625
9 0.64585185625 0.5533596484375 0.6574451765625 0.5555626124999999 0.6660137171875 0.5450235390625 0.6694046578124999 0.4965308421875 0.6676479203125 0.4880543171875 0.66560053125 0.48373430937500006 0.6568339484375 0.48590585 0.6426247609375 0.5211115375 0.6411715 0.541894121875 0.64585185625 0.5533596484375
9 0.657705903125 0.47343630000000003 0.6653013296875 0.4656137421875 0.6671293015625 0.40587350625 0.6580677890625 0.401063025 0.64998794375 0.41581311093749995 0.6423084578125 0.45843680156250005 0.648353740625 0.4727823328125 0.657705903125 0.47343630000000003
9 0.6503583796875 0.3657169203125 0.6542593890624999 0.37712794843749997 0.664294015625 0.37922191875 0.673448134375 0.37150835312499997 0.6757819015625001 0.360533303125 0.6742146578125 0.3381472234375 0.6780059578125 0.31752813125 0.6734224859375 0.30467710000000003 0.66796705625 0.3042956203125 0.6628065546874999 0.3108961640625 0.6511334515625 0.3546328734375 0.6503583796875 0.3657169203125
9 0.6622209765625 0.3080706546875 0.6691339390625 0.29880809375 0.6719393 0.2474898890625 0.666479596875 0.235969865625 0.6573254765625001 0.24368342968749998 0.645361721875 0.29157665625 0.649848309375 0.30581319375 0.6622209765625 0.3080706546875
9 0.6598487359375 0.218798825 0.6655022078124999 0.22754783750000002 0.6757306015625 0.22687079687499997 0.6819611015625 0.2161682328125 0.6851539984375 0.159308003125 0.68320349375 0.153602490625 0.677748065625 0.153221009375 0.6707382171875 0.1638690765625 0.660038228125 0.204889271875 0.6598487359375 0.218798825
9 0.684859071875 0.15232597812499998 0.6890250828125 0.0927492375 0.6809366859375 0.08522223906250001 0.67382995625 0.09725581093749999 0.6630330828125001 0.1396615140625 0.668008365625 0.1581090640625 0.684859071875 0.15232597812499998