1 0.52265625 0.1484375 0.0375 0.11875
8 0.6890625 0.840625 0.0390625 0.084375
10 0.58203125 0.30546875 0.0390625 0.1125
9 0.55 0.7 0.03125 0.078125
5 0.36171875 0.103125 0.0328125 0.096875
6 0.34140625 0.24296875 0.034375 0.0984375
8 0.6890625 0.3421875 0.034375 0.0875
3 0.3484375 0.6953125 0.034375 0.078125
9 0.6390625 0.42265625 0.0328125 0.0796875
11 0.46953125 0.334375 0.034375 0.0984375
9 0.66328125 0.60703125 0.0328125 0.0796875
7 0.40546875 0.159375 0.0375 0.11875
5 0.4140625 0.4984375 0.0359375 0.0953125
11 0.6078125 0.090625 0.034375 0.09375
4 0.675 0.1515625 0.040625 0.1109375
6 0.2953125 0.509375 0.040625 0.0984375
0 0.54921875 0.48125 0.034375 0.096875
3 0.6140625 0.60078125 0.03125 0.075
0 0.52421875 0.25078125 0.0328125 0.0984375
3 0.2875 0.23984375 0.0328125 0.078125
2 0.41640625 0.8359375 0.0390625 0.0921875
2 0.34765625 0.32890625 0.0359375 0.096875
2 0.596875 0.98515625 0.025 0.0203125