3 0.3767905125 0.3020342171875 0.373108921875 0.35468343125 0.3811004328125 0.36359593437500004 0.39064636406250003 0.3614788890625 0.3968768640625 0.350776325 0.3970663578125 0.33686677187499997 0.3931653484375 0.32545574374999997 0.39120629375 0.2974731453125 0.3884764421875 0.2917131328125 0.3805860890625 0.29255366718750003 0.3767905125 0.3020342171875
3 0.35911487656249996 0.44281081875000006 0.3716813109375 0.44229726874999997 0.37869115781249996 0.43164920156250003 0.3789775359375 0.4163541421875 0.36941450468750003 0.37391701718750003 0.35928299531249996 0.373208553125 0.35636365 0.381358096875 0.3534614046875 0.43406180625 0.35911487656249996 0.44281081875000006
3 0.361878928125 0.5376791671875 0.367233196875 0.5283076125 0.36839580625 0.51168154375 0.35805342812499996 0.4691899234375 0.34616945625 0.471143475 0.34053735937499996 0.518087175 0.3447332953125 0.5364802281250001 0.361878928125 0.5376791671875
3 0.34204191875 0.6309670984375 0.353925890625 0.6290135453125 0.361032621875 0.616979971875 0.360341609375 0.593262884375 0.35068596875 0.5633498078125 0.33977511250000003 0.562586846875 0.3368557671875 0.5707363875 0.3349266375 0.6207235843750001 0.34204191875 0.6309670984375
3 0.45362388749999993 0.737621578125 0.46589966875 0.7412645453125 0.4752475578125 0.7307799687500001 0.47738327968750005 0.7114373875 0.4736760390625 0.6972553484375 0.47454799531249997 0.6847857984375 0.47025517343749995 0.6677782484375 0.45915055000000005 0.6697862984375 0.4491330234375 0.7122464984375 0.4501146875 0.73180706875 0.45362388749999993 0.737621578125
3 0.4948337828125 0.237890025 0.4949392171875 0.258781603125 0.4887087171875 0.2694841671875 0.48881414999999995 0.290375746875 0.49388204375000005 0.29629925 0.506448478125 0.29578570000000004 0.51189963125 0.2850286390625 0.5120891234375 0.271119084375 0.5075056515624999 0.258268053125 0.510226953125 0.24175098125 0.50876086875 0.2291179390625 0.5004787046875 0.2243619515625 0.4948337828125 0.237890025
3 0.386386303125 0.1760077015625 0.385514346875 0.18847725312500002 0.3908771671875 0.20138278125000003 0.4010086765625 0.20209124531249997 0.4087978703125 0.1914976765625 0.407719321875 0.1733226125 0.40216273437499994 0.16318809375 0.403906646875 0.1382489921875 0.39981186874999997 0.129608975 0.3951357875 0.1292819921875 0.3897815171875 0.138653546875 0.39096122499999997 0.16658165 0.386386303125 0.1760077015625
3 0.391917240625 0.1193109671875 0.40360744375 0.12012842500000001 0.41032663906250005 0.113636875 0.40806410781249997 0.056395165625 0.40085194218750003 0.0475371609375 0.3931596328125 0.056745224999999996 0.39248999375000004 0.08872084687500001 0.38801623125 0.10789993906249999 0.391917240625 0.1193109671875
3 0.35078125 0.07265625 0.0015625 0.0015625
5 0.34778084374999996 0.1009095640625 0.35743220781249996 0.1196841 0.364833865625 0.1146325515625 0.3686294421875 0.1051520015625 0.3637424921875 0.063041859375 0.36646379375000004 0.0465247859375 0.3648039421875 0.0366627546875 0.3583711234375 0.027859246875 0.3471696140625 0.031252803125 0.3439596171875 0.043558862500000003 0.34778084374999996 0.1009095640625
5 0.262569909375 0.6811010890625 0.2595579546875 0.7017746796875 0.2643394703125 0.7229932421874999 0.27895329375 0.7267997015625001 0.28469937500000003 0.7230246640625 0.2928761046875 0.7068890718749999 0.29286755468750003 0.6846119875000001 0.280380903125 0.6391858625 0.272781203125 0.6358698796875 0.2621652734375 0.6420889421875 0.2588583921875 0.6557805078125 0.262569909375 0.6811010890625
2 0.34635323281249997 0.1885234015625 0.3502499671875 0.1887958875 0.3597916234375 0.1755403015625 0.354121053125 0.1222371203125 0.3426160671875 0.096371565625 0.3376493328125 0.1002011 0.331907528125 0.11511467812500001 0.3344649859375 0.1793384125 0.34635323281249997 0.1885234015625
2 0.2613602765625 0.5752031921875 0.2690739609375 0.6216878390625 0.274141853125 0.62761134375 0.28758451875 0.625766784375 0.2964437125 0.6110711953125 0.2976063203125 0.5944451265625 0.29068053125 0.5702920625 0.2901875625 0.5549425046875001 0.2731345390625 0.5412195171875 0.267291575 0.5463800609375 0.2613602765625 0.5752031921875
0 0.335067665625 0.226718090625 0.3298145546875 0.24584268125 0.330210640625 0.26257774375 0.337325921875 0.27282125625 0.347554315625 0.2721442140625 0.356219740625 0.2602196359375 0.357285465625 0.244979075 0.3497783734375 0.22913904375 0.3487881578125 0.1873013875 0.3358299125 0.1822184171875 0.3315499171875 0.198626496875 0.335067665625 0.226718090625
0 0.2911264765625 0.46311765468750005 0.294054371875 0.47724519687500006 0.2895806078125 0.4964242859375 0.290073578125 0.5117738421875 0.29631262812500003 0.5233483624999999 0.3063472546875 0.5254423328125 0.3181300671875 0.5137357437500001 0.32085136875 0.4972186703125 0.31149065625 0.47428761875000003 0.3084573265625 0.43926849843750004 0.30348631875 0.4319594875 0.2939403875 0.4340765328125 0.2911264765625 0.46311765468750005
4 0.314429934375 0.26425881093750003 0.30917255 0.2722448609375 0.30839747812499996 0.28332890625 0.3101584890625 0.302943975 0.3156181921875 0.314463996875 0.30919819843749996 0.3390761140625 0.3132003671875 0.3602401796875 0.32440615156249997 0.36798516718749996 0.335801428125 0.3618206 0.341349465625 0.3496780328125 0.341442075 0.337153984375 0.3370523703125 0.3215319421875 0.33120513125 0.3155539421875 0.330408684375 0.270945275 0.324658328125 0.26358176875 0.314429934375 0.26425881093750003
1 0.295755534375 0.3409206734375 0.28952930781249997 0.3627617796875 0.2914840875 0.379605834375 0.2989911796875 0.39544586718749997 0.2920824921875 0.415846971875 0.2921879265625 0.43673855 0.29433219843749997 0.43967305312500005 0.2994927 0.4330725078125 0.3092409484375 0.4504615375 0.31479326093750004 0.4494575125 0.3255018 0.4307144015625 0.3252025984375 0.41259383281249995 0.3132131921875 0.39365580625 0.31505398906250004 0.3673312 0.3095900109375 0.344672634375 0.3029634234375 0.3386401375 0.295755534375 0.3409206734375
9 0.551131978125 0.21676573124999998 0.5603872578125 0.218805203125 0.568665146875 0.21242264687499998 0.5696168875 0.154013421875 0.56786015 0.1455368984375 0.561722259375 0.1437154140625 0.554421759375 0.1585199984375 0.5463547390625 0.2066857109375 0.551131978125 0.21676573124999998
9 0.543335675 0.46265419375 0.5541496484375 0.4648026609375 0.5634975359375 0.4543180859375 0.561626815625 0.40267289687499996 0.559187615625 0.39275636875000003 0.5547053015625 0.3896583734375 0.5460398765625001 0.40158295156249996 0.5392408984375 0.4540141765625 0.543335675 0.46265419375
9 0.6410746171875 0.543279628125 0.6442931625 0.5532506546875 0.6582245234374999 0.555617109375 0.6660137171875 0.5450235390625 0.6695015421875 0.4951453375 0.6669654578124999 0.4866143140625 0.660145103125 0.48335282812499997 0.652259025 0.49533190312500003 0.641457878125 0.5265990640625 0.6410746171875 0.543279628125
9 0.6478365609375001 0.6481735 0.6592361125 0.6531474765625 0.6683902328125 0.6454339109375 0.6724593609375 0.5872426749999999 0.661936040625 0.580937690625 0.6558993078124999 0.5888692453125 0.6434425828125 0.621412915625 0.643741784375 0.639533484375 0.6478365609375001 0.6481735
9 0.6554832875 0.7740134484375 0.664928059375 0.7621433671875 0.6687065359375 0.7081086484375 0.6632468312500001 0.696588625 0.6519484390625 0.7013676875 0.6384259890624999 0.74915191875 0.6432075046875 0.77037048125 0.6554832875 0.7740134484375
9 0.664294015625 0.37922191875 0.673448134375 0.37150835312499997 0.6781028421874999 0.3161426265625 0.6725462546875 0.3060081078125 0.6643652484375 0.31100515781250004 0.6510365671875 0.3560183796875 0.6528944640625001 0.3742479421875 0.664294015625 0.37922191875
9 0.6740750234374999 0.22814730781249998 0.68079421875 0.22165575624999997 0.6817545078125 0.185523615625 0.6858364609375001 0.16074800625000002 0.679306759375 0.153330003125 0.6698619875 0.165200084375 0.6584838093750001 0.21591882031249998 0.6655022078124999 0.22754783750000002 0.6740750234374999 0.22814730781249998
9 0.6631299671875001 0.1382760078125 0.6644991671875 0.15229455625 0.6687877125 0.1581635609375 0.6858321859375 0.1496094640625 0.6850442890624999 0.12727788281250002 0.6890250828125 0.0927492375 0.68561276875 0.085549221875 0.6801573390625 0.085167740625 0.6739268390625 0.09587030468749999 0.6707211171874999 0.11931490625 0.6631299671875001 0.1382760078125
8 0.6060111140625 0.305532359375 0.6168208125 0.29654228437499996 0.6227478359374999 0.256580609375 0.6226424015625 0.23568903125000001 0.61591465625 0.219903496875 0.6007238046875 0.2355486140625 0.5920754796875001 0.29202736093750004 0.5960733734375 0.3020528828125 0.6060111140625 0.305532359375
8 0.7035577281250001 0.64650078125 0.7074587375 0.6579118109375 0.7203201 0.6643802859375 0.732006028125 0.654059203125 0.741539134375 0.61852653125 0.74299239375 0.5977439484375 0.7371408796875001 0.5806274046875 0.7150327890625 0.5943965421875 0.7141608328125 0.6068660921875 0.7047203359374999 0.629874715625 0.7035577281250001 0.64650078125
11 0.7240030843749999 0.1077256609375 0.7110576640625 0.1360583171875 0.7109650546874999 0.1485823640625 0.7143773703125 0.1557823796875 0.724218228125 0.16064735937500002 0.7359041562499999 0.1503262765625 0.73521314375 0.12660918906250002 0.7440680625 0.1007750578125 0.7466882046875 0.074504946875 0.7409378484375 0.0671414421875 0.7331443796875 0.0665964703125 0.727983878125 0.0731970140625 0.7238007671875 0.0882195875 0.7240030843749999 0.1077256609375
11 0.7246257453125 0.7148034609375 0.7126491640625 0.7292810625 0.7099321375 0.756936678125 0.71393003125 0.7669622 0.7274738562499999 0.774870678125 0.738966015625 0.76732060625 0.7426604328125 0.7480870203125 0.7410005796875 0.7382249875 0.7534615812500001 0.7168198593749999 0.7536467984375 0.6917717640625 0.7442903609375 0.6799792546875 0.7364000078124999 0.6808197875 0.73123950625 0.68742033125 0.7247183546875 0.7022794140624999 0.7246257453125 0.7148034609375
6 0.6975794046875 0.55279995 0.701969109375 0.5684219921875 0.7158035859375 0.572173953125 0.725054590625 0.563074884375 0.7334037140625 0.48847556875000003 0.7299913984375 0.48127555468749994 0.7245359703124999 0.480894075 0.717816775 0.4873856234375 0.6993275921875 0.538999390625 0.6975794046875 0.55279995
6 0.716084246875 0.28816837500000003 0.7133629453125 0.3046854484375 0.7165814921875 0.31465647343750003 0.7206719953125 0.3121579484375 0.7417941453125 0.2676897 0.74704298125 0.2374265640625 0.7406101625 0.22862305625 0.7334022734375 0.2309035921875 0.7255204703125 0.254021209375 0.72241163125 0.2760803046875 0.716084246875 0.28816837500000003
10 0.7180518515625 0.33842805781249996 0.70773085 0.351629146875 0.703450853125 0.3680372265625 0.703455128125 0.37917576875000003 0.7103766421875 0.3921902921875 0.7180732265625 0.3941207703125 0.7324804578124999 0.3672826125 0.7314987921875 0.34772204218749997 0.740745521875 0.3274844296875 0.746188125 0.294450284375 0.7342998781250001 0.28526529375 0.7250488749999999 0.294364365625 0.724273803125 0.305448409375 0.71862888125 0.3189764828125 0.7180518515625 0.33842805781249996
7 0.7183767046875 0.423379878125 0.7091257 0.43247895 0.7040663578124999 0.4488325296875 0.7055367171875 0.4726041140625 0.709045915625 0.4784186234375 0.7197630046875 0.481952596875 0.729502703125 0.477064540625 0.7339807421875 0.46902399375000003 0.733769875 0.42724083593750006 0.7417528359375 0.4138762546875 0.7469047875 0.3849986265625 0.741638853125 0.3707075921875 0.7306311125 0.37133013593749997 0.7244974953125001 0.38064719375 0.7204112671875 0.3942842625 0.7183767046875 0.423379878125