9 0.47734375 0.51015625 0.0265625 0.07109375
5 0.54765625 0.57421875 0.0328125 0.0890625
7 0.61171875 0.65546875 0.03984375 0.1140625
9 0.35234375 0.45859375 0.0265625 0.0734375
2 0.58515625 0.32265625 0.03046875 0.0890625
3 0.3625 0.38203125 0.0265625 0.0703125
10 0.66796875 0.525 0.0390625 0.1046875
9 0.60859375 0.82265625 0.0328125 0.08125
6 0.53203125 0.453125 0.03046875 0.09140625
3 0.38203125 0.66875 0.0296875 0.07421875
8 0.40859375 0.82421875 0.0359375 0.09921875
3 0.47109375 0.390625 0.02578125 0.0703125
8 0.28203125 0.575 0.03203125 0.084375