5 0.4813380140625 0.6330363593749999 0.4926574578125 0.6360693953125 0.5004918484374999 0.630979196875 0.5067456046875 0.6197139328125 0.5108808171875 0.5891885203125 0.51846539375 0.5639010140625 0.5168133828125 0.551955290625 0.506608040625 0.54778289375 0.49366968125 0.5658843250000001 0.4762366390625 0.6158527328125001 0.4813380140625 0.6330363593749999
5 0.76933199375 0.1408022140625 0.7520086078125 0.16923175 0.7552055640625001 0.18446720781249998 0.766920165625 0.1890440109375 0.7773065406249999 0.1774481953125 0.7818012249999999 0.14558121875000002 0.7910734984375 0.1351247640625 0.7972201921875001 0.11520351250000001 0.797113128125 0.106547525 0.787626728125 0.099692 0.7738980515625 0.11470589843750001 0.76933199375 0.1408022140625
3 0.6487262359375 0.21057573281250003 0.64477205625 0.225332934375 0.649406896875 0.23520213750000002 0.657707821875 0.2374263640625 0.6655422125 0.2323361640625 0.6710056515625 0.21798336875 0.6711509953125 0.199329828125 0.6766501218750001 0.1878623625 0.67905935625 0.16981542656249998 0.6688897 0.168528359375 0.6611980609375 0.185159878125 0.659831553125 0.1962967921875 0.6487262359375 0.21057573281250003
3 0.5951955734375 0.47374376875 0.6030299640625 0.46865356875 0.6103264453125 0.45047828437500004 0.615792478125 0.40593062968750004 0.6101149125 0.402971446875 0.6041492515625 0.40712448593749995 0.5854236703125 0.44380560625000004 0.581433803125 0.45567747656249996 0.58499023125 0.46957137031249996 0.5951955734375 0.47374376875
3 0.5713484890625 0.3091867671875 0.5791828796875 0.30409656875 0.5857247328125 0.28571908125 0.5833180921875 0.27357115468750004 0.590219415625 0.25385210625 0.589286346875 0.2392232546875 0.5787929078125 0.24216308125000002 0.571603490625 0.268994353125 0.5634453171875 0.2783114453125 0.5588435703125 0.301522434375 0.5713484890625 0.3091867671875
3 0.5047775921875 0.521410521875 0.5012542578125 0.54059681875 0.5058534109374999 0.547580690625 0.5197962140625 0.549878771875 0.5289971125 0.5336516578125 0.5359724046875 0.48950840781249993 0.5320921937499999 0.47984140468750003 0.527959575 0.4801719578125 0.5183278296875 0.49196997500000006 0.5132595484375 0.5078665359375 0.5047775921875 0.521410521875
3 0.403098575 0.7227892015624999 0.4124065375 0.715218078125 0.4193435484375 0.6983843578125 0.42028180312499996 0.6526234875 0.41384960781249996 0.6494621031250001 0.407883946875 0.6536151421875 0.3925363546875 0.6897635078125 0.38822270468750003 0.705862271875 0.3925337625 0.71995836875 0.403098575 0.7227892015624999
3 0.7241612828124999 0.1373260609375 0.7145295375 0.14912407968750002 0.710934828125 0.1625397140625 0.714060409375 0.1720045140625 0.725379853125 0.17503755000000001 0.733538028125 0.1657204578125 0.7351569437500001 0.1445859890625 0.7460481328124999 0.1129950703125 0.7433177109375 0.1050740375 0.7372806734374999 0.10345641875 0.730596071875 0.11029258593749999 0.7241612828124999 0.1373260609375
2 0.5621780921874999 0.38868893125000004 0.5559626171875001 0.3726446625 0.5358731203125 0.3902678359375 0.5191947078125 0.4404384453125 0.5231106078125001 0.45299077656250003 0.534825209375 0.45756757812500004 0.5470803140625 0.445034603125 0.5621780921874999 0.38868893125000004
2 0.6698552453125 0.6418507765625 0.6616970703125 0.65116786875 0.6569882609375 0.665722865625 0.6567715421875 0.6786057484375 0.6595376515625 0.6894121109375 0.6720068828125 0.694191115625 0.68835891875 0.6784422593749999 0.696014871875 0.6589254125 0.69975233125 0.65705109375 0.7062228078125 0.6329029484375 0.7037804796875 0.6178696921875 0.695084396875 0.6141017 0.6793799265625 0.62139676875 0.6698552453125 0.6418507765625
0 0.7194395078125 0.3028553609375 0.71401175625 0.32009348593750003 0.717173025 0.3324436140625 0.7292827859375001 0.33856418125 0.737476646875 0.33213241875 0.7443779703125 0.3124133703125 0.7445946890624999 0.2995304875 0.760266065625 0.25915522812499997 0.7586497421875 0.250094834375 0.7544814359375 0.24754005625 0.7455329453124999 0.2537696171875 0.729106940625 0.2939426734375 0.7194395078125 0.3028553609375
0 0.50249295625 0.7623627984375 0.5078467390625 0.7695488734375 0.5165071343750001 0.7704315359375 0.5265697265625 0.7630626140625 0.5339018953125 0.7477726609374999 0.5437529546875 0.6928969 0.54095115625 0.6792052078124999 0.5356687484375 0.6777897921875 0.5241682734374999 0.6905249687499999 0.5004101000000001 0.745987978125 0.50249295625 0.7623627984375
1 0.7188172546875 0.43497391875 0.7086450078125 0.4638817109375 0.700774928125 0.46608658125 0.6922572828125 0.47674523750000003 0.68761985 0.49707089375 0.6919665953125 0.5140523203125 0.7029265671875 0.5184269203125 0.71561251875 0.5103230421875 0.7236279421875 0.4894646296875 0.7237375984375001 0.467925759375 0.7363521734375 0.4540512203125 0.7462363265625 0.4322556515625 0.7441534703125 0.4158808328125 0.7369666453125 0.4125172453125 0.7280181546875 0.41874680625 0.7188172546875 0.43497391875
4 0.7032964109375001 0.3963059140625 0.69826381875 0.41508780625 0.701784559375 0.42609637031250003 0.7157987375 0.434165109375 0.72212386875 0.4286705046875 0.7331578109375 0.408620903125 0.7322247421875 0.39399205312499996 0.7535379953125 0.35369064687499996 0.7537547140624999 0.34080776562500004 0.7442683140625 0.333952240625 0.7360387640625 0.3374986734375 0.7159109875 0.382431378125 0.7032964109375001 0.3963059140625
9 0.53409391875 0.18561163125 0.5290613265624999 0.204393521875 0.5333010093749999 0.21271896093749998 0.5431111921875 0.21534759062500003 0.5527429390624999 0.2035495734375 0.5600420125000001 0.1551794296875 0.558390003125 0.14323370625 0.5508793953125 0.1440970125 0.5468181515625 0.1501982234375 0.540742834375 0.175890134375 0.53409391875 0.18561163125
9 0.383981046875 0.3021183203125 0.37812245 0.31492735 0.3782295140625 0.3235833375 0.38397845468749997 0.33231318125 0.3933934796875 0.3333980453125 0.401551653125 0.324080953125 0.40406795000000006 0.31469000625 0.40612030624999995 0.267789775 0.40453967031250004 0.2616147109375 0.398502634375 0.2599970921875 0.39073961874999996 0.27085795 0.383981046875 0.3021183203125
9 0.43297096562500004 0.1887113734375 0.43969125625 0.1847605359375 0.4440762828125 0.17443243125000002 0.44479781718750006 0.14155444374999998 0.44871630937500007 0.12391191406249999 0.44523125781250006 0.11578867968749999 0.4358519203125 0.11758914375 0.4196757296875 0.1779595078125 0.42316078125 0.18608274375 0.43297096562500004 0.1887113734375
9 0.46471406093749995 0.0491149015625 0.45756292500000006 0.04863664375 0.45350168125 0.054737853125 0.43840390312500005 0.111083528125 0.4513396703125 0.12317695625 0.460971415625 0.1113789390625 0.4671563890625 0.06414815625 0.46471406093749995 0.0491149015625
9 0.4651825703125 0.451847840625 0.47714957968749994 0.446427090625 0.4885812734375 0.3977263953125 0.48764820468750003 0.38309754375 0.48121600937500003 0.3799361578125 0.47600497812500003 0.3842914 0.4599027578125 0.4202375640625 0.4548344765625 0.436134125 0.4576005875 0.44694048750000004 0.4651825703125 0.451847840625
9 0.3525208609375 0.49499228906250003 0.3572296703125 0.48043729218750003 0.3574489828125 0.43735955000000004 0.35209520156249996 0.43017347343749995 0.342032609375 0.4375423953125 0.328372715625 0.4885218125 0.33419303125 0.5030223140625 0.3465908875 0.5020306609375 0.3525208609375 0.49499228906250003
9 0.3190212859375 0.5837921890625 0.324089565625 0.5678956281249999 0.323697 0.5361570015625 0.3197811015625 0.5236046703125 0.308533034375 0.5263422953125 0.2937590390625 0.578461075 0.29957935625 0.5929615765625 0.3119772125 0.5919699203125 0.3190212859375 0.5837921890625
9 0.27732525468749997 0.7092187109375 0.2847288 0.6996994171875001 0.2890781375 0.6864859828125 0.2904115515625 0.6422688796875 0.2846626109375 0.6335390359375 0.2779066328125 0.6346045453125 0.2738453890625 0.64070575625 0.258352453125 0.6955076640625 0.26377761093749996 0.7084643984375 0.27732525468749997 0.7092187109375
11 0.21117804218749997 0.59084276875 0.1977374609375 0.5987444453124999 0.190152884375 0.6240319515625 0.1948234125 0.636786484375 0.1938520625 0.6494671640624999 0.186950740625 0.6691862140625 0.194675475 0.6856348859375 0.20969669062500002 0.6839082750000001 0.2182143359375 0.67324961875 0.22396587031249998 0.6517846015625001 0.2199429078125 0.63057628125 0.22242351562499998 0.6183000046875 0.220304971875 0.5990398578125 0.21117804218749997 0.59084276875
11 0.3995635125 0.0417230484375 0.40168205625000003 0.0609831984375 0.3911503375 0.0912325546875 0.39431160625 0.10358268281250001 0.40563105000000005 0.1066157171875 0.4152984828125 0.0977030296875 0.419612134375 0.0816042671875 0.415553484375 0.0575106171875 0.4231023734375 0.02933778125 0.419905415625 0.0141023234375 0.406393459375 0.016233339062499998 0.3995635125 0.0417230484375
10 0.3341449953125 0.2254979125 0.330190815625 0.2402551125 0.32849793125 0.2858137796875 0.3230344921875 0.300166575 0.3274883015625 0.325803990625 0.333561025 0.330306940625 0.3462112890625 0.31931773125 0.35131525625000004 0.3063065 0.34855173906250003 0.2653052765625 0.35257729531250004 0.2563187359375 0.3541605234375 0.232298940625 0.347621265625 0.22048156562500001 0.3341449953125 0.2254979125
8 0.23303179687500003 0.5334315875 0.2304772203125 0.5701320640625 0.2374116375 0.583493203125 0.248335921875 0.5849824734375 0.2601958671875 0.5709057343749999 0.26519277343750003 0.5492385125 0.26630946718750004 0.517904290625 0.253302325 0.500040203125 0.245432246875 0.502245071875 0.238064390625 0.5146496953125 0.23303179687500003 0.5334315875
8 0.463831621875 0.28181559218749996 0.4743607484375 0.2817610953125 0.4828427046875 0.2682171109375 0.49050125 0.218505403125 0.482740828125 0.1991714015625 0.4770989515625 0.1990975484375 0.47009056562499996 0.210160609375 0.4635487140625 0.22853809531249997 0.4557831046875 0.2695938140625 0.463831621875 0.28181559218749996
6 0.2867584328125 0.49893955468750006 0.2945214484375 0.488078696875 0.299554040625 0.4692968046875 0.2981570328125 0.41715866718749994 0.29467197968750003 0.4090354328125 0.28863494375 0.40741781406250005 0.2827049703125 0.414456184375 0.26663584375 0.4834825359375 0.2751152078125 0.5001334109375 0.2867584328125 0.49893955468750006
6 0.35182525937500003 0.22592167343749997 0.3552006546875 0.2555837796875 0.35965705625 0.251026334375 0.36580375 0.2311050828125 0.36692303593750003 0.169576 0.3608503125 0.16507305156250002 0.35190182187499996 0.17130261093750002 0.346869228125 0.190084503125 0.346830946875 0.217394034375 0.35182525937500003 0.22592167343749997
7 0.3219203921875 0.3013059375 0.314374096875 0.2992839140625 0.303987721875 0.31087972812500003 0.2994216640625 0.33697604375 0.3001380125 0.3644877765625 0.2884565046875 0.39299116562499997 0.2901085140625 0.40493688906249997 0.29808565625 0.411388009375 0.3093694125 0.411535715625 0.3190011578125 0.399737696875 0.324428909375 0.382499571875 0.318430153125 0.3535724234375 0.3260147296875 0.328284915625 0.326160075 0.30963137343749997 0.3219203921875 0.3013059375