5 0.48492000468749996 0.6189517671875 0.490372703125 0.630625828125 0.497832934375 0.6362501265625 0.509336378125 0.6340140843750001 0.5156239953124999 0.61722816875 0.5017190406250001 0.566165415625 0.490074890625 0.5472055421875 0.4796033546875 0.5506558874999999 0.477122078125 0.5624572734375 0.48292421093750004 0.5882122546875 0.48492000468749996 0.6189517671875
5 0.2436082328125 0.1267871046875 0.245869040625 0.15888998906250001 0.25542123125 0.1711820734375 0.2674265578125 0.16743359062500002 0.2716785 0.152458253125 0.2563804578125 0.1228895515625 0.2536459078125 0.0965382921875 0.240997990625 0.080603303125 0.23105648125 0.08678039062500001 0.2303458671875 0.095407825 0.2350879515625 0.115709321875 0.2436082328125 0.1267871046875
3 0.345553809375 0.17630022343750001 0.3502396109375 0.18812335468750002 0.3490833953125 0.20674159531249997 0.353532325 0.2214405390625 0.3609925578125 0.2270648390625 0.3694284171875 0.22542507343749998 0.3747404078125 0.21590322031250003 0.3718252703125 0.2009061390625 0.3617430546875 0.18588731249999998 0.361156746875 0.1746822046875 0.3546439984375 0.1575546578125 0.3444093359375 0.158129190625 0.345553809375 0.17630022343750001
3 0.39940762812499997 0.4615429203125 0.40686786093749994 0.46716721874999995 0.4173393953125 0.463716875 0.42185634843750003 0.450104909375 0.418704340625 0.4379836390625 0.40258311874999997 0.4000856421875 0.3969216921875 0.395526575 0.391051534375 0.39808250312500004 0.3933967640625 0.4429029328125 0.39940762812499997 0.4615429203125
3 0.43267974374999996 0.26831074843749997 0.4294315703125 0.28026120312499997 0.4346755375 0.2990502609375 0.44213577031250006 0.304674559375 0.455144865625 0.29790119531250003 0.45217344531250003 0.274425746875 0.44468507187500006 0.2645622640625 0.43938482187499994 0.23729484374999998 0.4291220171875 0.23363019375 0.42717076406250004 0.248158321875 0.43267974374999996 0.26831074843749997
3 0.47677264218750004 0.5483763546875 0.49084178593749994 0.5470564734375001 0.49591690625 0.5404104328125 0.4937405234375 0.5210250984375 0.486224009375 0.5069224343750001 0.4822769625 0.49071105 0.4734916671875 0.4782698953125 0.469392175 0.477651871875 0.46484707968750005 0.48702465625 0.46872610156250005 0.531546946875 0.47677264218750004 0.5483763546875
3 0.5723672343749999 0.720804028125 0.5811243890625 0.729006 0.5918609359375 0.7269190265625001 0.5971447859375 0.7131579921875 0.5939646359374999 0.6967975390625 0.5811760125000001 0.659666634375 0.575514584375 0.65510756875 0.56887753125 0.657812565625 0.5666213828125 0.7035274125 0.5723672343749999 0.720804028125
3 0.290349021875 0.15024395625 0.29783739531250003 0.1601074375 0.3093408390625 0.1578713953125 0.31311903750000003 0.14864768125 0.3104689125 0.135013971875 0.30168361718750003 0.12257281718749999 0.2971502640625 0.095156325 0.2909588125 0.087870515625 0.2848236421875 0.089063071875 0.28154732656250003 0.09677434375 0.290208315625 0.129048040625 0.290349021875 0.15024395625
2 0.4802248859375 0.45149317343749995 0.48500685312499997 0.4392445796875 0.47186879375 0.38803275625 0.4530575640625 0.36905113906250003 0.4457380390625 0.38462275468749996 0.45686856249999996 0.44188433906249996 0.46821955937500004 0.45524165781250003 0.4802248859375 0.45149317343749995
2 0.2850087 0.618193828125 0.289778925 0.6427345078125 0.293376534375 0.6448649718749999 0.2996524109375 0.6648683281250001 0.3148660296875 0.68171948125 0.327638253125 0.677821928125 0.3311514390625 0.66723484375 0.33183391093750003 0.654368225 0.328151878125 0.6395202140625 0.3206635046875 0.6296567328125 0.3125888234375 0.608588140625 0.29743148750000004 0.6002153546875 0.2884937453125 0.6033675609375 0.2850087 0.618193828125
0 0.2571684125 0.24158667031249997 0.2699851765625 0.28295675781249996 0.2693027046875 0.2958233765625 0.27481168437500003 0.315975803125 0.282536928125 0.32296347187499996 0.295044140625 0.3177025484375 0.299059209375 0.3056030234375 0.2948471515625 0.28802826875 0.2858249859375 0.2784629265625 0.272241325 0.237241909375 0.2637491828125 0.23040330781249999 0.25941281875 0.23266109687499997 0.2571684125 0.24158667031249997
0 0.455144675 0.760568396875 0.464668725 0.7686212984374999 0.473369596875 0.7683449046875 0.4792116125 0.7615497953125 0.48243164531250005 0.7453601578125 0.46260024843750003 0.688374965625 0.45201615000000006 0.674868578125 0.446647875 0.6759120656250001 0.44289781875 0.6893749609375 0.44889694062499996 0.7448042234375001 0.455144675 0.760568396875
1 0.26971308125000004 0.39620039218750003 0.26230913125 0.39905445781250004 0.2590890984375 0.41524409531249995 0.2674287921875 0.43767605625000006 0.2790448015625 0.45239674531249996 0.277651715625 0.473890796875 0.284192603125 0.4952575265625 0.2962823546875 0.5042265921875 0.3075207859375 0.500627178125 0.31304150625 0.4839903296875 0.309833215625 0.4633906953125 0.30207982968749997 0.4521638421875 0.2943827265625 0.44941535468750005 0.2862517625 0.41986840000000003 0.2782052234375 0.4030389921875 0.26971308125000004 0.39620039218750003
4 0.2572856359375 0.3363611328125 0.27573568593750003 0.378051103125 0.273784434375 0.39257923125 0.28339290781250004 0.41334968281249995 0.289319346875 0.419272121875 0.30386223437500004 0.4122006171875 0.3081423171875 0.40146446406249997 0.3044321421875 0.3823772671875 0.292816134375 0.3676565796875 0.275871734375 0.3214292859375 0.26790961874999997 0.317317428125 0.2579681078125 0.323494515625 0.2572856359375 0.3363611328125
9 0.47685017187499995 0.2130337046875 0.48681982343749997 0.21109580156250002 0.49162992968749997 0.2030863890625 0.48791975625 0.18399919375 0.481965175 0.1738375734375 0.4776968328125 0.147784453125 0.4740710828125 0.14141480625 0.466638990625 0.14002969062499998 0.46415771406250006 0.1518310765625 0.46806487656250007 0.20059255 0.47685017187499995 0.2130337046875
9 0.6104800234375001 0.3313768921875 0.617968396875 0.34124037500000004 0.6274361640625 0.3408149109375 0.6337800640625 0.332507359375 0.6344906781249999 0.323879925 0.6295398640625 0.3106934234375 0.62497836875 0.2790377484375 0.6179918796874999 0.267661825 0.611856709375 0.26885438125 0.609849175 0.27490414375 0.6086249359375 0.32183329375 0.6104800234375001 0.3313768921875
9 0.582151828125 0.18973536875000002 0.5885801515625 0.194145365625 0.598549803125 0.1922074625 0.6025930140625 0.1843471203125 0.5906674515625 0.12299542031249999 0.58143655625 0.12054507343750001 0.5773933437500001 0.1284054140625 0.5800716109375 0.146278309375 0.5784979359375 0.1791265390625 0.582151828125 0.18973536875000002
9 0.5748276421875 0.1274892515625 0.5885754921874999 0.11632763593749999 0.5774449671874999 0.0590660484375 0.5738192171875001 0.052696403125 0.5666521375 0.05267465624999999 0.56316709375 0.0675009234375 0.5660423484375 0.11504809687499999 0.5748276421875 0.1274892515625
9 0.5265318140625 0.44815155625 0.538091540625 0.454393878125 0.5459973734375 0.45002737187499997 0.5495105609375 0.43944028749999997 0.5455635140624999 0.42322890312499994 0.53200799375 0.38624706875000003 0.5271134640625 0.3815389328125 0.520476409375 0.3842439296875 0.5185251578125001 0.39877205781249997 0.5265318140625 0.44815155625
9 0.6528937640625 0.5127269921875001 0.6651922453125 0.5145810625 0.6720098875 0.5005218874999999 0.6619394125 0.4487137875 0.6524153625 0.440660884375 0.646573346875 0.4474559953125 0.6437871734375 0.4904441015625 0.6474692078125 0.5052921125000001 0.6528937640625 0.5127269921875001
9 0.6811492765625 0.60486169375 0.6934477578125 0.6067157640625 0.7002653999999999 0.592656590625 0.6891630171875 0.5396341859375 0.678133315625 0.5361186046874999 0.67335135 0.5483672015625001 0.670745765625 0.5800011296875 0.6746928125 0.5962125125 0.6811492765625 0.60486169375
9 0.700816484375 0.7142295187500001 0.7075379609375 0.7242420703125 0.721105221875 0.7244346312500001 0.72742098125 0.711887896875 0.715788571875 0.6561387515625 0.712162821875 0.6497691062500001 0.7054976265625 0.6482349187499999 0.6991537265625001 0.6565424703125 0.6973994625 0.700744878125 0.700816484375 0.7142295187500001
11 0.7647737671875 0.6706700296875 0.7690139671875 0.6924839656249999 0.776767353125 0.7037108187500001 0.791631534375 0.7064810515625 0.800484853125 0.690611296875 0.7949758734375 0.6704588703125001 0.7948914499999999 0.657741321875 0.8004403124999999 0.6453436578125 0.794638178125 0.6195886765624999 0.7817815312499999 0.61076868125 0.772105034375 0.618309140625 0.7686481296875 0.6373745890625 0.770266346875 0.6497939984375 0.7647737671875 0.6706700296875
11 0.61255800625 0.10459148437500002 0.621580171875 0.11415682812500001 0.633083615625 0.111920784375 0.6370986859375 0.099821259375 0.628702709375 0.068910934375 0.6321596125 0.0498454828125 0.6271243765625 0.0239414328125 0.6137939859375 0.0208730609375 0.6095420453125 0.0358483984375 0.6151073078125 0.064479190625 0.60937785625 0.0882310328125 0.61255800625 0.10459148437500002
10 0.6618339296875 0.3171500515625 0.666017846875 0.3304856234375 0.6778707265625 0.3423305 0.68424276875 0.33826213125 0.690474103125 0.31299785 0.6860251734375 0.29829890625 0.687514425 0.252733128125 0.6845992875 0.2377360453125 0.67150576875 0.23179186093749998 0.6641581015625 0.2431242953125 0.6640619359375 0.2671960203125 0.667450815625 0.27644147812500003 0.6618339296875 0.3171500515625
8 0.745122959375 0.602330659375 0.75612451875 0.60160705625 0.7639740703125 0.5887621843749999 0.7639858109375 0.5519729109375 0.7602756359375 0.5328857140625 0.75379103125 0.5199973515625 0.7460939265625 0.5172488640624999 0.731872334375 0.5341621046875 0.73080054375 0.56549789375 0.7342738468750001 0.5874609015625001 0.745122959375 0.602330659375
8 0.540800371875 0.28408121875000003 0.5513000484374999 0.28487005781249997 0.5601815078125 0.27323948593749997 0.55529871875 0.23174207500000002 0.5500547515624999 0.2129530203125 0.5438351578125 0.201428028125 0.5382018703125 0.20110814375000002 0.5291116812500001 0.219853709375 0.5332838578125 0.2699785546875 0.540800371875 0.28408121875000003
6 0.7058096046875 0.5024411953125 0.71279609375 0.5138171171875 0.724327678125 0.5158202562499999 0.73394789375 0.49980143281249995 0.7227329453125 0.4298223 0.7173083890624999 0.4223874203125 0.7111732187500001 0.4235799765625 0.7071300078125 0.43144031875 0.7020994296875 0.48335399843750004 0.7058096046875 0.5024411953125
6 0.661496234375 0.26627985781249996 0.6669325328125 0.2369254625 0.6725095359375 0.22876698125 0.6743763656249999 0.2015213046875 0.670666190625 0.182434109375 0.6621740484374999 0.1755955078125 0.6558020078125 0.1796638765625 0.6526265171875 0.2411211546875 0.6573686000000001 0.26142265 0.661496234375 0.26627985781249996
7 0.6913418234375001 0.3665947859375 0.683339825 0.3950330171875 0.6875518828125 0.41260777187500003 0.6963371781250001 0.42504892656250004 0.70760375 0.425688696875 0.7160114671875 0.4198097484375 0.7184927453125 0.40800836250000005 0.7088279890625 0.3787595453125 0.7114617140624999 0.3513648 0.708727165625 0.325013540625 0.699174975 0.31272145625 0.6915060125 0.3142121515625 0.6866959046875001 0.3222215625 0.6855396890625001 0.34083980468749997 0.6913418234375001 0.3665947859375