4 0.44921875 0.3359375 0.04375 0.1125
7 0.484375 0.24375 0.0453125 0.1171875
9 0.3078125 0.13359375 0.034375 0.08125
3 0.65625 0.5796875 0.0375 0.078125
1 0.36328125 0.09921875 0.0453125 0.1234375
11 0.39765625 0.43359375 0.04375 0.0984375
3 0.48671875 0.63359375 0.0359375 0.078125
9 0.46953125 0.1140625 0.0328125 0.0796875
5 0.58125 0.396875 0.0421875 0.0953125
9 0.35078125 0.53203125 0.0375 0.078125
5 0.5296875 0.59453125 0.0421875 0.0953125
3 0.58515625 0.1625 0.0328125 0.078125
3 0.525 0.09453125 0.0328125 0.0765625
11 0.41640625 0.6109375 0.0421875 0.09375
9 0.38203125 0.19140625 0.034375 0.0828125
6 0.596875 0.5875 0.0421875 0.0953125
0 0.5484375 0.23671875 0.0390625 0.0984375
3 0.45234375 0.42265625 0.034375 0.078125