9 0.621875 0.309375 0.0359375 0.0625
9 0.65546875 0.4828125 0.0421875 0.0796875
9 0.68125 0.57578125 0.0421875 0.08125
9 0.70546875 0.690625 0.04375 0.0859375
7 0.69921875 0.37109375 0.0578125 0.1140625
10 0.67734375 0.29375 0.0515625 0.1046875
6 0.66875 0.225 0.0453125 0.0984375
6 0.71640625 0.47578125 0.05 0.096875
8 0.7453125 0.56484375 0.0515625 0.0921875
11 0.7796875 0.6640625 0.05625 0.103125
11 0.628125 0.06953125 0.046875 0.1
9 0.5796875 0.0890625 0.0359375 0.08125
3 0.47734375 0.51015625 0.0390625 0.0796875
3 0.5140625 0.70625 0.040625 0.08125
2 0.46484375 0.4078125 0.0453125 0.0953125
3 0.4421875 0.265625 0.0375 0.0796875
3 0.40390625 0.42890625 0.0375 0.0765625
3 0.346875 0.359375 0.0390625 0.078125
3 0.375 0.6296875 0.040625 0.0765625
2 0.30625 0.63515625 0.053125 0.09375
0 0.30703125 0.52890625 0.0484375 0.0953125
1 0.2875 0.44453125 0.0609375 0.1234375
4 0.28515625 0.3625 0.05625 0.115625
0 0.28203125 0.27109375 0.046875 0.103125
5 0.25703125 0.12109375 0.0453125 0.096875
5 0.32734375 0.73046875 0.053125 0.096875
3 0.30234375 0.11875 0.0375 0.08125
3 0.3625 0.18828125 0.0375 0.0765625
9 0.5328125 0.415625 0.0390625 0.0828125
9 0.48046875 0.175 0.0375 0.08125
9 0.5921875 0.1578125 0.0375 0.0796875
9 0.54765625 0.24140625 0.04375 0.090625