3 0.3026830453125 0.1431403046875 0.3105942578125 0.153136903125 0.3227230921875 0.1498096828125 0.3254949 0.1423396640625 0.313672825 0.10765085625 0.31063104375 0.08844580468749999 0.3064581671875 0.082075715625 0.2992962140625 0.0818038578125 0.29563295312500004 0.0936336734375 0.30306488125 0.12058060156249999 0.3026830453125 0.1431403046875
3 0.316295984375 0.2141067078125 0.3207835796875 0.2274579578125 0.3272713515625 0.23346140312500002 0.339182915625 0.22876239375 0.3409658203125 0.2200428 0.3380214875 0.2064471203125 0.32825229375 0.1897137890625 0.326416684375 0.173130103125 0.3190598328125 0.1616394984375 0.31310405 0.1639890046875 0.3113211453125 0.172708596875 0.318753071875 0.19965552656250002 0.316295984375 0.2141067078125
3 0.3335050671875 0.302784159375 0.3413188296875 0.3071713859375 0.3509155 0.30283901874999997 0.35380712812500004 0.2911314171875 0.351080065625 0.278907528125 0.334530753125 0.2393426359375 0.32560826718749997 0.237943415625 0.32435735 0.255015959375 0.3294520109375 0.2921764875 0.3335050671875 0.302784159375
3 0.340772428125 0.35366257968750003 0.3393042421875 0.369363334375 0.34564981875 0.3894513171875 0.3526919515625 0.39396075937499997 0.36228862031250003 0.3896283921875 0.365832059375 0.382036159375 0.36322481875 0.36557468593750003 0.34942494062499996 0.328386728125 0.3437088015625 0.32226106875 0.3369813875 0.3247327875 0.335415753125 0.334824171875 0.340772428125 0.35366257968750003
3 0.3554796765625 0.47648511875 0.3633158140625 0.4710253921875 0.3662074421875 0.459317790625 0.363263109375 0.4457221109375 0.344398903125 0.40652386093750004 0.33381333125 0.409606653125 0.34052633125 0.4619790765625 0.3463399203125 0.473714109375 0.3554796765625 0.47648511875
3 0.348258565625 0.5507513125 0.3567017671875 0.5691008609375 0.3635266296875 0.5722385140624999 0.37389493125 0.567783934375 0.376786559375 0.5560763328125 0.37417931875 0.5396148593750001 0.365061934375 0.526996896875 0.35476074999999996 0.5019106140625 0.34759879531250004 0.5016387546875001 0.3438380875 0.5078591984374999 0.348258565625 0.5507513125
3 0.3702699625 0.6597611750000001 0.3832678765625 0.6619211125 0.389126209375 0.653962234375 0.390909115625 0.645242640625 0.3861068 0.6249102296875 0.368763484375 0.5953145046875 0.35796064375 0.59702550625 0.35694936875 0.6056228859375 0.3639020125 0.649520146875 0.3702699625 0.6597611750000001
3 0.3843701453125 0.7587744375 0.3935099015625 0.761545446875 0.4013460390625 0.7560857203125 0.40500929843750005 0.7442559046875 0.4021847875 0.7264226421875 0.38353785 0.6885961828125 0.3753869953125 0.687074746875 0.371409015625 0.6919234015625 0.3757096734375 0.7390530984375 0.3843701453125 0.7587744375
11 0.634971840625 0.11863495937499999 0.642036346875 0.1132974484375 0.6491232234375001 0.09811298125 0.6440061906250001 0.0707994078125 0.648006540625 0.0561037984375 0.6436611390625 0.0286680109375 0.62989159375 0.0266302890625 0.6260110640625001 0.037088315625 0.6289330234375 0.060530948437499996 0.6256371875 0.1046452078125 0.634971840625 0.11863495937499999
11 0.7623497671874999 0.7031269515624999 0.7694893484375 0.713245765625 0.7834761640625 0.7166552765625 0.7933124765625 0.7038477453125 0.7891843453125 0.677783746875 0.794870153125 0.6487591734375 0.78985056875 0.627054971875 0.77928736875 0.6202908093749999 0.7678103453125 0.6277333984375 0.765765425 0.6547751093749999 0.7588734453125 0.6811783203124999 0.7623497671874999 0.7031269515624999
5 0.2456414703125 0.07764611875 0.24844360937499999 0.10532633437500001 0.27531647812500004 0.16013055625 0.28194644375 0.152049465625 0.278470121875 0.1301008359375 0.26903801875 0.11050171093750001 0.267876590625 0.0881864359375 0.2630519046875 0.0777009796875 0.2557925015625 0.0718197484375 0.2456414703125 0.07764611875
5 0.30237434687500003 0.7155132328125 0.3110348203125 0.7352345734375 0.31417405 0.7600489953125 0.3195530984375 0.7690404484375 0.3356375390625 0.7707115296875 0.3403871484375 0.765740659375 0.3449418609375 0.749551046875 0.34134571875 0.7318399999999999 0.332228334375 0.7192220359375 0.327088928125 0.7017554171875 0.31633083281249996 0.6837725109375 0.3007783796875 0.69045438125 0.30237434687500003 0.7155132328125
8 0.73206769375 0.5968332359375 0.7394245453125 0.6083238390625 0.754520084375 0.60874534375 0.7604982390624999 0.5965488859375 0.7620111703125 0.5611542218750001 0.75392743125 0.5300919234375 0.7482112921875 0.5239662640625 0.7437987734375 0.5260713390625 0.73053884375 0.542233521875 0.72934063125 0.584609346875 0.73206769375 0.5968332359375
8 0.643737721875 0.1889628609375 0.6578443593750001 0.188134790625 0.66305088125 0.176060546875 0.661184940625 0.124326625 0.6569146156250001 0.1123471640625 0.6495577640625 0.10085656093749999 0.63694964375 0.121134109375 0.6384481625 0.140583590625 0.6349798 0.16363215 0.643737721875 0.1889628609375
2 0.25042937187500003 0.152822675 0.2515907984375 0.175137946875 0.26189198281250003 0.2002242296875 0.26635720625000003 0.22342243437499998 0.2840823578125 0.23045845781250002 0.29095196562500003 0.21390220000000001 0.2876705421875 0.2031723140625 0.2753915546875 0.17558688125 0.2734361234375 0.16324077812499999 0.2600484140625 0.1386433546875 0.25298390937500004 0.143980865625 0.25042937187500003 0.152822675
2 0.2855694734375 0.594429125 0.2830149375 0.603270934375 0.2853825359375 0.628207571875 0.296987340625 0.661524590625 0.3051158234375 0.6728929796875 0.3163532046875 0.6739255562500001 0.32320043906249996 0.6672162546875 0.3266464296875 0.6540146484375 0.3228330171875 0.6349318125 0.312292190625 0.6183206953125 0.307924415625 0.6007318609375 0.3007624625 0.600460003125 0.29152525625000003 0.5920796203124999 0.2855694734375 0.594429125
0 0.2682902640625 0.24561549375 0.2766136453125 0.268202625 0.280936675 0.3054853671875 0.29039115 0.3152375375 0.300205090625 0.3122769609375 0.3059659734375 0.2987087125 0.30236983125 0.280997665625 0.2895141109375 0.26475319062499997 0.282321825 0.22933109687500003 0.27274752812499997 0.22381650937500003 0.2677806484375 0.2274155875 0.2682902640625 0.24561549375
0 0.2853810296875 0.48336904843750006 0.287531359375 0.506933896875 0.29421402812499997 0.5241560875 0.29547290312499996 0.55208073125 0.300297590625 0.5625661890625 0.3093175265625 0.5695747812499999 0.32310944375 0.5617655484374999 0.3263381640625 0.5471921531249999 0.3224049296875 0.5323469015625 0.3093319390625 0.5147306359375 0.30595306718750004 0.4983913796875 0.29893330625000003 0.4840349828125 0.288587378125 0.4786426078125 0.2853810296875 0.48336904843750006
4 0.26560149375000003 0.313539028125 0.2628296859375 0.321009046875 0.2643505765625 0.330611571875 0.270478884375 0.349327765625 0.27882463749999997 0.36206794375 0.2784428 0.38462764531250004 0.28852671406249997 0.40834213906250005 0.300752996875 0.41062429062500005 0.308926225 0.40229877031249994 0.3116005828125 0.3892193796875 0.30745007968750004 0.3730023359375 0.290856021875 0.3531313515625 0.28979204375 0.3364254515625 0.2822402953125 0.313716103125 0.2751981625 0.30920666093750004 0.26560149375000003 0.313539028125
10 0.6684761796875 0.3101966140625 0.667899446875 0.321537571875 0.673256121875 0.340375978125 0.6807327953125 0.347629 0.6886663796875 0.34777864531249997 0.6912432890625 0.3290898828125 0.6966670828125 0.3183874265625 0.6920820375 0.2994268046875 0.6960296859375 0.259427915625 0.693856984375 0.245710021875 0.6813159828125 0.236446709375 0.672468571875 0.250503815625 0.6716521953125001 0.2703199375 0.676454509375 0.2906523484375 0.6684761796875 0.3101966140625
6 0.6605793796875 0.2453558703125 0.6629693515625 0.260445553125 0.6685656703125 0.2708087953125 0.68278416875 0.220745953125 0.683817815625 0.20230161875000002 0.6802216734375001 0.18459057343750002 0.668767021875 0.18218620624999998 0.66577794375 0.1882844359375 0.6638528453125 0.21108856718750002 0.6661229953125 0.23041583124999998 0.6605793796875 0.2453558703125
6 0.7028943437499999 0.48755151406249997 0.7077941078125 0.5134932984375 0.7164769515625 0.5233676828125 0.7286057859375 0.5200404640625 0.7341494 0.505100425 0.7272718328125001 0.4766594921875 0.7290771109375 0.45809294375 0.7234057171875 0.432273375 0.7150375906249999 0.4293801515625 0.7091792578125 0.4373390265625 0.7070368890625 0.45877136875 0.7089923203125 0.4711174734375 0.7028943437499999 0.48755151406249997
7 0.6880225281250001 0.388660465625 0.687108703125 0.40286721718749996 0.697844428125 0.430697078125 0.7100707109375 0.43297923125000004 0.718678478125 0.4273972890625 0.721233015625 0.41855548125 0.711508565625 0.382128240625 0.7161831000000001 0.36170104531249997 0.7149242234375001 0.3337764 0.7030574046875 0.3187815015625 0.692232190625 0.33033945781249996 0.691730534375 0.35713674218749997 0.6964354 0.37185978125 0.6880225281250001 0.388660465625
9 0.6783682062499999 0.6123694078125 0.6896055890625 0.613401984375 0.6888534125 0.5882769859375 0.6888707421875 0.5488331015625 0.6788619046875 0.540574934375 0.67211211875 0.5528936078125 0.66828429375 0.5886549140625 0.671228625 0.60225059375 0.6783682062499999 0.6123694078125
1 0.2717153875 0.387099365625 0.2646508828125 0.39243687656250004 0.261541984375 0.402772690625 0.26306287500000003 0.412375215625 0.26974554375 0.429597403125 0.28084073125 0.44471451718750005 0.2784810921875 0.46477507031250004 0.2854784796875 0.488978421875 0.288587378125 0.4786426078125 0.2991505765625 0.485406771875 0.30375799375 0.494520440625 0.3108224984375 0.48918292656249995 0.3141710390625 0.4703719515625 0.310020534375 0.45415490625 0.29704499218749997 0.44214801562500006 0.2920030359375 0.43029076875000005 0.28995015625 0.41233529375 0.28030078281250004 0.39136437812499997 0.2717153875 0.387099365625
9 0.71236624375 0.7321365875 0.7196703906249999 0.718323909375 0.7111968578125001 0.6648241234375 0.7032856453125 0.654827525 0.6939062453125 0.66053168125 0.6907078578125 0.710255309375 0.7011288625 0.731104009375 0.71236624375 0.7321365875
9 0.6541169921875001 0.5191825156250001 0.6659087343750001 0.5187210875 0.6718868890625 0.506524628125 0.6642824359375 0.458512 0.660663921875 0.4506479078125 0.6576972171875 0.44689918281249996 0.649643809375 0.4509871203125 0.643718359375 0.48848686093750004 0.6469774109374999 0.5090637 0.6541169921875001 0.5191825156250001
9 0.6476883796874999 0.43864101718750004 0.6533294421875 0.42931035156249997 0.6416719343749999 0.37069005 0.6317605453125 0.36804125625 0.6272058328125001 0.38423087031250003 0.6293114171874999 0.42748962500000004 0.6384288015624999 0.4401075890625 0.6476883796874999 0.43864101718750004
9 0.616297584375 0.3353353109375 0.6226655328125 0.3455763390625 0.6329140125 0.345359340625 0.6400983390625 0.3357842453125 0.6399034421875001 0.3245655015625 0.6333405937500001 0.3031057296875 0.6323964375 0.28216224687499997 0.6250395859375 0.2706716421875 0.619638165625 0.27152714375000003 0.6160947265625001 0.2791193765625 0.6145594234375 0.32436099375 0.616297584375 0.3353353109375
9 0.6148885546875 0.2764980125 0.619540715625 0.265917771875 0.6107300921875 0.2152837796875 0.602818878125 0.2052871796875 0.595634553125 0.2148622734375 0.594751059375 0.2642192609375 0.6023251796875 0.277081653125 0.6148885546875 0.2764980125
9 0.592495321875 0.19004785156249998 0.5999719953125 0.1973008734375 0.609785934375 0.19434029531250002 0.6134491953125 0.1825104796875 0.6037694890624999 0.1263893296875 0.6005855140625 0.1212688171875 0.59518409375 0.12212431718750001 0.590749203125 0.1340763484375 0.589550990625 0.176452171875 0.592495321875 0.19004785156249998
9 0.6019115078125 0.11965259843750001 0.59256889375 0.06066565625 0.582994596875 0.0551510671875 0.578776975 0.0684748875 0.5777960328125 0.1122225015625 0.5867935953125001 0.129078046875 0.6019115078125 0.11965259843750001