3 0.6640625 0.7953125 0.0484375 0.084375
6 0.47890625 0.446875 0.0484375 0.09375
9 0.51953125 0.5140625 0.0421875 0.0765625
7 0.35625 0.6265625 0.0625 0.1203125
4 0.38125 0.33984375 0.053125 0.10625
10 0.32890625 0.48828125 0.059375 0.1109375
9 0.42421875 0.43125 0.0421875 0.0765625
3 0.55078125 0.40078125 0.0390625 0.0734375
9 0.19765625 0.68671875 0.059375 0.1
3 0.515625 0.31640625 0.0390625 0.0734375
9 0.47734375 0.67890625 0.0453125 0.0828125
2 0.45234375 0.31015625 0.0484375 0.09375
9 0.65 0.49453125 0.040625 0.0765625
9 0.32421875 0.7921875 0.05 0.0859375
0 0.43671875 0.5625 0.05 0.09375
3 0.6125 0.359375 0.040625 0.075
0 0.45078125 0.83203125 0.05625 0.10625
9 0.725 0.38515625 0.0421875 0.075
8 0.5484375 0.66875 0.0515625 0.0921875
8 0.51875 0.8375 0.05625 0.1046875
3 0.61875 0.6625 0.0453125 0.0796875
3 0.646875 0.41171875 0.040625 0.0734375
3 0.59140625 0.8796875 0.0484375 0.0859375