7 0.5390625 0.47734375 0.05625 0.1125
0 0.71796875 0.72890625 0.059375 0.1046875
10 0.61015625 0.7390625 0.0609375 0.1109375
6 0.3375 0.50703125 0.05 0.096875
9 0.34140625 0.81484375 0.046875 0.0828125
4 0.63671875 0.43671875 0.0546875 0.1046875
5 0.7125 0.50234375 0.053125 0.0921875
9 0.37734375 0.65 0.0453125 0.0796875
6 0.38984375 0.44765625 0.0484375 0.0953125
5 0.61796875 0.58828125 0.05 0.0921875
9 0.56328125 0.6140625 0.0453125 0.078125
9 0.471875 0.5390625 0.040625 0.071875
0 0.52265625 0.6734375 0.0546875 0.1
2 0.56640625 0.4046875 0.0484375 0.0921875
3 0.5046875 0.41328125 0.040625 0.075
1 0.44453125 0.61171875 0.059375 0.11875
9 0.51328125 0.9484375 0.05 0.0890625
9 0.70625 0.88828125 0.0515625 0.0875
3 0.46484375 0.76640625 0.0453125 0.0796875
8 0.6265625 0.81640625 0.0546875 0.09375
8 0.64375 0.9171875 0.059375 0.10625
3 0.38125 0.96953125 0.05 0.0609375