9 0.65 0.33125 0.028125 0.059375
9 0.65625 0.5078125 0.0296875 0.0765625
9 0.6671875 0.603125 0.03125 0.078125
9 0.6734375 0.7203125 0.03125 0.0828125
7 0.7171875 0.40390625 0.040625 0.109375
10 0.70703125 0.3234375 0.0359375 0.1015625
6 0.71015625 0.2546875 0.03125 0.0953125
6 0.7171875 0.51015625 0.0359375 0.09375
8 0.73203125 0.60234375 0.0390625 0.0875
11 0.75078125 0.70546875 0.0421875 0.096875
11 0.69375 0.0953125 0.0328125 0.096875
9 0.64296875 0.10703125 0.025 0.078125
3 0.47578125 0.50703125 0.028125 0.0765625
3 0.48203125 0.70546875 0.0296875 0.078125
2 0.4796875 0.403125 0.0328125 0.0921875
3 0.4796875 0.259375 0.0265625 0.0765625
3 0.41640625 0.41484375 0.0265625 0.0734375
3 0.3703125 0.3375 0.0265625 0.075
3 0.35625 0.60859375 0.0296875 0.0734375
2 0.2875 0.603125 0.0390625 0.0890625
0 0.3046875 0.49765625 0.0359375 0.0921875
1 0.2984375 0.41171875 0.0421875 0.11875
4 0.309375 0.33046875 0.0390625 0.1109375
0 0.3203125 0.23984375 0.0328125 0.1
5 0.31953125 0.0875 0.03125 0.09375
5 0.29296875 0.70078125 0.040625 0.0921875
3 0.36484375 0.09296875 0.0265625 0.078125
3 0.41328125 0.17109375 0.025 0.075
9 0.5453125 0.421875 0.0265625 0.0796875
9 0.53203125 0.17578125 0.025 0.078125
9 0.64453125 0.1765625 0.025 0.078125
9 0.58671875 0.25234375 0.0296875 0.0875