0 0.34296875 0.225 0.0375 0.1
3 0.40078125 0.08359375 0.0296875 0.0796875
7 0.7171875 0.41953125 0.0453125 0.11875
9 0.56015625 0.1796875 0.028125 0.0796875
3 0.475 0.50625 0.03125 0.078125
8 0.6 0.509375 0.0375 0.0921875
8 0.6078125 0.26171875 0.034375 0.0890625
10 0.60390625 0.409375 0.040625 0.1140625
9 0.5515625 0.43515625 0.028125 0.065625
9 0.54921875 0.340625 0.03125 0.08125
4 0.32421875 0.31640625 0.0453125 0.1109375
6 0.5890625 0.69921875 0.0390625 0.0984375
0 0.4046875 0.703125 0.040625 0.1015625
3 0.50078125 0.2578125 0.03125 0.08125
9 0.6546875 0.51953125 0.034375 0.0796875
5 0.35625 0.07265625 0.0375 0.096875
3 0.52578125 0.7078125 0.0328125 0.0765625
11 0.7296875 0.72734375 0.0453125 0.1
1 0.30625 0.39609375 0.05 0.121875
2 0.4890625 0.403125 0.0359375 0.09375
6 0.72890625 0.2734375 0.0375 0.1015625
3 0.4421875 0.16484375 0.0296875 0.078125
3 0.425 0.40859375 0.0328125 0.0765625
2 0.27890625 0.58515625 0.04375 0.09375
9 0.671875 0.1921875 0.028125 0.078125
5 0.47109375 0.58671875 0.0375 0.09375
9 0.65234375 0.746875 0.034375 0.065625
11 0.728125 0.1140625 0.0375 0.0984375
9 0.67578125 0.12578125 0.028125 0.0734375