9 0.5703125 0.3546875 0.0421875 0.0796875
0 0.63671875 0.115625 0.0484375 0.10625
9 0.7296875 0.15546875 0.0421875 0.084375
5 0.29375 0.66953125 0.0578125 0.1015625
7 0.54296875 0.24609375 0.05625 0.121875
0 0.3703125 0.68984375 0.0546875 0.103125
3 0.4703125 0.50625 0.04375 0.078125
11 0.78203125 0.15546875 0.053125 0.103125
3 0.46328125 0.075 0.040625 0.08125
9 0.64921875 0.2078125 0.0421875 0.084375
11 0.68671875 0.7625 0.0625 0.103125
9 0.60859375 0.76953125 0.04375 0.06875
6 0.75859375 0.3140625 0.053125 0.1046875
9 0.646875 0.5453125 0.0453125 0.08125
9 0.57109375 0.11875 0.040625 0.08125
3 0.33515625 0.5640625 0.0453125 0.08125
6 0.49609375 0.40703125 0.05 0.1015625
3 0.5703125 0.6234375 0.04375 0.078125
0 0.3796875 0.19375 0.053125 0.096875
3 0.49296875 0.16171875 0.040625 0.078125
1 0.321875 0.36875 0.06875 0.1265625
0 0.35234375 0.2921875 0.0609375 0.1140625