9 0.3671875 0.1734375 0.0296875 0.0796875
8 0.315625 0.16171875 0.0359375 0.0921875
3 0.6421875 0.18203125 0.028125 0.0734375
2 0.69375 0.178125 0.0328125 0.0765625
2 0.70078125 0.1390625 0.03125 0.0734375
9 0.3703125 0.2515625 0.0296875 0.08125
6 0.28203125 0.50234375 0.0390625 0.096875
8 0.2640625 0.59375 0.040625 0.0890625
9 0.35625 0.32578125 0.03125 0.0796875
11 0.2421875 0.696875 0.0453125 0.1
5 0.69921875 0.7078125 0.04375 0.09375
0 0.6953125 0.50546875 0.0375 0.090625
9 0.34375 0.50234375 0.0328125 0.0796875
1 0.70390625 0.4203125 0.046875 0.11875
7 0.2859375 0.3984375 0.04375 0.1078125
9 0.32890625 0.5984375 0.0328125 0.078125
2 0.70859375 0.61015625 0.0421875 0.090625
3 0.63984375 0.61171875 0.0328125 0.075
6 0.29921875 0.24453125 0.034375 0.090625
3 0.63515625 0.3421875 0.0296875 0.075
4 0.69609375 0.33828125 0.04375 0.109375
9 0.31875 0.71484375 0.034375 0.084375
9 0.353125 0.4171875 0.03125 0.08125
10 0.29765625 0.315625 0.040625 0.10625
3 0.64375 0.42421875 0.03125 0.0734375
3 0.63515625 0.709375 0.034375 0.078125
3 0.64296875 0.52109375 0.03125 0.075
3 0.6484375 0.0984375 0.028125 0.078125
3 0.6375 0.25625 0.0296875 0.075
11 0.31953125 0.08828125 0.0359375 0.096875
9 0.3703125 0.1046875 0.028125 0.0828125
5 0.69453125 0.09375 0.0359375 0.0984375
0 0.68828125 0.24453125 0.0359375 0.0984375
2 0.70546875 0.309375 0.0265625 0.0484375
2 0.64609375 0.15859375 0.01875 0.03125
2 0.6484375 0.50234375 0.0203125 0.034375
2 0.64921875 0.40546875 0.0203125 0.0328125
2 0.64453125 0.5953125 0.01875 0.0328125
2 0.71796875 0.58125 0.015625 0.025