7 0.4625 0.29921875 0.0546875 0.1203125
11 0.4203125 0.39296875 0.05 0.0984375
10 0.6296875 0.33359375 0.0546875 0.115625
6 0.41328125 0.2109375 0.0484375 0.1015625
9 0.496875 0.70625 0.04375 0.0828125
2 0.54296875 0.43671875 0.046875 0.0953125
8 0.59453125 0.878125 0.0515625 0.0875
0 0.47734375 0.23203125 0.0453125 0.096875
5 0.46953125 0.08125 0.046875 0.0984375
5 0.53125 0.5015625 0.05 0.1
8 0.7234375 0.3953125 0.0484375 0.090625
1 0.49609375 0.13984375 0.053125 0.11875
9 0.63046875 0.64609375 0.04375 0.0828125
3 0.303125 0.64921875 0.0453125 0.08125
4 0.653125 0.19296875 0.053125 0.1140625
9 0.65390625 0.459375 0.04375 0.0828125
0 0.44296875 0.60078125 0.05 0.0953125
6 0.3 0.45625 0.0546875 0.1
3 0.38984375 0.58984375 0.04375 0.0796875
3 0.3625 0.19375 0.04375 0.08125
2 0.3328125 0.803125 0.0515625 0.09375
2 0.46796875 0.990625 0.0265625 0.01875