9 0.4796875 0.5140625 0.0390625 0.075
5 0.5609375 0.5640625 0.0484375 0.09375
7 0.6390625 0.63125 0.0609375 0.1203125
9 0.346875 0.4875 0.040625 0.0765625
2 0.55 0.309375 0.046875 0.09375
3 0.3421875 0.41015625 0.0390625 0.0734375
10 0.66953125 0.4921875 0.0578125 0.1109375
9 0.66796875 0.79609375 0.0484375 0.0859375
6 0.52265625 0.44765625 0.046875 0.0953125
3 0.41640625 0.68828125 0.04375 0.078125
8 0.471875 0.8359375 0.0546875 0.1046875
3 0.45078125 0.3984375 0.0390625 0.0734375
8 0.3 0.61484375 0.046875 0.0890625