1 0.37734375 0.0953125 0.040625 0.121875
5 0.5265625 0.596875 0.0390625 0.0953125
11 0.346875 0.44453125 0.040625 0.0984375
9 0.3484375 0.525 0.034375 0.078125
7 0.49375 0.24296875 0.0421875 0.115625
4 0.55859375 0.315625 0.0421875 0.1109375
6 0.5171875 0.409375 0.0375 0.1
9 0.31953125 0.1265625 0.03125 0.0828125
11 0.39453125 0.33828125 0.0375 0.09375
3 0.45546875 0.4203125 0.0328125 0.078125
3 0.41328125 0.6125 0.034375 0.075
9 0.39296875 0.18828125 0.0328125 0.0828125
3 0.653125 0.58515625 0.0359375 0.078125
3 0.53828125 0.0953125 0.0296875 0.0765625
9 0.48203125 0.11328125 0.0296875 0.0796875
0 0.4171875 0.1015625 0.034375 0.1015625
5 0.696875 0.3859375 0.04375 0.09375
3 0.49609375 0.17734375 0.028125 0.078125