0 0.5609375 0.2421875 0.034375 0.0984375
4 0.39140625 0.17734375 0.0390625 0.1109375
1 0.44296875 0.1671875 0.0390625 0.11875
5 0.58828125 0.090625 0.034375 0.0984375
2 0.51171875 0.23984375 0.034375 0.0921875
6 0.50703125 0.40859375 0.0359375 0.1
11 0.59375 0.403125 0.0359375 0.096875
0 0.5421875 0.6078125 0.0390625 0.096875
3 0.675 0.6734375 0.0359375 0.078125
6 0.678125 0.23046875 0.040625 0.1015625
8 0.41796875 0.51796875 0.0359375 0.0859375
7 0.4015625 0.4 0.0421875 0.11875
9 0.8625 0.9109375 0.04375 0.0765625
2 0.6234375 0.8234375 0.040625 0.0921875
8 0.35390625 0.86171875 0.040625 0.0859375
10 0.39453125 0.31484375 0.0390625 0.1125
2 0.4625 0.99140625 0.025 0.0171875
9 0.5921875 0.9859375 0.0234375 0.01875