4 0.440625 0.3390625 0.0484375 0.1125
7 0.47109375 0.2453125 0.0515625 0.11875
9 0.2890625 0.14453125 0.0375 0.08125
3 0.66015625 0.571875 0.0421875 0.0796875
1 0.34296875 0.10703125 0.0515625 0.125
11 0.39375 0.4390625 0.0484375 0.0984375
3 0.49375 0.634375 0.040625 0.078125
9 0.44921875 0.11640625 0.0359375 0.0796875
5 0.57578125 0.39296875 0.0453125 0.0953125
9 0.35234375 0.53984375 0.0421875 0.078125
5 0.534375 0.59296875 0.046875 0.096875
3 0.5671875 0.15859375 0.0375 0.078125
3 0.50390625 0.09375 0.0359375 0.078125
11 0.421875 0.615625 0.046875 0.09375
9 0.365625 0.1984375 0.0390625 0.0828125
6 0.60078125 0.58203125 0.046875 0.0953125
0 0.53515625 0.234375 0.04375 0.1
3 0.4484375 0.425 0.0390625 0.0796875