1 0.65078125 0.1046875 0.0484375 0.1234375
5 0.4671875 0.59453125 0.0453125 0.0953125
11 0.65625 0.45546875 0.046875 0.1
9 0.64921875 0.53515625 0.0390625 0.0796875
7 0.52421875 0.24453125 0.05 0.1171875
4 0.4546875 0.31171875 0.05 0.1125
6 0.4890625 0.4078125 0.0453125 0.1015625
9 0.70546875 0.140625 0.0359375 0.084375
11 0.61640625 0.34609375 0.04375 0.0953125
3 0.55 0.4234375 0.0375 0.078125
3 0.57890625 0.61875 0.0390625 0.0765625
9 0.62890625 0.196875 0.0375 0.0828125
3 0.34140625 0.57421875 0.040625 0.0796875
3 0.48984375 0.09375 0.034375 0.0765625
9 0.5453125 0.115625 0.034375 0.08125
0 0.61015625 0.10859375 0.040625 0.103125
5 0.3109375 0.37265625 0.0484375 0.0953125
3 0.5265625 0.178125 0.0328125 0.0796875