3 0.541654115625 0.1042249609375 0.5468136593749999 0.1102964703125 0.5593490125 0.1092747296875 0.5633640828125 0.0971752046875 0.5552894 0.0761066140625 0.5530567359375 0.048242914062499996 0.5455683625 0.038379432812499996 0.5389313078125 0.041084428125 0.5371887859375 0.0484975625 0.5408989609375 0.0675847578125 0.541654115625 0.1042249609375
3 0.5513188718750001 0.133473778125 0.55526591875 0.1496851625 0.5518090140624999 0.1687506109375 0.55369224375 0.1825333921875 0.558349903125 0.19011734062500002 0.5711502671875001 0.1904589703125 0.5751934796875 0.182598628125 0.5748440421875001 0.168517709375 0.567592540625 0.155778415625 0.565359875 0.127914715625 0.560702215625 0.12033076718749999 0.5543020328125 0.12015995156249999 0.5513188718750001 0.133473778125
3 0.583160253125 0.26452821718749997 0.5890022703125 0.2577331078125 0.5891828593749999 0.24637893125 0.581260625 0.20971698125 0.57424599375 0.194101875 0.5663401609375 0.1984683828125 0.564320884375 0.24130741875 0.5659391 0.25372682812499997 0.572660578125 0.26373937812500003 0.583160253125 0.26452821718749997
3 0.5857306140625 0.3432621109375 0.5916570531249999 0.3491845484375 0.6021567296875 0.3499733875 0.60723185 0.3433273484375 0.6063242468750001 0.3222805015625 0.599574628125 0.30802876874999996 0.5981651421875 0.2884943640625 0.5932424703125 0.2795470453125 0.586075390625 0.27952530000000003 0.5827990765625 0.28723657187499996 0.5825504640625 0.3269016578125 0.5857306140625 0.3432621109375
3 0.6354029390625 0.4227445 0.6368523078125 0.40972881250000004 0.6252480406250001 0.35821885 0.61424648125 0.35894245156250004 0.609926515625 0.40222869843750003 0.6118097437500001 0.416011478125 0.618531221875 0.42602402968749997 0.62776211875 0.42847437812500005 0.6354029390625 0.4227445
3 0.6416834734375 0.5205655890625 0.652950046875 0.5212053578125 0.658290178125 0.5159226875 0.6599482765625 0.49579200625000003 0.6494322015625 0.45397471093749997 0.6437707734375 0.44941564375 0.6371337203125 0.452120640625 0.6360337875 0.4792172484375 0.6317818468749999 0.4941925828125 0.634961996875 0.5105530375 0.6416834734375 0.5205655890625
3 0.665072596875 0.6122313359375 0.6765479 0.6057561109375 0.6790291765625 0.593954725 0.6705487765625 0.5503268484375 0.6666580140625 0.5425938312499999 0.655921465625 0.5446808046875 0.6497464140625 0.578423453125 0.6521878078125 0.5991721578125 0.65684546875 0.60675610625 0.665072596875 0.6122313359375
3 0.6895217703125 0.70935056875 0.697162590625 0.7036206890625001 0.698555678125 0.6821266375 0.6864776671875 0.636368296875 0.681081253125 0.6331726015625 0.673942315625 0.6373900390625 0.6693573374999999 0.6793129125 0.6728025 0.6970367375000001 0.6802908734375 0.70690021875 0.6895217703125 0.70935056875
11 0.21788319843749998 0.1459363890625 0.2224165515625 0.1733528796875 0.23426943125 0.1851977578125 0.24273343125000002 0.1877971734375 0.24672035937499998 0.1714584671875 0.228535321875 0.1311318671875 0.22326321249999997 0.108103628125 0.2160398515625 0.0996035171875 0.203797653125 0.10622781249999999 0.20909790312499998 0.133495234375 0.21788319843749998 0.1459363890625
11 0.273791328125 0.7406394296875 0.289061228125 0.765968946875 0.29409646562499997 0.791872996875 0.307720009375 0.8005439234375 0.31969719531249996 0.7925562578124999 0.32294536875 0.780605803125 0.31870516875 0.7587918640625 0.303198396875 0.7363381578125 0.2920279890625 0.7116266640625 0.2786976 0.7085582921875 0.2710849203125 0.7185273515625 0.273791328125 0.7406394296875
5 0.601399340625 0.043090715625 0.5945652984375001 0.016121434375 0.5830337125 0.01411829375 0.57822360625 0.0221277046875 0.5772761203125001 0.0336309515625 0.5838170093749999 0.05499768125 0.5816570265625 0.0766408046875 0.5858972265625 0.09845474062500001 0.5948912515625 0.1037809015625 0.601399340625 0.043090715625
5 0.7283802078125 0.6635953765625 0.7310584734375001 0.6814682703125 0.7408756765625 0.6951237265625 0.7470389875000001 0.698170353125 0.761581875 0.69109885 0.76356126875 0.6808099046875 0.7580241484375 0.65641829375 0.7594172343750001 0.634924240625 0.7523463203125 0.61083076875 0.7354464625 0.6098711171875 0.731487675 0.63044900625 0.7326321484375 0.648620040625 0.7283802078125 0.6635953765625
8 0.288233390625 0.6798219203125 0.29802245312500003 0.68923819375 0.31206345625 0.6836791296875 0.31504661718750004 0.670365303125 0.3134284015625 0.65794589375 0.2978090640625 0.6185354578125 0.279821015625 0.6078831375 0.274954625 0.6074141828124999 0.27167830937500004 0.6151254546875 0.2747060125 0.64707926875 0.288233390625 0.6798219203125
8 0.2450106375 0.2609285140625 0.2585497578125 0.2568818921875 0.25811589687500003 0.2300834234375 0.24697363125 0.20961111250000003 0.24172966406250002 0.19082205624999998 0.2229465765625 0.1760796234375 0.21996341562500002 0.18939345000000002 0.22004783906249997 0.20211099843749997 0.235988471875 0.251363171875 0.2450106375 0.2609285140625
2 0.598589684375 0.1596573703125 0.6107075765625 0.17286561875 0.6249573109375001 0.1601915609375 0.6212189953125 0.13686518281249999 0.6223189265625 0.10976857656250001 0.6157780390625 0.088401846875 0.6103534828125 0.0809669671875 0.6018894828125 0.07836755 0.597721965625 0.10606043437499998 0.600107078125 0.11833077343750001 0.598003378125 0.14845226250000002 0.598589684375 0.1596573703125
2 0.7168557046874999 0.54698523125 0.7126319046875 0.5661997515625 0.715575184375 0.585436015625 0.7233285703125001 0.59666286875 0.7320575828125 0.600625659375 0.7422641046875 0.59581194375 0.7460141625000001 0.582349046875 0.7455240203125 0.5470722140625 0.7392200015625 0.5228296734375 0.7337954453125 0.51539479375 0.7273952640625 0.515223978125 0.7215813890625 0.526258271875 0.7149443343749999 0.5289632671875 0.7168557046874999 0.54698523125
0 0.6134866671875 0.2444845171875 0.6235407421875 0.25526416093750004 0.6337754062500001 0.254689628125 0.6393242671875 0.242291965625 0.6306351375 0.20577908437499998 0.6307313031249999 0.181707359375 0.6249854515625 0.1644307421875 0.619087153125 0.1627474890625 0.6119763578125 0.1712041078125 0.6173328890625001 0.20694989531250002 0.6108084015624999 0.22661162343750002 0.6134866671875 0.2444845171875
0 0.68420754375 0.44862995312500004 0.67794806875 0.469655053125 0.6793294125 0.4849502734375 0.6873478109375 0.497540496875 0.7029788906250001 0.5001616609374999 0.709057778125 0.49049073906249996 0.7100052625 0.4789874921875 0.701637428125 0.4523163484375 0.702026746875 0.4338471765625 0.6959877421875 0.4109680078125 0.6913582234375 0.407623240625 0.6834805312500001 0.41622893124999993 0.681794290625 0.43212043125 0.68420754375 0.44862995312500004
4 0.6409143421875 0.250472190625 0.641585075 0.2743948484375 0.6462990171875 0.2904571609375 0.6375019796875 0.3148052796875 0.6391483375 0.3314638734375 0.646134828125 0.34283979531250003 0.6566626453125 0.3478678171875 0.6673710515625 0.3415416609375 0.668735996875 0.315808425 0.660661315625 0.2947398359375 0.664146359375 0.27991356875 0.6635037703125 0.26023009375 0.6616486828125 0.250686496875 0.6564891390625001 0.2446149890625 0.6459894625 0.24382615156249998 0.6409143421875 0.250472190625
10 0.252599834375 0.3245380015625 0.239478175 0.3143546359375 0.230861728125 0.32734857812499996 0.233511853125 0.3409822890625 0.250901853125 0.3772187734375 0.2530782359375 0.396604109375 0.2618353890625 0.40480608125 0.270648825 0.42148641875 0.27805277500000003 0.4186323515625 0.2825978703125 0.40925956875 0.281188384375 0.389725165625 0.2767675953125 0.37926540468750003 0.2625858859375 0.3636285546875 0.260144490625 0.3428798484375 0.252599834375 0.3245380015625
6 0.23272855625000002 0.30010290156249997 0.263212075 0.3422835703125 0.26492645625 0.3306312546875 0.26201131875 0.315634171875 0.25169223125 0.30349115625 0.2472151609375 0.28455303125000003 0.23760668749999997 0.26378258125 0.23271215625 0.25907444375 0.222770646875 0.26525153125 0.22544891250000001 0.2831244234375 0.23272855625000002 0.30010290156249997
6 0.2669034265625 0.5127670453125 0.270404871875 0.538969234375 0.2784514109375 0.5557986421875001 0.281715984375 0.58487664375 0.292035071875 0.597019659375 0.304570425 0.5959979171875001 0.30935239062500003 0.583749321875 0.30508405 0.5576962015625 0.29373305312500003 0.5443388859375 0.291347940625 0.5320685468749999 0.2820044796875 0.512661465625 0.2737773515625 0.5071862375 0.2669034265625 0.5127670453125
7 0.24720807812499998 0.3991600359375 0.2411854734375 0.4173093234375 0.24955330781249999 0.44398046718749995 0.26093244531250004 0.4615769671875 0.26425330156250004 0.499133334375 0.2696778578125 0.5065682125000001 0.27967565 0.5088694921875 0.29038405625 0.5025433359375 0.29095396406249996 0.47271998593750003 0.285236253125 0.45968255312500006 0.27158456875 0.44677244531250004 0.2709701203125 0.4313281546875 0.2613335046875 0.406318521875 0.24720807812499998 0.3991600359375
9 0.3740694875 0.6546477671875001 0.37218625781250003 0.6408649875 0.356358190625 0.6085695453125 0.3458022328125 0.599302340625 0.3392214609375 0.610485703125 0.35272834999999997 0.647544903125 0.360614790625 0.6714119390625 0.3708213125 0.6665982234375 0.3740694875 0.6546477671875001
1 0.684367075 0.3184295875 0.675903075 0.3158301703125 0.6692941625 0.32277435 0.6673991921875 0.34578084375 0.6716112515625 0.3633555984375 0.670928778125 0.376222215625 0.66284235625 0.3919429 0.6644887140625 0.40860149375 0.6740690453125 0.425132759375 0.6825330453125 0.42773217812500003 0.68374554375 0.417592303125 0.6913582234375 0.407623240625 0.6978146875 0.41627242343750004 0.6961120484375 0.391135465625 0.6870336 0.37309175625 0.6922893078125 0.3550915375 0.6926786265625 0.3366223671875 0.6908235390625 0.32707876874999997 0.684367075 0.3184295875
9 0.3726928 0.717170278125 0.3619281125 0.7150180671874999 0.3579130421875 0.7271175921874999 0.3682485296875 0.780289065625 0.379836396875 0.7907705703125 0.39004291874999997 0.7859568546875 0.3927047859375 0.7628012921875 0.3726928 0.717170278125
9 0.35049977499999996 0.574336196875 0.36173820624999997 0.570736784375 0.36498637968750003 0.558786328125 0.3610111921875 0.5383357609375 0.3426174234375 0.50512415625 0.333651540625 0.504037178125 0.33214588906250003 0.5085745015625001 0.331435275 0.5172019359375 0.3407107125 0.5649199234375 0.35049977499999996 0.574336196875
9 0.3408702421875 0.43471955937500006 0.3310530390625 0.421064103125 0.322645321875 0.42694305000000005 0.33174017031249997 0.486015215625 0.3402323109375 0.4928538171875 0.349435065625 0.4910649828125 0.3536870078125 0.47608964531250003 0.3408702421875 0.43471955937500006
9 0.3073590203125 0.3605850765625 0.3085316359375 0.382995290625 0.312185528125 0.39360412031249997 0.3222114625 0.4001445828125 0.3319161 0.3968433078125 0.334397378125 0.38504192187499997 0.33227727812499996 0.374134953125 0.3153610203125 0.33214684375000003 0.3094345796875 0.32622440625000004 0.30406630625000003 0.32726789218749996 0.30108314531249997 0.34058171875 0.3073590203125 0.3605850765625
9 0.3126100703125 0.2647671265625 0.3025841375 0.25822666562499996 0.2985690671875 0.27032619062499996 0.30760763281250003 0.320919990625 0.315597890625 0.32927103125 0.32760321875 0.325522546875 0.3303213671875 0.31084535 0.3126100703125 0.2647671265625
9 0.3025278546875 0.24974829999999998 0.30707295 0.2403755171875 0.30518972031249997 0.2265927359375 0.289570384375 0.1871823 0.2813151140625 0.1774678875 0.27594684062499997 0.1785113734375 0.27470620156250003 0.184412065625 0.2848048171875 0.24045935156249998 0.2922931921875 0.2503228328125 0.3025278546875 0.24974829999999998
9 0.2627524984375 0.11882118593749999 0.27414803593750003 0.1774461421875 0.29157791875 0.1811325359375 0.2942679265625 0.16221615625000002 0.2783835765625 0.12144234843749999 0.26986329375 0.11036456406249999 0.2627524984375 0.11882118593749999