9 0.34765625 0.5171875 0.03125 0.0796875
5 0.66953125 0.70625 0.040625 0.096875
6 0.453125 0.51953125 0.0328125 0.0953125
9 0.45859375 0.3453125 0.028125 0.078125
4 0.5671875 0.31875 0.0375 0.109375
0 0.4390625 0.09609375 0.0296875 0.103125
3 0.52734375 0.51171875 0.0296875 0.0765625
3 0.6484375 0.59296875 0.0328125 0.0765625
0 0.59140625 0.7109375 0.0359375 0.096875
9 0.33984375 0.11796875 0.0265625 0.0796875
11 0.35078125 0.43671875 0.0359375 0.0953125
9 0.409375 0.18515625 0.028125 0.078125
11 0.40390625 0.3328125 0.034375 0.09375
6 0.521875 0.409375 0.03125 0.0984375
7 0.50703125 0.24296875 0.0359375 0.1125
3 0.4078125 0.60859375 0.03125 0.075
3 0.6171875 0.0890625 0.0265625 0.078125
9 0.4578125 0.3234375 0.01875 0.034375
5 0.67578125 0.221875 0.0359375 0.0921875
9 0.4609375 0.71640625 0.03125 0.0796875
3 0.571875 0.16875 0.0265625 0.075
9 0.40703125 0.16328125 0.0171875 0.0328125
9 0.3359375 0.096875 0.0171875 0.034375
1 0.50390625 0.159375 0.034375 0.1203125
3 0.57265625 0.1484375 0.0171875 0.0328125
6 0.5234375 0.38359375 0.0203125 0.04375
3 0.52734375 0.49296875 0.01875 0.034375
3 0.6515625 0.5734375 0.01875 0.0328125
9 0.4578125 0.69453125 0.01875 0.034375
3 0.5921875 0.68515625 0.021875 0.0453125
9 0.50234375 0.0953125 0.0171875 0.0421875
3 0.5703125 0.28828125 0.0234375 0.04375
3 0.68125 0.19609375 0.0203125 0.0359375