0 0.31953125 0.23984375 0.0328125 0.0984375
3 0.36484375 0.09375 0.0265625 0.078125
7 0.709375 0.40078125 0.0390625 0.1171875
9 0.53203125 0.17578125 0.025 0.078125
3 0.47578125 0.50859375 0.028125 0.0765625
8 0.60078125 0.50078125 0.0328125 0.090625
8 0.58671875 0.253125 0.0296875 0.0875
10 0.59609375 0.40078125 0.034375 0.1125
9 0.5453125 0.43125 0.025 0.065625
9 0.53515625 0.33671875 0.0265625 0.08125
4 0.30859375 0.33203125 0.0390625 0.1078125
6 0.60546875 0.690625 0.034375 0.096875
0 0.42265625 0.7109375 0.0359375 0.1
3 0.4796875 0.25859375 0.0265625 0.0796875
9 0.65546875 0.50625 0.0296875 0.078125
5 0.31953125 0.08671875 0.0328125 0.0953125
3 0.54375 0.7046875 0.0296875 0.075
11 0.74921875 0.70625 0.040625 0.0984375
1 0.29765625 0.4140625 0.04375 0.11875
2 0.48046875 0.40390625 0.03125 0.0921875
6 0.70859375 0.25390625 0.0328125 0.1
3 0.41328125 0.17109375 0.0265625 0.0765625
3 0.4171875 0.415625 0.028125 0.075
2 0.28671875 0.60390625 0.040625 0.090625
9 0.64453125 0.17890625 0.025 0.078125
5 0.47890625 0.58828125 0.0328125 0.0921875
9 0.6734375 0.7328125 0.03125 0.0640625
11 0.69375 0.09609375 0.0328125 0.096875
9 0.6421875 0.11171875 0.0234375 0.071875