9 0.51328125 0.175 0.0359375 0.0828125
9 0.3453125 0.48515625 0.040625 0.08125
6 0.36875 0.6734375 0.0453125 0.1
9 0.4875 0.33359375 0.0375 0.08125
7 0.30625 0.3734375 0.0546875 0.121875
8 0.44921875 0.24375 0.040625 0.0890625
11 0.225 0.6703125 0.053125 0.103125
5 0.73671875 0.115625 0.0453125 0.0984375
2 0.53359375 0.409375 0.04375 0.0953125
10 0.41875 0.3890625 0.05 0.115625
3 0.55390625 0.2640625 0.0375 0.08125
1 0.71171875 0.44140625 0.059375 0.1234375
3 0.42734375 0.696875 0.0390625 0.078125
3 0.690625 0.11640625 0.0375 0.08125
8 0.4 0.48671875 0.0453125 0.09375
0 0.54765625 0.71953125 0.0484375 0.1046875
3 0.52265625 0.5109375 0.0390625 0.08125
4 0.7125 0.36015625 0.053125 0.1109375
11 0.36484375 0.0734375 0.0453125 0.0984375
6 0.328125 0.228125 0.046875 0.1015625
9 0.46484375 0.42109375 0.0359375 0.0765625
0 0.71484375 0.26640625 0.04375 0.0984375
3 0.63125 0.1859375 0.0359375 0.0796875
3 0.59375 0.428125 0.0375 0.078125
5 0.50859375 0.59140625 0.0453125 0.0953125
9 0.4015625 0.16171875 0.034375 0.0796875
9 0.2953125 0.70625 0.0390625 0.0671875
5 0.6953125 0.6328125 0.0515625 0.09375
9 0.41328125 0.08984375 0.034375 0.08125