1 0.428125 0.0828125 0.034375 0.121875
5 0.51484375 0.59921875 0.034375 0.09375
11 0.3546875 0.42578125 0.0359375 0.096875
9 0.346875 0.50625 0.03125 0.078125
7 0.525 0.24453125 0.0359375 0.1140625
4 0.58046875 0.3234375 0.0375 0.109375
6 0.528125 0.41171875 0.0328125 0.0984375
9 0.36640625 0.1078125 0.0265625 0.0828125
11 0.415625 0.3265625 0.0328125 0.0921875
3 0.465625 0.41484375 0.028125 0.0765625
3 0.4 0.6015625 0.0296875 0.075
9 0.43125 0.178125 0.028125 0.08125
3 0.64140625 0.603125 0.0328125 0.0765625
3 0.5875 0.103125 0.025 0.075
9 0.52890625 0.1140625 0.025 0.078125
0 0.46640625 0.09453125 0.028125 0.1015625
5 0.709375 0.4109375 0.0390625 0.0921875
3 0.53515625 0.17890625 0.0234375 0.078125