0 0.4453125 0.6015625 0.0484375 0.0984375
8 0.57734375 0.53046875 0.046875 0.090625
10 0.6265625 0.33046875 0.053125 0.115625
4 0.6484375 0.1921875 0.0515625 0.1125
2 0.51953125 0.23984375 0.0453125 0.09375
5 0.46171875 0.08359375 0.0453125 0.0984375
11 0.41875 0.39375 0.0484375 0.0984375
6 0.35625 0.21015625 0.0515625 0.1015625
3 0.14609375 0.7109375 0.05 0.08125
9 0.09140625 0.8640625 0.0515625 0.078125
2 0.18125 0.92578125 0.0515625 0.0484375
8 0.60078125 0.8765625 0.05 0.0875
2 0.3375 0.80625 0.0515625 0.0953125
2 0.4765625 0.99140625 0.025 0.0171875
9 0.0921875 0.92109375 0.03125 0.021875
9 0.3484375 0.97109375 0.0234375 0.0203125