9 0.4734375 0.17578125 0.0265625 0.0796875
9 0.34453125 0.50390625 0.03125 0.0796875
6 0.390625 0.68828125 0.034375 0.0984375
9 0.4671875 0.3359375 0.028125 0.0796875
7 0.2921875 0.3984375 0.0421875 0.11875
8 0.41796875 0.2515625 0.03125 0.0875
11 0.24765625 0.70234375 0.040625 0.1
5 0.6875 0.08984375 0.034375 0.096875
2 0.521875 0.40625 0.0328125 0.0921875
10 0.40546875 0.4 0.0359375 0.1125
3 0.525 0.259375 0.028125 0.0796875
1 0.703125 0.41640625 0.046875 0.11875
3 0.45234375 0.70390625 0.03125 0.075
3 0.6421875 0.09609375 0.028125 0.0796875
8 0.39921875 0.4984375 0.034375 0.090625
0 0.57421875 0.71171875 0.0375 0.1015625
3 0.52421875 0.5078125 0.0296875 0.078125
4 0.69375 0.3359375 0.040625 0.1078125
11 0.3140625 0.09296875 0.034375 0.096875
6 0.29609375 0.2515625 0.034375 0.1
9 0.45546875 0.42578125 0.0265625 0.075
0 0.68515625 0.2421875 0.0328125 0.096875
3 0.5921875 0.17265625 0.028125 0.078125
3 0.584375 0.4171875 0.0296875 0.0765625
5 0.51953125 0.58984375 0.034375 0.09375
9 0.3609375 0.1765625 0.025 0.0765625
9 0.32265625 0.7296875 0.03125 0.0640625
5 0.71015625 0.6078125 0.040625 0.0890625
9 0.3640625 0.10390625 0.025 0.0796875