1 0.384375 0.09296875 0.0375 0.121875
5 0.525 0.596875 0.0375 0.09375
11 0.34765625 0.44140625 0.0390625 0.0984375
9 0.3484375 0.52265625 0.0328125 0.078125
7 0.4984375 0.24296875 0.040625 0.115625
4 0.56171875 0.31640625 0.040625 0.109375
6 0.51875 0.409375 0.0359375 0.1
9 0.3265625 0.1234375 0.0296875 0.0828125
11 0.39765625 0.33671875 0.0359375 0.09375
3 0.45703125 0.41953125 0.03125 0.078125
3 0.41171875 0.6109375 0.0328125 0.075
9 0.3984375 0.18671875 0.03125 0.0828125
3 0.6515625 0.58828125 0.034375 0.078125
3 0.5453125 0.09609375 0.028125 0.075
9 0.48828125 0.11328125 0.028125 0.0796875
0 0.42421875 0.10078125 0.03125 0.1015625
5 0.69921875 0.38984375 0.0421875 0.09375
3 0.5015625 0.17734375 0.0265625 0.078125