9 0.35 0.5328125 0.0390625 0.08125
5 0.690625 0.68671875 0.05 0.1
6 0.45546875 0.52421875 0.0421875 0.096875
9 0.44296875 0.35 0.0359375 0.0796875
4 0.54765625 0.3125 0.0484375 0.1125
0 0.396875 0.1046875 0.0390625 0.1046875
3 0.528125 0.50859375 0.0375 0.078125
3 0.6578125 0.57734375 0.040625 0.0796875
0 0.61328125 0.7 0.0453125 0.1
9 0.30078125 0.13671875 0.034375 0.08125
11 0.3453125 0.45234375 0.0453125 0.0984375
9 0.3765625 0.19609375 0.0359375 0.0796875
11 0.3875 0.34375 0.04375 0.096875
6 0.5125 0.4078125 0.040625 0.1
7 0.4796875 0.24296875 0.046875 0.115625
3 0.41953125 0.61796875 0.0375 0.0765625
3 0.5734375 0.0796875 0.034375 0.0796875
9 0.43984375 0.32890625 0.021875 0.0359375
5 0.6453125 0.2046875 0.0453125 0.0953125
9 0.48359375 0.71953125 0.0390625 0.0828125
3 0.53671875 0.1625 0.034375 0.0765625
9 0.371875 0.175 0.0203125 0.034375
9 0.29453125 0.11640625 0.0203125 0.0359375
1 0.46796875 0.16015625 0.0453125 0.121875
3 0.5359375 0.14296875 0.0203125 0.034375
6 0.5109375 0.38203125 0.025 0.0453125
3 0.5265625 0.48984375 0.021875 0.0359375
3 0.65859375 0.55703125 0.021875 0.034375
9 0.478125 0.69765625 0.021875 0.0359375
3 0.6109375 0.67421875 0.0265625 0.046875
9 0.46015625 0.096875 0.021875 0.04375
3 0.54765625 0.28203125 0.028125 0.0453125
3 0.6484375 0.17890625 0.025 0.0375