8 0.6890625 0.840625 0.0390625 0.084375
10 0.62578125 0.8171875 0.0453125 0.10625
11 0.753125 0.8328125 0.0453125 0.0953125
6 0.55234375 0.8296875 0.0390625 0.09375
3 0.52578125 0.515625 0.03125 0.0796875
4 0.4203125 0.39609375 0.040625 0.1125
1 0.57421875 0.22890625 0.0390625 0.115625
2 0.41875 0.8375 0.0390625 0.0921875
0 0.33359375 0.83828125 0.0421875 0.0921875
5 0.271875 0.83203125 0.0453125 0.09375
7 0.46796875 0.24140625 0.0375 0.11875
9 0.35078125 0.17890625 0.028125 0.0796875
0 0.596875 0.98515625 0.021875 0.0203125
9 0.46796875 0.99140625 0.0234375 0.0171875