11 0.58984375 0.60625 0.0375 0.0921875
6 0.40859375 0.5921875 0.0390625 0.09375
0 0.4375 0.23984375 0.034375 0.0984375
3 0.396875 0.16796875 0.0296875 0.078125
4 0.5421875 0.334375 0.0390625 0.1109375
7 0.50234375 0.24296875 0.040625 0.1171875
3 0.3484375 0.58828125 0.034375 0.078125
9 0.67265625 0.1234375 0.0296875 0.08125
1 0.615625 0.09296875 0.0390625 0.1234375
3 0.5203125 0.6328125 0.0328125 0.0765625
11 0.6 0.42890625 0.0375 0.096875
5 0.475 0.596875 0.0375 0.09375
9 0.5109375 0.1125 0.028125 0.078125
9 0.65078125 0.52421875 0.0328125 0.078125
5 0.41328125 0.4015625 0.0375 0.09375
9 0.6015625 0.1859375 0.03125 0.08125
3 0.45390625 0.09765625 0.028125 0.0765625
3 0.54296875 0.41953125 0.03125 0.078125