9 0.4609375 0.18359375 0.0359375 0.0640625
9 0.653125 0.47109375 0.046875 0.0828125
9 0.52890625 0.42109375 0.0390625 0.0703125
9 0.49765625 0.3328125 0.04375 0.0828125
11 0.59765625 0.06328125 0.053125 0.1
11 0.7890625 0.64609375 0.059375 0.103125
7 0.68203125 0.35703125 0.0640625 0.121875
6 0.64765625 0.21328125 0.0546875 0.103125
10 0.571875 0.3828125 0.059375 0.115625
0 0.471875 0.72265625 0.05625 0.1046875
5 0.4984375 0.59375 0.0515625 0.0953125
2 0.315625 0.6484375 0.0578125 0.096875
3 0.478125 0.5125 0.0453125 0.08125
3 0.42578125 0.2703125 0.04375 0.0828125
3 0.58828125 0.6890625 0.0453125 0.0796875
1 0.284375 0.4609375 0.0703125 0.125
4 0.27578125 0.37890625 0.0625 0.1140625
0 0.265625 0.2859375 0.053125 0.103125
5 0.23125 0.13828125 0.053125 0.1
3 0.2765625 0.134375 0.04375 0.0828125
6 0.646875 0.66171875 0.053125 0.1015625
8 0.5984375 0.478125 0.0515625 0.0953125
8 0.52890625 0.23984375 0.0484375 0.090625
2 0.45859375 0.4109375 0.0515625 0.096875
3 0.34140625 0.19921875 0.0421875 0.0796875
3 0.4 0.4359375 0.0453125 0.0796875
9 0.56953125 0.15390625 0.040625 0.0796875
9 0.72109375 0.6890625 0.04375 0.06875
9 0.55078125 0.084375 0.040625 0.0796875