6 0.33984375 0.4703125 0.02890625 0.09296875
4 0.64765625 0.46875 0.0328125 0.1
7 0.54296875 0.4859375 0.0328125 0.10859375
10 0.55390625 0.75703125 0.0375 0.1046875
0 0.6609375 0.77109375 0.0375 0.1
5 0.70546875 0.55 0.034375 0.08671875
9 0.4640625 0.53203125 0.02578125 0.06875
6 0.4046875 0.425 0.02890625 0.090625
9 0.5359375 0.62421875 0.02890625 0.07421875
9 0.34609375 0.61875 0.02890625 0.07421875
3 0.52421875 0.41640625 0.025 0.0703125
2 0.58515625 0.421875 0.03046875 0.08828125
9 0.2734375 0.771875 0.03046875 0.078125
9 0.6125 0.925 0.03359375 0.08203125
9 0.41171875 0.93984375 0.03203125 0.08359375
3 0.40625 0.75234375 0.02890625 0.0734375
8 0.54609375 0.9390625 0.0375 0.10078125
8 0.55234375 0.83515625 0.03515625 0.08828125
3 0.2765625 0.9453125 0.03359375 0.0828125