8 0.73984375 0.80703125 0.05 0.0875
10 0.67421875 0.79375 0.0609375 0.109375
11 0.8015625 0.7890625 0.059375 0.1
6 0.603125 0.8171875 0.0515625 0.096875
3 0.528125 0.51171875 0.04375 0.0828125
4 0.4046875 0.41015625 0.05625 0.115625
1 0.53046875 0.2203125 0.05625 0.11875
2 0.47265625 0.84609375 0.0515625 0.0953125
0 0.3890625 0.86015625 0.0546875 0.0953125
5 0.3265625 0.86328125 0.059375 0.0984375
7 0.42734375 0.24921875 0.05625 0.121875
9 0.30234375 0.20625 0.040625 0.0828125
0 0.67109375 0.9640625 0.025 0.0234375
9 0.5453125 0.98984375 0.025 0.0203125