3 0.70859375 0.765625 0.0359375 0.08125
6 0.4703125 0.45078125 0.034375 0.090625
9 0.52109375 0.51015625 0.03125 0.0734375
7 0.378125 0.64765625 0.0453125 0.1171875
4 0.3578125 0.36015625 0.0390625 0.103125
10 0.3296875 0.515625 0.04375 0.1078125
9 0.41484375 0.44375 0.03125 0.0734375
3 0.534375 0.39375 0.0296875 0.0703125
9 0.23046875 0.73125 0.0453125 0.096875
3 0.48671875 0.31640625 0.028125 0.071875
9 0.50546875 0.68046875 0.034375 0.0796875
2 0.4234375 0.3203125 0.034375 0.090625
9 0.646875 0.47109375 0.0296875 0.0734375
9 0.37265625 0.81640625 0.0375 0.0828125
0 0.446875 0.571875 0.0375 0.090625
3 0.5890625 0.34375 0.0296875 0.0734375
0 0.50390625 0.8359375 0.0421875 0.103125
9 0.70390625 0.35078125 0.03125 0.071875
8 0.5734375 0.65859375 0.0375 0.0890625
8 0.57109375 0.83046875 0.0421875 0.1
3 0.64296875 0.6421875 0.0328125 0.0765625
3 0.63125 0.38984375 0.0296875 0.0703125
3 0.64921875 0.8609375 0.0359375 0.0828125