5 0.4488999546875 0.608469878125 0.4504782953125 0.621257546875 0.45583539375 0.6289119109375 0.46746679375 0.6303400671875 0.47863380624999996 0.61631869375 0.48118866718750003 0.5634582609375001 0.47597334375000006 0.5418281109375 0.46494810781250007 0.5418737015625 0.45894144375 0.5523307296875 0.45650087343749995 0.5786181312500001 0.4488999546875 0.608469878125
5 0.3714860671875 0.06582403125 0.363715884375 0.097054315625 0.3690020953125 0.11169657343749999 0.381578184375 0.11184140312499999 0.3902496546875 0.09891293281249999 0.3848375828125 0.06606407187499999 0.39037985937499997 0.0401575125 0.3832751578125 0.0210940171875 0.3719113953125 0.0238966796875 0.3685695375 0.031882265625 0.3668060203125 0.052655521875 0.3714860671875 0.06582403125
3 0.4531416765625 0.1444167203125 0.4539445890625 0.1571091796875 0.44709161093749994 0.1744588875 0.4467805703125 0.18981320937499999 0.45213766875 0.197467575 0.4606673625 0.1985148890625 0.46866178124999996 0.1911005640625 0.4705236734375 0.1759366640625 0.46557598906250003 0.1585373359375 0.468480946875 0.147699465625 0.46757965781250005 0.1293976515625 0.457668375 0.1267813796875 0.4531416765625 0.1444167203125
3 0.41621486093750004 0.43234039218750003 0.421571959375 0.43999475625000006 0.4325971953125 0.439949165625 0.44109940312499996 0.4283992328125 0.44184734218750005 0.41589719531249997 0.438226275 0.37487232656249997 0.43425076718750005 0.3687869203125 0.427878090625 0.3694037734375 0.4162582625 0.41275525156250004 0.41621486093750004 0.43234039218750003
3 0.5075705484374999 0.2588473234375 0.5007884578125 0.2692091421875 0.49996962968750003 0.288699071875 0.505326728125 0.2963534359375 0.519792196875 0.293931615625 0.5242205203125 0.27068691718750004 0.5201466375 0.2589921546875 0.523531896875 0.23142142968749999 0.5149038296875 0.2247647578125 0.5085586390625 0.237978859375 0.5075705484374999 0.2588473234375
3 0.462960353125 0.538831 0.476748771875 0.5419233218749999 0.4836292359375 0.5371708609375 0.48754977187500004 0.518061771875 0.48475910468750005 0.5023266109375 0.48601483281249996 0.4856889640625 0.48150405 0.4711419171875 0.4777961796875 0.4692873296875 0.4705771875 0.4767968640625 0.4605082125 0.5203387640625 0.462960353125 0.538831
3 0.5005931328125001 0.732359815625 0.5063871328125 0.7428664640625 0.51724310625 0.744199409375 0.5265207390625 0.7327446875 0.5285518953125 0.71620225 0.527863271875 0.6769367609375 0.5238877640624999 0.670851353125 0.5167396609375 0.6713729953125 0.5004672718750001 0.7141532109375001 0.5005931328125001 0.732359815625
3 0.4086906328125 0.1025765203125 0.412764515625 0.11427128281250001 0.424395915625 0.115699440625 0.43083947968749997 0.10809469375 0.43253210937500003 0.09430933281250001 0.4280213265625 0.0797622859375 0.43218201250000005 0.052286768750000004 0.4285450296875 0.0434442890625 0.42234161718749996 0.04268260625 0.4168427421875 0.0490040234375 0.4151067109375 0.0823745265625 0.4086906328125 0.1025765203125
2 0.49618218281250004 0.44775642031249996 0.5045151265625 0.4375850234375 0.5078454140625001 0.3848198015625 0.4958205140625 0.3609542234375 0.4840473375 0.37350184999999997 0.47693829218749995 0.43140037500000006 0.48360609375 0.44761159062500006 0.49618218281250004 0.44775642031249996
2 0.259007221875 0.54597304375 0.2559604875 0.5707866984375001 0.25872366874999997 0.5739246125 0.2585110046875 0.5948882890625 0.26777272343749997 0.6156159546875 0.2811242390625 0.6158559953125 0.28773706718750003 0.6068727125 0.292362140625 0.5948467265625 0.29344860625 0.57958761875 0.28937472343750004 0.5678928546875001 0.2882057984375 0.5453602203125001 0.2763776484375 0.532713353125 0.266903265625 0.5329493640625 0.259007221875 0.54597304375
0 0.348907546875 0.17919523125 0.3483129546875 0.22250112031249997 0.3436878796875 0.23452710625 0.3426997890625 0.255395571875 0.347887625 0.26442847187499996 0.3614084046875 0.26328997656249997 0.368965921875 0.25302336875 0.3703909140625 0.2350071875 0.3647661765625 0.223122003125 0.3645853421875 0.179720903125 0.35862208125 0.1705927921875 0.3538002578125 0.1714000671875 0.348907546875 0.17919523125
0 0.3768199890625 0.7339542140625 0.3833894140625 0.7445560718750001 0.3917498453125 0.7469819234374999 0.3994057375 0.7423246734375 0.40747104375000004 0.72792245625 0.40621965781249997 0.6675980796875 0.40032728281249996 0.6514820765625 0.39489929687499997 0.6508156031250001 0.3871725171875 0.662460746875 0.3757494375 0.7170309375 0.3768199890625 0.7339542140625
1 0.31305996875000003 0.33011813437500004 0.3051364390625 0.33054456718749997 0.2970711328125 0.34494678125 0.2980707953125 0.3688579515625 0.3045693328125 0.38644770156249997 0.2966024015625 0.4064592734375 0.29622047500000004 0.4288014875 0.3049469171875 0.4410675125 0.31674758125 0.4411171328125 0.3271391671875 0.4270005484375 0.3304535375 0.40641771406249994 0.32654891875000003 0.3933444140625 0.32007786718750003 0.3883519109375 0.32147537187499997 0.35773848125 0.31902323125 0.33924624531249997 0.31305996875000003 0.33011813437500004
4 0.3197321125 0.2693673265625 0.3243962453125 0.3147182234375 0.3180510546875 0.3279323234375 0.320770834375 0.35065537812500003 0.3245770796875 0.3581193234375 0.3405934015625 0.355887921875 0.34798165625 0.3469998515625 0.35035133749999997 0.3277003421875 0.34385279999999996 0.3101105921875 0.3420227375 0.260909715625 0.3357209484375 0.254538678125 0.32435718593749996 0.25734134062499997 0.3197321125 0.2693673265625
9 0.5666606671875 0.21992514531250001 0.5767412140625 0.22116288125 0.5837909421874999 0.21503188125 0.5861606234375001 0.1957323734375 0.58363759375 0.18422803125 0.5876290171874999 0.1581310515625 0.586149053125 0.1509527390625 0.5795087390625 0.147338771875 0.5735020750000001 0.15779579999999999 0.5621498828125 0.2053780984375 0.5666606671875 0.21992514531250001
9 0.6571801515625 0.3737701 0.661254034375 0.3854648625 0.6703898921875 0.387985925 0.6789904734375 0.38204534687499997 0.68233233125 0.3740597609375 0.68169868125 0.359988765625 0.6871425828125 0.32847285 0.684013390625 0.3154947609375 0.6778099765625 0.3147330765625 0.6740312187499999 0.31986638125 0.65836499375 0.36412034375 0.6571801515625 0.3737701
9 0.6740080749999999 0.23030711093749998 0.678759009375 0.2364877296875 0.68883955625 0.237725465625 0.6951138578125 0.23149925625 0.7027306921875 0.169465121875 0.6947087875 0.1642821984375 0.6884344859375 0.17050840625000002 0.6854586406250001 0.18833416875 0.673811325 0.21908840000000002 0.6740080749999999 0.23030711093749998
9 0.68627746875 0.16884423906249998 0.7028015812499999 0.1624772296875 0.709910625 0.10457870312499999 0.7084306609375 0.097400390625 0.7016210828125 0.0951649609375 0.693725040625 0.108188640625 0.6817666859375 0.1542971921875 0.68627746875 0.16884423906249998
9 0.54125530625 0.45888798125 0.550320275 0.468396934375 0.55918849375 0.46668717656250003 0.565801321875 0.4577038953125 0.5670570500000001 0.4410662484375 0.565593 0.40170554843749995 0.56239291875 0.3957153515625 0.5552448156249999 0.39623699375 0.5488996265625 0.4094510953125 0.54125530625 0.45888798125
9 0.641477753125 0.5593508609375 0.6526013640625 0.564914625 0.6634298515625 0.5536503234375 0.6698618453125 0.50126594375 0.66329241875 0.490664084375 0.6556365265624999 0.4953213359375 0.6397026640625 0.53534448125 0.6386161984375 0.5506035890625001 0.641477753125 0.5593508609375
9 0.6398791546875 0.6557076015625001 0.651002765625 0.6612713671875 0.661831253125 0.650007065625 0.6676570828124999 0.5961489375 0.6582535875 0.5893970562499999 0.64992064375 0.5995684546875 0.6376671640625 0.6288489390625001 0.6364114359374999 0.6454865843750001 0.6398791546875 0.6557076015625001
9 0.6247872640625001 0.7658000859375 0.6280857203125 0.7773996390625 0.640929446875 0.7817752890625 0.6508132437499999 0.7717943140625 0.6569776 0.7151791125 0.655497634375 0.7080008015625 0.649632746875 0.7044820453125 0.641032165625 0.7104226234375 0.6257044671875 0.7519195125 0.6247872640625001 0.7658000859375
11 0.6990748765625 0.7441364375 0.69636666875 0.7661930171875 0.7002712890625 0.7792663171875 0.7135519171875 0.78649425 0.726875946875 0.7741370421875 0.7278640390625 0.7532685765625 0.7317136859375 0.74114738125 0.7408220562500001 0.7310711953125 0.7432626265625 0.7047837953125 0.7337607562499999 0.6924225578125001 0.7222277312500001 0.6966037578125001 0.713048471875 0.7136678359374999 0.710749678125 0.725979453125 0.6990748765625 0.7441364375
11 0.7292369765625 0.15872649218749998 0.7348617125 0.1706116765625 0.7464931125 0.1720398328125 0.7540506296875 0.161773225 0.7556173984375001 0.129781259375 0.7647966578125 0.11271717968749999 0.768012653125 0.08652499062499999 0.7562828781250001 0.079487478125 0.7476114093749999 0.09241594843749999 0.7440568859375001 0.12136520937499999 0.73126813125 0.14218405625 0.7292369765625 0.15872649218749998
10 0.7104169546875 0.3761087984375 0.7102751796875 0.3900845828125 0.71788766875 0.405012471875 0.7252050359375 0.4031122921875 0.7389384796875 0.381010121875 0.73924951875 0.3656558 0.75474648125 0.322780375 0.7566083734375 0.307616475 0.7459925515625 0.2979170984375 0.735502590625 0.3064243296875 0.727972559375 0.329288184375 0.728338571875 0.33912835937499997 0.7104169546875 0.3761087984375
8 0.701503875 0.6730693999999999 0.7121905859375001 0.6757808828125 0.7236252359375 0.665990328125 0.7350049140625 0.6310052765624999 0.7373745953124999 0.6117057671875 0.7351900921875 0.597444353125 0.7287190406249999 0.59245185 0.7099670234375 0.604142584375 0.6992643984375 0.6336134890625 0.6957807640625 0.6555748609375 0.701503875 0.6730693999999999
8 0.6055260328125 0.30725704375 0.615268053125 0.31125185312500003 0.6273088671875 0.30293504531250004 0.6354884640625 0.261959796875 0.6363072921875 0.2424698671875 0.633953525 0.22958698906250002 0.6286948015625 0.2275419796875 0.61425681875 0.24256104843749998 0.602735365625 0.2915218828125 0.6055260328125 0.30725704375
6 0.69498219375 0.5659203796875001 0.6981113875 0.5788984687500001 0.708459571875 0.5843670234375 0.7225590296875 0.5721050265625001 0.7335177203125001 0.5020853062499999 0.730656165625 0.4933380359375 0.7244527515625 0.49257635312500003 0.71817845 0.4988025609375 0.6973518765625 0.5466208703125 0.69498219375 0.5659203796875001
6 0.7258155421875 0.3276240171875 0.7400567765625 0.3013862359375 0.74788193125 0.29535044843749997 0.7580767671875 0.2700151515625 0.76044645 0.2507156421875 0.7544831875 0.24158753125 0.7471658203125 0.2434877109375 0.7251544062499999 0.3009557734375 0.7233908875 0.321729028125 0.7258155421875 0.3276240171875
7 0.723201365625 0.4322519765625 0.706803115625 0.4568255875 0.7053781234375001 0.474841771875 0.7098889078124999 0.48938881875 0.7204063546875 0.4934788375 0.7302192640625 0.49048575312500003 0.736225928125 0.48002872500000004 0.73607258125 0.4492248734375 0.74704284375 0.42398478749999996 0.7525851203125 0.3980782296875 0.747298909375 0.383435971875 0.7395446437500001 0.38248386874999996 0.732494915625 0.388614865625 0.7256419359375 0.40596457656249996 0.723201365625 0.4322519765625