9 0.546875 0.34609375 0.03125 0.078125
0 0.575 0.0984375 0.0328125 0.103125
9 0.67265625 0.1234375 0.0296875 0.08125
5 0.3234375 0.7 0.04375 0.096875
7 0.50234375 0.2421875 0.0390625 0.11875
0 0.4015625 0.7078125 0.0390625 0.1
3 0.471875 0.5109375 0.0328125 0.0765625
11 0.725 0.115625 0.0390625 0.1
3 0.39765625 0.0859375 0.0296875 0.0796875
9 0.6015625 0.18828125 0.03125 0.08125
11 0.72578125 0.73046875 0.0484375 0.1
9 0.64921875 0.74921875 0.034375 0.065625
6 0.7265625 0.2765625 0.0375 0.1015625
9 0.65234375 0.521875 0.034375 0.078125
9 0.5109375 0.1125 0.028125 0.078125
3 0.34765625 0.5890625 0.034375 0.078125
6 0.48125 0.40859375 0.0359375 0.0984375
3 0.58828125 0.6109375 0.0328125 0.075
0 0.33359375 0.21640625 0.0390625 0.09375
3 0.440625 0.1671875 0.0296875 0.0765625
1 0.303125 0.3984375 0.0515625 0.1234375
0 0.321875 0.31796875 0.0453125 0.1109375