5 0.45854817968750006 0.6125107796875 0.46123503125000004 0.6251122265625 0.46723886718749996 0.6322705609375 0.47895047812499997 0.632679540625 0.488852953125 0.617738253125 0.4867910015625 0.5648563 0.4797103328125 0.543763003125 0.468731025 0.5447693328125001 0.4636586078125 0.555710084375 0.4635184234375 0.5821101640624999 0.45854817968750006 0.6125107796875
5 0.334134171875 0.0786769296875 0.32911545625 0.1104655890625 0.3356577078125 0.1245914046875 0.348198565625 0.12363960468749999 0.355710246875 0.1100045640625 0.347455803125 0.0777523953125 0.350719084375 0.05146137656250001 0.341979925 0.033089639062499995 0.3309036734375 0.0368720546875 0.328270521875 0.045118515625 0.3283242234375 0.065966421875 0.334134171875 0.0786769296875
3 0.42232886093750005 0.1498537953125 0.4242349390625 0.16242797656250002 0.418920165625 0.180308940625 0.41994852656250004 0.1956319421875 0.4259523625 0.202790278125 0.43454087656249996 0.203090196875 0.4418586734375 0.195007325 0.442391859375 0.1797388546875 0.43594655156249995 0.16283695468749998 0.437895871875 0.1517871421875 0.4354029046875 0.133633525 0.4253013125 0.1318910328125 0.42232886093750005 0.1498537953125
3 0.4106367640625 0.4399002125 0.4166406 0.44705854843750004 0.4276199078125 0.44605221874999995 0.43508311875 0.43380522031249996 0.43473858906249996 0.4212855703125 0.4275557484375 0.3807324109375 0.4230649890625 0.37501664843750004 0.416770325 0.37618657031249997 0.40897304375 0.4203858171875 0.4106367640625 0.4399002125
3 0.4865238984375 0.25910516562499997 0.4806707078125 0.2700186515625 0.4815536546875 0.2895057828125 0.487557490625 0.2966641171875 0.5017568390625 0.2929907640625 0.504142403125 0.26944856562499997 0.49906475625 0.2581533671875 0.5000341859375 0.2303925125 0.49085878281250006 0.22451315625 0.4856894234375 0.23822999375 0.4865238984375 0.25910516562499997
3 0.46648564531250003 0.541911453125 0.48049110781250004 0.54379026875 0.4869311859375 0.5384562203125001 0.4891713359375 0.51907815 0.48501987812499997 0.5036460890625001 0.48482076249999995 0.48696230937499996 0.479059284375 0.472863759375 0.4752038859375 0.471339390625 0.4686668640625 0.47944952656249995 0.46243113124999996 0.5237033046875 0.46648564531250003 0.541911453125
3 0.52084236875 0.731423921875 0.527530034375 0.7413856078125 0.538460871875 0.741767321875 0.54670485625 0.7295475890625001 0.5472865140625001 0.7128910734375 0.5431782984375 0.67383501875 0.538687540625 0.66811925625 0.5316121015624999 0.6692619125 0.5191301765625 0.71329756875 0.52084236875 0.731423921875
3 0.37440035312500003 0.11204697187499998 0.379478 0.123342171875 0.39118961093750004 0.12375115 0.39694585937500004 0.11561374843750001 0.3974305734375 0.10173332187499999 0.39166909687499996 0.08763477187499999 0.3934193015625 0.05990117968749999 0.3890254859375 0.0514093328125 0.38277929374999997 0.051191210937499995 0.37785229062500003 0.057967832812499995 0.379031296875 0.0913626546875 0.37440035312500003 0.11204697187499998
2 0.49164338281250003 0.44828796718749997 0.499058121875 0.4374290125 0.49777694375000003 0.3845743234375 0.48371778125000003 0.3618476 0.4730830015625 0.3753735796875 0.47104719843750004 0.433671378125 0.47910252656249996 0.44923976718749997 0.49164338281250003 0.44828796718749997
2 0.2639310875 0.5668020078125 0.26305860000000003 0.591786778125 0.266084753125 0.594671925 0.2677000015625 0.6155743625000001 0.2787330125 0.6354159421875 0.2920546421875 0.6344914078125 0.2978593625 0.6249659624999999 0.3014187015625 0.6125826390625 0.3011711140625 0.597286903125 0.29609346875 0.5859917046875001 0.2929651421875 0.5636466921875 0.2800797546875 0.552078840625 0.2706619953125 0.5531397015625 0.2639310875 0.5668020078125
0 0.3215225203125 0.19358456562499998 0.3247045484375 0.23677748593749998 0.3211452078125 0.24916080937500001 0.3219796828125 0.27003598125 0.327935046875 0.278582359375 0.34130515 0.2762697828125 0.3479391140625 0.2653835625 0.3477884703125 0.24731174218750002 0.341149275 0.2359620125 0.33718647343749997 0.19274182812500001 0.3304503359375 0.184168184375 0.3257172203125 0.1853926359375 0.3215225203125 0.19358456562499998
0 0.39767917812500003 0.7437997921874999 0.40514761874999994 0.7537887453125001 0.4136876625 0.7554767046875 0.420908515625 0.750169921875 0.4276878953125 0.735119571875 0.4211836546875 0.6751338140625001 0.41390910156249994 0.659592690625 0.4084436828125 0.659401834375 0.40176124687500003 0.671676096875 0.39513774062499996 0.72703421875 0.39767917812500003 0.7437997921874999
1 0.2989651515625 0.347057484375 0.2911089390625 0.348172875 0.28432955937500004 0.363223221875 0.2874094140625 0.3869562765625 0.295416271875 0.40391270781250005 0.2892237796875 0.42454249375 0.29079055781249996 0.44683297499999997 0.3005528484375 0.458291765625 0.31231293125000004 0.45731270156250003 0.3214346328125 0.442344146875 0.3229424796875 0.4215507703125 0.3179133046875 0.40886752812499993 0.31103175312500003 0.4044580125 0.3097558046875 0.3738392765625 0.3057012890625 0.3556311265625 0.2989651515625 0.347057484375
4 0.30031712499999996 0.285956334375 0.3089160984375 0.3307281515625 0.3037467390625 0.3444449890625 0.3084366140625 0.3668445296875 0.31287889999999996 0.3739483375 0.328639796875 0.3703295125 0.335225290625 0.360831334375 0.3359038921875 0.341398734375 0.327897034375 0.3244423046875 0.32178579687500003 0.2755881515625 0.3149527171875 0.2697905953125 0.3038764640625 0.27357301093749997 0.30031712499999996 0.285956334375
9 0.541996871875 0.2151810546875 0.552146934375 0.215535503125 0.558635484375 0.20881340937499998 0.5593140859375 0.1893808109375 0.5557979875 0.17814014218750002 0.5574997203125001 0.15179459374999998 0.55539975625 0.144772584375 0.5484697328125 0.1417511125 0.543397315625 0.1526918625 0.53623539375 0.2010825046875 0.541996871875 0.2151810546875
9 0.6455803734375001 0.3605512890625 0.6506580203125 0.3718464890625 0.6599788375 0.3735617140625 0.6680289359375 0.3668941515625 0.6706620875 0.358647690625 0.6688044796875 0.34468546718750004 0.6714808734375 0.3128150125 0.667232471875 0.30015903593750004 0.6609862796875 0.2999409140625 0.657669296875 0.305384025 0.6459196734375 0.3508349890625 0.6455803734375001 0.3605512890625
9 0.6498406375 0.21616757031249997 0.6551121703125 0.2219106 0.6652622328125 0.22226504687499998 0.6709700093750001 0.2155156890625 0.673151228125 0.1530537625 0.664708128125 0.1485897171875 0.6590003515625 0.1553390734375 0.657589446875 0.173356365625 0.6486668625 0.2050086984375 0.6498406375 0.21616757031249997
9 0.6567065015625 0.1538692359375 0.6726128109375 0.146086284375 0.674648615625 0.087788484375 0.6725486515625 0.080766475 0.66557015625 0.07913304531250001 0.6588392484375001 0.09279535156249999 0.6509450234374999 0.1397706859375 0.6567065015625 0.1538692359375
9 0.5375151687499999 0.45544878750000006 0.5473744015625 0.4641314921875 0.556059859375 0.461655325 0.5618645796874999 0.45212988125000003 0.5616654640625 0.43544610156249997 0.5567764734375 0.39636278125 0.5530664890625 0.390674284375 0.5459910515625 0.391816940625 0.540821690625 0.405533778125 0.5375151687499999 0.45544878750000006
9 0.64611215625 0.5467944140625 0.657678353125 0.5513675203124999 0.6674838859375 0.5392023171875 0.669325803125 0.486456690625 0.6618573624999999 0.4764677375 0.6546365109375001 0.4817745234375 0.642251528125 0.5230340953125 0.642499115625 0.5383298296875 0.64611215625 0.5467944140625
9 0.652917684375 0.642923815625 0.66448388125 0.6474969234375 0.6742894140625 0.6353317203125 0.675399028125 0.581170784375 0.6654428515624999 0.5752641656249999 0.6580281125 0.586123121875 0.648373225 0.6163601453124999 0.648572340625 0.6330439250000001 0.652917684375 0.642923815625
9 0.6474784140625001 0.753912709375 0.6517752859375 0.7651806437500001 0.664951503125 0.7684202390625 0.673927790625 0.7576158140625 0.6751343484375 0.7006787921875001 0.673034384375 0.6936567828125 0.666885134375 0.690662575 0.6588350359375 0.6973301375000001 0.6471823546875 0.7400050171875 0.6474784140625001 0.753912709375
11 0.7195952296875 0.7258569046875001 0.718819684375 0.748065590625 0.723848859375 0.76074883125 0.7377089078125 0.7667917765625 0.749905234375 0.7533203265624999 0.7490707578125 0.7324451546875 0.751849325 0.7200345640625 0.7600448375 0.709202875 0.760185021875 0.6828027953125 0.7496419578125 0.671316740625 0.7385172343749999 0.6764871984374999 0.7308601375 0.6942863671875 0.72964311875 0.7067514874999999 0.7195952296875 0.7258569046875001
11 0.6986207140625 0.140045821875 0.7052599093749999 0.1513955515625 0.7169715203125 0.1518045296875 0.7236054843749999 0.140918309375 0.7223780078125001 0.1089115296875 0.7300351046875 0.091112359375 0.7309560625 0.06473954531250001 0.7186575640624999 0.05875113125 0.71114588125 0.072386171875 0.7101279796875 0.1015350703125 0.699202371875 0.12338930937499999 0.6986207140625 0.140045821875
10 0.698818425 0.358241196875 0.6998952593750001 0.3721761546875 0.7087798328125 0.386383765625 0.7159037421875001 0.3838530671875 0.7276585953125 0.360638053125 0.726630234375 0.3453150515625 0.7383313859375 0.30125212968750004 0.738864571875 0.2859836578125 0.727443790625 0.27724642187500004 0.7177352 0.28663554062499996 0.712226540625 0.3100686765625 0.7134487875 0.31983950625 0.698818425 0.358241196875
8 0.715821084375 0.6548485984375 0.72670345 0.6566183546875 0.737241284375 0.6458684609375 0.7455285109374999 0.610024734375 0.7462071124999999 0.590592134375 0.7427879578125001 0.57657538125 0.7359064046875 0.5721658656249999 0.7182446609375 0.5854464593750001 0.7101513203125001 0.6157380125 0.7085950015625 0.637919434375 0.715821084375 0.6548485984375
8 0.58832581875 0.29879328906249997 0.5983789390625 0.3019238234375 0.6096490765625 0.2925892375 0.61422631875 0.25105701406250003 0.613343371875 0.23156988437499998 0.6098757453125 0.21894117343750003 0.6044587984375001 0.21736227343749998 0.5913847546875 0.23358254375 0.5841743609375001 0.28336122812500003 0.58832581875 0.29879328906249997
6 0.6999855671875 0.5486757140625 0.70423396875 0.5613316921875 0.715019390625 0.5658775328125001 0.7279964921875 0.552433346875 0.7328108624999999 0.48172496093749995 0.7291978203125 0.473260378125 0.7229516281249999 0.47304225625 0.7172438515625 0.4797916125 0.70066416875 0.5292431140625 0.6999855671875 0.5486757140625
6 0.7099326890625 0.3085988375 0.7218329578125 0.28121969375 0.72910228125 0.27452486875000004 0.7370502078125 0.2483974421875 0.737728809375 0.228964840625 0.7309926703125 0.2203911984375 0.7238687609375 0.22292189687500003 0.706949778125 0.2820896984375 0.7070034796875 0.3029376046875 0.7099326890625 0.3085988375
7 0.7164473890624999 0.413056496875 0.7022532703125 0.43896579999999996 0.7024039140625 0.4570376234375 0.7081653921875 0.4711361734375 0.7189992859375 0.474293971875 0.7285139890625 0.4704570265625 0.7335864062499999 0.45951627500000003 0.730748909375 0.42884300625 0.739477609375 0.40274284531250004 0.742740890625 0.3764518296875 0.7361986390624999 0.3623260140625 0.7283908984374999 0.36205336093749996 0.721902346875 0.368775453125 0.7165875734375 0.38665641875 0.7164473890624999 0.413056496875