9 0.51953125 0.515625 0.04375 0.0765625
7 0.3546875 0.62421875 0.0671875 0.121875
5 0.43515625 0.559375 0.053125 0.0953125
9 0.653125 0.4953125 0.04375 0.078125
2 0.46015625 0.30703125 0.0515625 0.0953125
10 0.33203125 0.48359375 0.0640625 0.1125
3 0.66171875 0.41953125 0.04375 0.075
9 0.31640625 0.7859375 0.0515625 0.0875
6 0.48046875 0.446875 0.0515625 0.0953125
3 0.5734375 0.690625 0.0453125 0.078125
8 0.51015625 0.83671875 0.059375 0.10625
8 0.69296875 0.6265625 0.053125 0.090625
3 0.5546875 0.40078125 0.0421875 0.075