3 0.6682364890625 0.139348603125 0.67113824375 0.1467691109375 0.6833232984375 0.149884146875 0.6910588421875 0.13975100000000001 0.69028334375 0.117201396875 0.69724385 0.09012886718749999 0.6933746890625 0.0783647859375 0.686218571875 0.07876159687499999 0.682157503125 0.08520354375 0.679451359375 0.10445875468750002 0.6682364890625 0.139348603125
3 0.6678522124999999 0.1701504390625 0.6663063078125 0.1867636375 0.6568306374999999 0.20366491562500003 0.6541240312500001 0.217309909375 0.6560588421875 0.22599705937499998 0.6680506015625001 0.2304874671875 0.6744326093749999 0.224371709375 0.6786865109375 0.2109441734375 0.6759775890624999 0.1965380765625 0.6829380953124999 0.1694655453125 0.681003284375 0.1607783953125 0.6750074046875 0.1585331921875 0.6678522124999999 0.1701504390625
3 0.655291678125 0.30443138593749997 0.663027684375 0.29990845781250003 0.6668949937499999 0.28923166718750004 0.6713403375 0.2519878859375 0.6697916546875 0.234939771875 0.660894946875 0.2364944984375 0.6450386578125 0.276342190625 0.6425253468750001 0.2886118125 0.6456208609375 0.3002671640625 0.655291678125 0.30443138593749997
3 0.632088753125 0.37971257187499996 0.6357641546874999 0.3872418078125 0.6454349734375 0.3914060296875 0.6523973328125 0.38677437187499997 0.658391359375 0.36657870312499996 0.6566493796875 0.35090596406249996 0.661676465625 0.3319769375 0.6599349484375 0.321914415625 0.653165421875 0.31956048125000003 0.6475570609375 0.32578496874999996 0.6344083046875 0.36320810468750003 0.632088753125 0.37971257187499996
3 0.6531779249999999 0.471036375 0.6587858234375 0.45920166875 0.6645837765625 0.4067200625 0.653946015625 0.403822484375 0.635768784375 0.443343990625 0.633062178125 0.456988984375 0.6361576921875 0.46864433749999995 0.6440879203125001 0.47396647343750004 0.6531779249999999 0.471036375
3 0.62726885625 0.5655727734375 0.6377133203125 0.5698457234375 0.644482384375 0.5665894375 0.6526040562500001 0.5480953296875 0.656275290625 0.5051326 0.6524065921875 0.4989787375 0.645250475 0.4993755484375 0.635388675 0.524637790625 0.62649289375 0.5374129515625 0.6241733421875 0.5539174203125 0.62726885625 0.5655727734375
3 0.6195402578125 0.65985919375 0.632498496875 0.657472740625 0.6386867453125 0.6471221359375 0.6448722171875 0.6031102203125001 0.6437110515625 0.5945318 0.6328799953125 0.5930095953125 0.6160558375 0.6229034953125 0.6116091031249999 0.643316621875 0.613543915625 0.6520037703125 0.6195402578125 0.65985919375
3 0.6110384765625 0.7596471046875 0.6201284796875 0.7567170046875 0.6284434484375 0.7368475234375 0.6319209234375001 0.6896499484375 0.6278589296875 0.6848714578124999 0.6197358687500001 0.6865349140625 0.601751934375 0.7246810453125 0.5992390875 0.7425608859375 0.6031082484375 0.7543249671875001 0.6110384765625 0.7596471046875
11 0.348525159375 0.07337803125 0.34388559375 0.10077675 0.35123639687499997 0.1158352203125 0.35839297812500004 0.1210486265625 0.36748205624999997 0.10689809374999999 0.3634168203125 0.0628480734375 0.36592920625 0.039358015625 0.3618667484375 0.02896930625 0.3481348640625 0.0312470296875 0.34426894375 0.058754476562500005 0.348525159375 0.07337803125
11 0.2077709625 0.6538827109375001 0.213962453125 0.6828036328125 0.21028982968749999 0.7089357078125 0.2203481671875 0.7215696203124999 0.2342733484375 0.7179165249999999 0.24123524375 0.7076746484374999 0.24432797968750003 0.685668690625 0.23697625000000003 0.6593897828124999 0.23445969843749997 0.6323878781250001 0.22285453125000002 0.625146725 0.2124109921875 0.6320942109375001 0.2077709625 0.6538827109375001
5 0.744630071875 0.10099618125000001 0.746948696875 0.07327127812499999 0.736697528125 0.0676229546875 0.7295418734375 0.07362998281250001 0.7249009171874999 0.0841980453125 0.7241291234375 0.10653019062499999 0.7150405078125 0.12629094375 0.711947771875 0.1482969 0.7187177609375001 0.156261053125 0.744630071875 0.10099618125000001
5 0.6626762828125 0.729035790625 0.6593897890625 0.7468069015625 0.6642263546875 0.7629145578125 0.6690619953125 0.7678017781250001 0.685114821875 0.7658502406250001 0.690336128125 0.7567662796875 0.693041809375 0.7319008484375 0.701356778125 0.7120313656249999 0.7025151640625 0.6869484765625 0.6868484671874999 0.6805390515624999 0.676405853125 0.6987069734375 0.671572065625 0.716260628125 0.6626762828125 0.729035790625
8 0.241226446875 0.6010805015625 0.2474165484375 0.6131707703125 0.26250243125 0.612485875 0.2696576234375 0.600868628125 0.272170934375 0.5885990062500001 0.2702333453125 0.546250546875 0.256693365625 0.5303222437499999 0.2522447796875 0.5282944984375 0.24663641875 0.534518984375 0.2390960234375 0.5657176328125 0.241226446875 0.6010805015625
8 0.3367368828125 0.190937053125 0.3508558234375 0.191518803125 0.3591703296875 0.166039103125 0.3553002421875 0.14305458437500002 0.3564590921875 0.1235819140625 0.3434990015625 0.10352749531250001 0.336343809375 0.1151447421875 0.3322832046875 0.12719690625 0.331320428125 0.17895551406250002 0.3367368828125 0.190937053125
2 0.7040231 0.21029738281250002 0.7111806078125 0.22673122656250003 0.728780265625 0.2193869296875 0.73283994375 0.1961143296875 0.7427017421875 0.1708520875 0.7434735375 0.14851994375 0.740765078125 0.1397240640625 0.733608496875 0.1345106578125 0.7206521109375 0.1593379828125 0.718912446875 0.171716334375 0.7071167625 0.1995118625 0.7040231 0.21029738281250002
2 0.6897442015624999 0.615026721875 0.679494884375 0.631819271875 0.6760150953124999 0.6509657546875001 0.679690959375 0.664105209375 0.6866542453125 0.6706939890625 0.69787189375 0.66946545 0.7058007328125 0.6579569296875001 0.7168223078125 0.6244424546875 0.718754340625 0.5994682953125 0.7160458828125 0.5906724156250001 0.710050003125 0.5884272109375 0.7009604625 0.596967528125 0.69380434375 0.5973643390625 0.6897442015624999 0.615026721875
0 0.69049145625 0.295353009375 0.6964882609374999 0.30881865 0.706352375 0.3116074984375 0.7156352125 0.3016918109375 0.7193069109375 0.2643393 0.7272348234375 0.24161034531249997 0.7274267296875 0.22340431718749998 0.72239779375 0.21989247031249998 0.712921196875 0.22557331249999998 0.7063482078125001 0.261115534375 0.6937779500000001 0.2775818984375 0.69049145625 0.295353009375
0 0.6908961062500001 0.5114007765624999 0.678132553125 0.5292425125 0.674459003125 0.54415415 0.677941571875 0.558668975 0.6918676796875001 0.566236315625 0.7007639250000001 0.5590713734375 0.7054048796875 0.548503309375 0.7061762125 0.5205609484375 0.71255729375 0.5032247515625 0.71429603125 0.4796259640625 0.7110076859375 0.4749562015625 0.7007574421875 0.4805283171875 0.6939893046875001 0.4950050390625 0.6908961062500001 0.5114007765624999
4 0.7144754375 0.30994404375 0.7073211703125 0.3327817296875 0.7065489125 0.3495036546875 0.6903041796875 0.36966121875 0.686437334375 0.385948228125 0.6893395515625 0.398978953125 0.697656834375 0.4071605640625 0.7098414265625 0.40466538124999996 0.7195099296875 0.38077851093750004 0.7187344312499999 0.358228909375 0.726856565625 0.34534501875 0.732657296875 0.3265247203125 0.73401036875 0.316897115625 0.7311086140625 0.309476609375 0.721437796875 0.3053123875 0.7144754375 0.30994404375
10 0.3232033875 0.25355180625 0.31411199375 0.23965125 0.30173456875000004 0.249132021875 0.299801609375 0.26288574531250003 0.3044467328125 0.3028096453125 0.30019329375 0.3218474015625 0.3058030453125 0.33245356875 0.3087057265625 0.3510945125 0.316635490625 0.35080642968750003 0.3239844421875 0.34342402656250004 0.3290115265625 0.3244950015625 0.328236953125 0.31316583593749997 0.3199187453125 0.2937637890625 0.324365478125 0.2733506625 0.3232033875 0.25355180625
6 0.3123700140625 0.22397850937500002 0.327460065625 0.2737855796875 0.33287466875 0.2633262453125 0.3350009234375 0.24819715000000003 0.32919741406249997 0.2333561359375 0.3311299109375 0.2139921953125 0.3288071171875 0.19122513593749998 0.3257120671875 0.1851800015625 0.314301121875 0.18778391249999998 0.311014628125 0.2055550234375 0.3123700140625 0.22397850937500002
6 0.275446315625 0.4361826578125 0.2702264 0.462097271875 0.2723554328125 0.4806294875 0.2659752765625 0.50918611875 0.2717787859375 0.5240271328125 0.283963840625 0.5271421671875001 0.29247303125 0.5171177499999999 0.2969193015625 0.4910944046875 0.290535440625 0.4747692921875 0.2922751046875 0.462390940625 0.289759015625 0.4409992515625 0.2837626734375 0.4331438296875 0.275446315625 0.4361826578125
7 0.2938108234375 0.3223529421875 0.28220750781250004 0.3375526609375 0.28143617656250003 0.3654950234375 0.2864665015625 0.3858375265625 0.2773792765625 0.42242893437499995 0.280087734375 0.4312248125 0.2887916109375 0.436655678125 0.3009762015625 0.43416049531249995 0.31122459375 0.40614750781250003 0.310062965625 0.39195886875 0.3013581640625 0.37530756875 0.3058053609375 0.360504659375 0.30483610156249996 0.33372021093750004 0.2938108234375 0.3223529421875
9 0.330581971875 0.605223371875 0.3332885796875 0.591578378125 0.328837215625 0.5558893234375 0.3218734671875 0.543690325 0.312010278125 0.5521219125 0.312715996875 0.5915594875 0.3124024265625 0.6166937875 0.3236200765625 0.6154652484375001 0.330581971875 0.605223371875
1 0.7334360375 0.38834585 0.72627945625 0.3831324453125 0.717769803125 0.38754664375000003 0.7084878921875 0.40868277031250005 0.706748690625 0.4266713375 0.701914440625 0.4386147734375 0.6891504234375 0.45084629062500003 0.685283578125 0.4671333 0.6889599046875 0.485882971875 0.6961164859375 0.49109637968750003 0.700564146875 0.48190368906250003 0.7110076859375 0.4749562015625 0.7142964953125001 0.48523618281249997 0.720870409375 0.4609143984375 0.718161025 0.44089808125 0.7289906937499999 0.4255896328125 0.7353717750000001 0.4082534375 0.736724846875 0.39862583125 0.7334360375 0.38834585
9 0.3089249515625 0.6638913609375 0.2994474296875 0.6583517671875 0.29171188593749997 0.6684849140625 0.28417334375 0.722124434375 0.2917174421875 0.7358075328125 0.3029350921875 0.73457899375 0.31299065000000004 0.7135515984375 0.3089249515625 0.6638913609375
9 0.3344432609375 0.5216137421875 0.34624126093749996 0.5218693062499999 0.3532031578125 0.5116274296875 0.356102596875 0.4909968453125 0.34952358906250003 0.45360622968750003 0.3414000640625 0.4496594671875 0.3384992359375 0.45345939687500003 0.33501851875 0.46138544374999996 0.328253159375 0.5095234750000001 0.3344432609375 0.5216137421875
9 0.370793090625 0.38646855 0.365956525 0.37036089375 0.3560928734375 0.3731822609375 0.34546020624999996 0.431997084375 0.351263253125 0.44122787968750005 0.360547015625 0.44253262656250003 0.3694427984375 0.42975746406250004 0.370793090625 0.38646855
9 0.36324343593749997 0.30546283125 0.35705611249999997 0.327033871875 0.35705703906249997 0.338254309375 0.364407378125 0.3477025625 0.374658084375 0.34774066718749996 0.38084633437500004 0.33739006250000003 0.3823927015625 0.3263870828125 0.38006805625 0.28117915 0.3763926546875 0.27364991562499996 0.37097712656250004 0.2728888125 0.363821934375 0.28450606093749997 0.36324343593749997 0.30546283125
9 0.3994036734375 0.2165747546875 0.3920533328125 0.20712650312499997 0.38431779062500004 0.21725965 0.37639219218750003 0.268039696875 0.3812282953125 0.278537134375 0.3937999421875 0.27890142500000004 0.40114843125000005 0.2659088046875 0.3994036734375 0.2165747546875
9 0.394760403125 0.199091728125 0.4021093546875 0.19170932499999999 0.40481596093750005 0.1780643296875 0.40287837031249996 0.135715871875 0.3982355625 0.1238430609375 0.392820034375 0.1230819578125 0.38972590937499996 0.12825725937500002 0.381027128125 0.18453879687500002 0.3848962890625 0.196302878125 0.394760403125 0.199091728125
9 0.3997777640625 0.06234811875 0.3914660359375 0.12148912812499998 0.40674614218749994 0.1306492984375 0.415448165625 0.113639290625 0.413703871875 0.0699154578125 0.40925435937500004 0.056667274999999996 0.3997777640625 0.06234811875