9 0.653125 0.51328125 0.0296875 0.078125
11 0.64921875 0.4328125 0.034375 0.0953125
7 0.4890625 0.2421875 0.034375 0.115625
5 0.33359375 0.70859375 0.0390625 0.0953125
4 0.4296875 0.31953125 0.0359375 0.109375
1 0.29765625 0.4078125 0.0453125 0.1203125
6 0.54765625 0.51796875 0.03125 0.0953125
9 0.5390625 0.34375 0.028125 0.0765625
9 0.65390625 0.11484375 0.025 0.0796875
0 0.41171875 0.71328125 0.034375 0.096875
3 0.4734375 0.5109375 0.028125 0.075
0 0.55390625 0.09609375 0.028125 0.103125
11 0.59375 0.33046875 0.0328125 0.0953125
9 0.490625 0.1125 0.025 0.078125
3 0.3515625 0.59453125 0.03125 0.0765625
6 0.4765625 0.41015625 0.0296875 0.0953125
9 0.58515625 0.184375 0.0265625 0.078125
3 0.37578125 0.0921875 0.025 0.078125
3 0.59375 0.60625 0.0296875 0.0734375
9 0.54375 0.71484375 0.0296875 0.0796875
3 0.42265625 0.1703125 0.025 0.075
5 0.31875 0.225 0.0359375 0.0921875