10 0.55078125 0.58671875 0.0390625 0.1046875
5 0.70625 0.45546875 0.034375 0.0875
9 0.46171875 0.5015625 0.028125 0.0734375
9 0.35546875 0.46015625 0.0265625 0.0734375
9 0.58828125 0.45078125 0.028125 0.0703125
6 0.4140625 0.66328125 0.034375 0.0984375
7 0.6921875 0.80859375 0.0453125 0.121875
5 0.65078125 0.37109375 0.0359375 0.1015625
3 0.47265625 0.390625 0.0265625 0.0703125
5 0.6640625 0.59921875 0.0375 0.1
9 0.75234375 0.75078125 0.040625 0.09375
8 0.5390625 0.8375 0.0390625 0.096875
3 0.52578125 0.31796875 0.0265625 0.0703125
8 0.54765625 0.73671875 0.0359375 0.0859375
9 0.3078125 0.3359375 0.028125 0.0703125
9 0.60546875 0.82421875 0.034375 0.08125
2 0.5890625 0.32578125 0.0328125 0.090625
9 0.40625 0.834375 0.034375 0.08125
3 0.27265625 0.8375 0.034375 0.0796875