11 0.6171875 0.43671875 0.05 0.096875
5 0.7046875 0.13359375 0.0484375 0.0984375
7 0.61875 0.334375 0.0578125 0.121875
10 0.453125 0.29453125 0.05625 0.1140625
0 0.63359375 0.2671875 0.046875 0.0953125
6 0.70078125 0.27578125 0.05 0.1
9 0.415625 0.68828125 0.0453125 0.08125
2 0.4875 0.425 0.05 0.0953125
1 0.65703125 0.175 0.05625 0.1203125
5 0.4703125 0.48828125 0.0515625 0.0984375
8 0.2546875 0.80234375 0.053125 0.0890625
8 0.34140625 0.31015625 0.05 0.090625
9 0.37734375 0.3984375 0.0453125 0.08125
9 0.3203125 0.5765625 0.0453125 0.0828125
3 0.61640625 0.71875 0.046875 0.08125
4 0.490625 0.15703125 0.0546875 0.115625
6 0.7 0.54453125 0.05625 0.1015625
0 0.509375 0.615625 0.0515625 0.096875
3 0.56171875 0.628125 0.04375 0.0796875
3 0.7546875 0.28046875 0.0453125 0.08125
2 0.5234375 0.8453125 0.053125 0.09375
2 0.3203125 0.9609375 0.0265625 0.0234375