11 0.403125 0.6 0.03203125 0.08984375
6 0.584375 0.5984375 0.03203125 0.09140625
0 0.58046875 0.24453125 0.028125 0.096875
3 0.62578125 0.17578125 0.025 0.0765625
4 0.46953125 0.33203125 0.03125 0.109375
7 0.515625 0.24375 0.03203125 0.115625
3 0.6453125 0.5984375 0.02890625 0.07578125
9 0.35390625 0.1125 0.02421875 0.08046875
1 0.41328125 0.0859375 0.03046875 0.121875
3 0.4703125 0.63125 0.02734375 0.075
11 0.40546875 0.421875 0.03125 0.0953125
5 0.51796875 0.5984375 0.03125 0.0921875
9 0.51640625 0.1125 0.02265625 0.0765625
9 0.34765625 0.51328125 0.028125 0.07578125
5 0.59375 0.4078125 0.03046875 0.0921875
9 0.4203125 0.1796875 0.025 0.0796875
3 0.57421875 0.1015625 0.0234375 0.075
3 0.4625 0.41640625 0.02578125 0.0765625