1 0.40625 0.0875 0.03125 0.1203125
5 0.51953125 0.5984375 0.0328125 0.0921875
11 0.35078125 0.43359375 0.034375 0.096875
9 0.346875 0.5140625 0.0296875 0.0765625
7 0.51171875 0.24375 0.034375 0.1140625
4 0.57109375 0.31953125 0.0359375 0.1078125
6 0.5234375 0.41015625 0.03125 0.0984375
9 0.34609375 0.11484375 0.025 0.08125
11 0.40625 0.33125 0.03125 0.0921875
3 0.4609375 0.4171875 0.0265625 0.0765625
3 0.40546875 0.60625 0.028125 0.0734375
9 0.41484375 0.18203125 0.0265625 0.08125
3 0.646875 0.59609375 0.03125 0.0765625
3 0.56640625 0.0984375 0.0234375 0.075
9 0.50859375 0.11328125 0.0234375 0.078125
0 0.4453125 0.096875 0.0265625 0.1
5 0.7046875 0.4 0.0375 0.0921875
3 0.51875 0.178125 0.021875 0.078125