6 0.340625 0.46484375 0.0328125 0.09375
4 0.6484375 0.47421875 0.0359375 0.1015625
7 0.54375 0.4875 0.0359375 0.109375
10 0.54453125 0.75859375 0.040625 0.10625
0 0.6515625 0.7765625 0.040625 0.1015625
5 0.70390625 0.55703125 0.0375 0.0875
9 0.46328125 0.53046875 0.028125 0.0703125
6 0.40703125 0.421875 0.0328125 0.0921875
9 0.53125 0.62578125 0.03125 0.075
9 0.3421875 0.61328125 0.03125 0.075
3 0.52734375 0.4171875 0.028125 0.071875
2 0.5875 0.425 0.0328125 0.0890625
9 0.2640625 0.7640625 0.0328125 0.0796875
9 0.59765625 0.92890625 0.0359375 0.0828125
9 0.39609375 0.93671875 0.034375 0.084375
3 0.39765625 0.74921875 0.03125 0.075
8 0.53046875 0.940625 0.040625 0.1015625
8 0.540625 0.83671875 0.0375 0.0890625
3 0.2609375 0.9375 0.0359375 0.084375