9 0.47265625 0.1828125 0.025 0.0609375
9 0.34453125 0.503125 0.03125 0.0796875
9 0.45546875 0.42890625 0.0265625 0.0671875
9 0.4671875 0.3359375 0.028125 0.0796875
11 0.3140625 0.09296875 0.034375 0.096875
11 0.24765625 0.703125 0.040625 0.0984375
7 0.2921875 0.3984375 0.0421875 0.1171875
6 0.29609375 0.25078125 0.034375 0.1
10 0.40546875 0.40078125 0.0359375 0.1125
0 0.57421875 0.71171875 0.0375 0.1015625
5 0.52109375 0.59140625 0.0328125 0.090625
2 0.7109375 0.60703125 0.040625 0.090625
3 0.52421875 0.5078125 0.0296875 0.078125
3 0.525 0.26015625 0.028125 0.0796875
3 0.453125 0.703125 0.03125 0.0765625
1 0.703125 0.4171875 0.046875 0.1203125
4 0.69453125 0.33515625 0.040625 0.109375
0 0.68515625 0.2421875 0.034375 0.1
5 0.6875 0.08984375 0.034375 0.096875
3 0.6421875 0.09609375 0.028125 0.0796875
6 0.38984375 0.68828125 0.034375 0.0984375
8 0.39921875 0.4984375 0.0328125 0.090625
8 0.41796875 0.2515625 0.03125 0.0875
2 0.521875 0.4046875 0.0328125 0.09375
3 0.59296875 0.17265625 0.028125 0.0765625
3 0.584375 0.4171875 0.0296875 0.0765625
9 0.36015625 0.1765625 0.025 0.0765625
9 0.3234375 0.73046875 0.03125 0.0640625
9 0.3640625 0.1046875 0.025 0.0765625