9 0.653125 0.509375 0.0296875 0.078125
5 0.34140625 0.71484375 0.0390625 0.0953125
6 0.54765625 0.5171875 0.03125 0.09375
9 0.53359375 0.34296875 0.0265625 0.0765625
4 0.4234375 0.32265625 0.0359375 0.109375
0 0.53984375 0.09375 0.028125 0.103125
3 0.4734375 0.51328125 0.028125 0.075
3 0.35625 0.60078125 0.03125 0.0765625
0 0.41953125 0.715625 0.034375 0.096875
9 0.63984375 0.11015625 0.025 0.078125
11 0.6453125 0.42890625 0.034375 0.0953125
9 0.57421875 0.18046875 0.0265625 0.078125
11 0.58671875 0.328125 0.0328125 0.09375
6 0.4734375 0.4109375 0.0296875 0.096875
7 0.4796875 0.24296875 0.034375 0.1125
3 0.59765625 0.60390625 0.0296875 0.0734375
3 0.36171875 0.09609375 0.025 0.078125
9 0.5328125 0.32109375 0.0171875 0.034375
5 0.31015625 0.23125 0.034375 0.0921875
9 0.55078125 0.7140625 0.0296875 0.0796875
3 0.4109375 0.17265625 0.025 0.075
9 0.575 0.15859375 0.015625 0.0328125
9 0.64296875 0.0890625 0.0171875 0.034375
1 0.478125 0.159375 0.03125 0.11875
3 0.40859375 0.153125 0.0171875 0.0328125
6 0.4703125 0.38515625 0.01875 0.04375
3 0.47265625 0.49453125 0.01875 0.034375
3 0.35234375 0.58125 0.0171875 0.0328125
9 0.55234375 0.6921875 0.0171875 0.034375
3 0.4171875 0.68984375 0.021875 0.0453125
9 0.4765625 0.0953125 0.0171875 0.0421875
3 0.41875 0.2921875 0.0234375 0.04375
3 0.303125 0.20546875 0.0203125 0.0359375