9 0.346875 0.51171875 0.028125 0.078125
5 0.6625 0.71171875 0.03671875 0.0953125
6 0.45234375 0.51796875 0.0296875 0.09375
9 0.4640625 0.34375 0.02578125 0.0765625
4 0.5734375 0.32109375 0.03359375 0.10859375
0 0.453125 0.09453125 0.02578125 0.10234375
3 0.5265625 0.5125 0.02734375 0.075
3 0.6453125 0.5984375 0.0296875 0.07578125
0 0.584375 0.7140625 0.0328125 0.09609375
9 0.353125 0.1125 0.02421875 0.078125
11 0.353125 0.43125 0.0328125 0.09453125
9 0.4203125 0.18203125 0.025 0.07734375
11 0.41015625 0.3296875 0.03046875 0.09296875
6 0.525 0.41015625 0.028125 0.096875
7 0.515625 0.24296875 0.03203125 0.11171875
3 0.40390625 0.60546875 0.028125 0.0734375
3 0.63125 0.09375 0.02421875 0.07734375
9 0.4640625 0.321875 0.0171875 0.03359375
5 0.68515625 0.228125 0.0328125 0.09140625
9 0.453125 0.71484375 0.02890625 0.07890625
3 0.58359375 0.17109375 0.02421875 0.07421875
9 0.41875 0.16015625 0.015625 0.03203125
9 0.35 0.09140625 0.01640625 0.03359375
1 0.515625 0.159375 0.0296875 0.11875
3 0.58515625 0.1515625 0.01640625 0.03203125
6 0.52734375 0.384375 0.01875 0.04375
3 0.52734375 0.49375 0.01796875 0.03359375
3 0.64921875 0.57890625 0.0171875 0.0328125
9 0.45078125 0.69296875 0.0171875 0.034375
3 0.5859375 0.68828125 0.02109375 0.04453125
9 0.51640625 0.0953125 0.01640625 0.04140625
3 0.57734375 0.290625 0.02265625 0.04296875
3 0.69140625 0.20234375 0.01953125 0.03515625