1 0.571875 0.1546875 0.0421875 0.1203125
8 0.63984375 0.86328125 0.0421875 0.0859375
10 0.60859375 0.31875 0.0421875 0.1125
9 0.521875 0.7046875 0.034375 0.0796875
5 0.41875 0.0875 0.0359375 0.0984375
6 0.378125 0.2234375 0.0375 0.0984375
8 0.709375 0.3703125 0.0375 0.0890625
3 0.32265625 0.671875 0.0375 0.0796875
9 0.6484375 0.4421875 0.034375 0.08125
11 0.49296875 0.33125 0.0375 0.0984375
9 0.646875 0.62890625 0.0359375 0.0796875
7 0.45390625 0.14921875 0.0421875 0.1203125
5 0.41484375 0.4859375 0.0390625 0.096875
11 0.66328125 0.109375 0.0375 0.0953125
4 0.721875 0.17890625 0.04375 0.1109375
6 0.29609375 0.48046875 0.04375 0.1
0 0.5515625 0.48828125 0.0375 0.0984375
3 0.59921875 0.615625 0.034375 0.0765625
0 0.55859375 0.25625 0.0359375 0.1
3 0.32578125 0.2125 0.034375 0.078125
2 0.37109375 0.82109375 0.0421875 0.0921875
2 0.3734375 0.309375 0.0390625 0.096875
2 0.528125 0.9921875 0.025 0.015625