0 0.42109375 0.246875 0.028125 0.096875
4 0.5859375 0.1703125 0.03125 0.109375
1 0.53359375 0.1640625 0.03125 0.1171875
5 0.38359375 0.09765625 0.028125 0.096875
2 0.4703125 0.24140625 0.028125 0.090625
6 0.48671875 0.409375 0.028125 0.096875
11 0.4 0.41015625 0.0296875 0.0953125
0 0.465625 0.61015625 0.03125 0.09375
3 0.3375 0.68515625 0.03125 0.0765625
6 0.30390625 0.24375 0.034375 0.1
8 0.5828125 0.5125 0.03125 0.084375
7 0.59140625 0.39375 0.034375 0.115625
9 0.1671875 0.93515625 0.0390625 0.0734375
2 0.39921875 0.83125 0.034375 0.090625
8 0.67109375 0.85078125 0.034375 0.084375
10 0.5921875 0.3078125 0.03125 0.1109375
2 0.57109375 0.98984375 0.0234375 0.01875
9 0.4421875 0.99140625 0.021875 0.0171875