9 0.65 0.53203125 0.0390625 0.08125
11 0.65625 0.4515625 0.0453125 0.0984375
7 0.5203125 0.2421875 0.0484375 0.11875
5 0.309375 0.68671875 0.05 0.1
4 0.45234375 0.3125 0.0484375 0.1125
1 0.31015625 0.384375 0.059375 0.125
6 0.54453125 0.5234375 0.0421875 0.0984375
9 0.5578125 0.34921875 0.0375 0.0796875
9 0.69921875 0.13671875 0.034375 0.08125
0 0.38671875 0.70078125 0.0453125 0.1
3 0.471875 0.5078125 0.0375 0.078125
0 0.603125 0.10546875 0.0390625 0.1046875
11 0.61328125 0.34296875 0.04375 0.0984375
9 0.5375 0.1140625 0.034375 0.08125
3 0.34140625 0.57578125 0.040625 0.0796875
6 0.4875 0.40859375 0.040625 0.0984375
9 0.6234375 0.196875 0.0359375 0.08125
3 0.4265625 0.08046875 0.034375 0.08125
3 0.5796875 0.6171875 0.0375 0.0765625
9 0.5171875 0.71875 0.0390625 0.0828125
3 0.46328125 0.16328125 0.034375 0.0765625
5 0.35390625 0.2046875 0.0453125 0.0953125