9 0.48671875 0.175 0.0359375 0.0828125
9 0.6546875 0.48515625 0.040625 0.08125
6 0.63125 0.6734375 0.0453125 0.1
9 0.5125 0.33359375 0.0375 0.08125
7 0.69375 0.3734375 0.0546875 0.121875
8 0.55078125 0.24375 0.040625 0.0890625
11 0.775 0.6703125 0.053125 0.103125
5 0.26328125 0.115625 0.0453125 0.0984375
2 0.46640625 0.409375 0.04375 0.0953125
10 0.58125 0.3890625 0.05 0.115625
3 0.44609375 0.2640625 0.0375 0.08125
1 0.28828125 0.44140625 0.059375 0.1234375
3 0.57265625 0.696875 0.0390625 0.078125
3 0.309375 0.11640625 0.0375 0.08125
8 0.6 0.48671875 0.0453125 0.09375
0 0.45234375 0.71953125 0.0484375 0.1046875
3 0.47734375 0.5109375 0.0390625 0.08125
4 0.2875 0.36015625 0.053125 0.1109375
11 0.63515625 0.0734375 0.0453125 0.0984375
6 0.671875 0.228125 0.046875 0.1015625
9 0.53515625 0.42109375 0.0359375 0.0765625
0 0.28515625 0.26640625 0.04375 0.0984375
3 0.36875 0.1859375 0.0359375 0.0796875
3 0.40625 0.428125 0.0375 0.078125
5 0.49140625 0.59140625 0.0453125 0.0953125
9 0.5984375 0.16171875 0.034375 0.0796875
9 0.7046875 0.70625 0.0390625 0.0671875
5 0.3046875 0.6328125 0.0515625 0.09375
9 0.58671875 0.08984375 0.034375 0.08125