8 0.63984375 0.86328125 0.040625 0.084375
10 0.58046875 0.83203125 0.0484375 0.10625
11 0.70390625 0.86484375 0.0484375 0.096875
6 0.50625 0.83359375 0.0421875 0.0953125
3 0.5234375 0.51953125 0.034375 0.0796875
4 0.43515625 0.3859375 0.04375 0.1140625
1 0.6109375 0.24140625 0.0421875 0.1171875
2 0.37265625 0.82265625 0.040625 0.09375
0 0.28828125 0.81171875 0.0453125 0.0921875
5 0.228125 0.796875 0.0484375 0.0953125
7 0.50390625 0.2390625 0.0421875 0.1203125
9 0.396875 0.16171875 0.03125 0.08125
0 0.52734375 0.99140625 0.0234375 0.0171875
9 0.4 0.98359375 0.0234375 0.0203125