3 0.66484375 0.6828125 0.03125 0.078125
7 0.346875 0.6 0.0421875 0.1140625
10 0.4046875 0.31171875 0.034375 0.1125
0 0.5359375 0.609375 0.034375 0.09375
1 0.64453125 0.49140625 0.040625 0.1140625
4 0.4078125 0.17109375 0.0328125 0.109375
2 0.52578125 0.23984375 0.0296875 0.0890625
5 0.6109375 0.096875 0.0296875 0.0953125
8 0.41796875 0.51640625 0.03125 0.084375
6 0.69140625 0.23984375 0.0359375 0.0984375
11 0.5984375 0.4078125 0.0328125 0.0953125
2 0.60625 0.8296875 0.0359375 0.0921875
8 0.33515625 0.853125 0.0359375 0.084375
9 0.840625 0.928125 0.040625 0.0734375
9 0.5671875 0.990625 0.021875 0.0171875
2 0.43671875 0.990625 0.0234375 0.01875