7 0.45625 0.48828125 0.0359375 0.109375
0 0.3484375 0.77734375 0.040625 0.1
10 0.45546875 0.759375 0.040625 0.10625
6 0.659375 0.46484375 0.0328125 0.09375
9 0.734375 0.76328125 0.0328125 0.078125
4 0.3515625 0.47421875 0.0359375 0.1
5 0.2953125 0.55703125 0.0375 0.0875
9 0.65703125 0.61328125 0.0328125 0.075
6 0.59296875 0.42109375 0.03125 0.0921875
5 0.40859375 0.615625 0.034375 0.0875
9 0.46875 0.6265625 0.03125 0.075
9 0.53671875 0.53046875 0.028125 0.06875
0 0.5234375 0.6734375 0.0375 0.096875
2 0.41171875 0.425 0.0328125 0.0890625
3 0.47265625 0.4171875 0.028125 0.071875
1 0.58203125 0.59296875 0.0390625 0.1140625
9 0.60390625 0.93671875 0.0359375 0.084375
9 0.4015625 0.92890625 0.0359375 0.0828125
3 0.603125 0.7484375 0.0328125 0.0765625
8 0.459375 0.83828125 0.0375 0.0890625
8 0.46953125 0.940625 0.040625 0.1015625
3 0.7390625 0.93671875 0.0359375 0.084375