9 0.39140625 0.2 0.0359375 0.0640625
9 0.35078125 0.54296875 0.0453125 0.0828125
9 0.4390625 0.44296875 0.0390625 0.0703125
9 0.42578125 0.35 0.0421875 0.0828125
11 0.21484375 0.15546875 0.0515625 0.1
11 0.30859375 0.76171875 0.0578125 0.103125
7 0.2734375 0.45546875 0.0625 0.121875
6 0.23828125 0.31171875 0.053125 0.103125
10 0.38359375 0.428125 0.05625 0.115625
0 0.6265625 0.6859375 0.0546875 0.1046875
5 0.54375 0.5828125 0.05 0.09375
2 0.73203125 0.5484375 0.05625 0.0953125
3 0.525 0.5015625 0.04375 0.08125
3 0.46171875 0.26171875 0.0421875 0.0828125
3 0.50703125 0.70859375 0.04375 0.0796875
1 0.675 0.3671875 0.0671875 0.125
4 0.64453125 0.28984375 0.0609375 0.1140625
0 0.61171875 0.203125 0.0515625 0.103125
5 0.575 0.05546875 0.0515625 0.1
3 0.5328125 0.0734375 0.0421875 0.0828125
6 0.44296875 0.71015625 0.0515625 0.1015625
8 0.40234375 0.525 0.05 0.09375
8 0.35625 0.28125 0.046875 0.090625
2 0.496875 0.40234375 0.05 0.096875
3 0.5046875 0.159375 0.0421875 0.0796875
3 0.56015625 0.39765625 0.04375 0.0796875
9 0.28125 0.2234375 0.0390625 0.0796875
9 0.3890625 0.76875 0.04375 0.06875
9 0.265625 0.153125 0.0390625 0.0796875