0 0.3578125 0.2171875 0.0421875 0.1015625
3 0.42265625 0.07890625 0.034375 0.08125
7 0.72109375 0.43125 0.0515625 0.1203125
9 0.5765625 0.18359375 0.0328125 0.0796875
3 0.475 0.5046875 0.0359375 0.0796875
8 0.6 0.51484375 0.0421875 0.09375
8 0.61953125 0.2671875 0.0390625 0.0890625
10 0.60859375 0.41484375 0.046875 0.115625
9 0.5546875 0.43828125 0.03125 0.0671875
9 0.5578125 0.34375 0.034375 0.0828125
4 0.33359375 0.30703125 0.05 0.1109375
6 0.578125 0.703125 0.04375 0.1
0 0.39375 0.69765625 0.0453125 0.103125
3 0.51328125 0.25859375 0.034375 0.0828125
9 0.653125 0.52734375 0.0375 0.0796875
5 0.37890625 0.065625 0.0421875 0.0984375
3 0.51484375 0.70859375 0.0375 0.078125
11 0.71796875 0.7390625 0.05 0.1015625
1 0.31171875 0.38671875 0.05625 0.1234375
2 0.49375 0.40234375 0.040625 0.0953125
6 0.740625 0.28515625 0.0421875 0.103125
3 0.459375 0.16171875 0.034375 0.0796875
3 0.4296875 0.4046875 0.0359375 0.0765625
2 0.27421875 0.5734375 0.0484375 0.0953125
9 0.6875 0.2015625 0.0328125 0.0796875
5 0.46640625 0.58515625 0.0421875 0.0953125
9 0.63984375 0.7546875 0.0375 0.0671875
11 0.7484375 0.1265625 0.0421875 0.1
9 0.6953125 0.13515625 0.03125 0.0734375