1 0.48671875 0.07734375 0.05 0.1234375
5 0.50078125 0.6 0.046875 0.096875
11 0.36640625 0.40703125 0.0484375 0.1
9 0.346875 0.48515625 0.040625 0.0796875
7 0.5609375 0.25078125 0.0515625 0.1171875
4 0.60390625 0.33671875 0.0515625 0.1125
6 0.53984375 0.41640625 0.046875 0.1015625
9 0.42265625 0.09296875 0.0375 0.084375
11 0.440625 0.31640625 0.0453125 0.0953125
3 0.47734375 0.4109375 0.0390625 0.0796875
3 0.3875 0.58671875 0.0390625 0.0765625
9 0.47734375 0.171875 0.0390625 0.084375
3 0.62578125 0.621875 0.0421875 0.0796875
3 0.64140625 0.11875 0.0359375 0.0765625
9 0.5828125 0.121875 0.0359375 0.08125
0 0.5234375 0.09375 0.0421875 0.103125
5 0.71953125 0.44140625 0.05 0.096875
3 0.5796875 0.1875 0.034375 0.0796875