5 0.534375 0.6263888890625 0.5375 0.6138888890625 0.53359375 0.5833333328125 0.534375 0.55694444375 0.5296875 0.5458333328125 0.51875 0.54444444375 0.5109375 0.565277778125 0.50703125 0.6180555562500001 0.51640625 0.6333333328124999 0.528125 0.6333333328124999 0.534375 0.6263888890625
5 0.67734375 0.13055555624999998 0.684375 0.1166666671875 0.68046875 0.084722221875 0.68671875 0.072222221875 0.6875 0.0513888890625 0.68515625 0.04305555625 0.67421875 0.0388888890625 0.66484375 0.05694444375 0.6671875 0.08333333281250001 0.6578125 0.115277778125 0.66484375 0.1291666671875 0.67734375 0.13055555624999998
3 0.590625 0.1986111109375 0.5921875 0.1833333328125 0.5875 0.165277778125 0.58984375 0.15277777812499999 0.5875 0.134722221875 0.57734375 0.1361111109375 0.57421875 0.1541666671875 0.57578125 0.165277778125 0.56875 0.18194444375000002 0.56875 0.197222221875 0.57578125 0.20555555625 0.584375 0.20555555625 0.590625 0.1986111109375
3 0.59140625 0.44305555625000004 0.59375 0.4236111109375 0.5875 0.3791666671875 0.58125 0.377777778125 0.5765625 0.38333333281250004 0.56796875 0.4236111109375 0.5671875 0.4361111109375 0.57421875 0.4486111109375 0.58515625 0.45 0.59140625 0.44305555625000004
3 0.52734375 0.2708333328125 0.521875 0.259722221875 0.5234375 0.2388888890625 0.51875 0.225 0.509375 0.23055555625 0.509375 0.25833333281250004 0.50390625 0.26944444375 0.50546875 0.29305555625 0.51953125 0.29722222187499997 0.52578125 0.290277778125 0.52734375 0.2708333328125
3 0.51796875 0.54444444375 0.53203125 0.54305555625 0.53671875 0.525 0.53203125 0.48055555625 0.52578125 0.47222222187499996 0.521875 0.47361111093749997 0.515625 0.4875 0.51484375 0.5041666671875 0.51015625 0.51944444375 0.51171875 0.5388888890625 0.51796875 0.54444444375
3 0.47109375 0.73055555625 0.4734375 0.7125 0.4625 0.66805555625 0.45546875 0.6666666671875 0.45078125 0.672222221875 0.4453125 0.7111111109375 0.4453125 0.727777778125 0.453125 0.7402777781250001 0.4640625 0.7402777781250001 0.47109375 0.73055555625
3 0.621875 0.127777778125 0.63359375 0.127777778125 0.6390625 0.1166666671875 0.63515625 0.0958333328125 0.6375 0.0625 0.6328125 0.055555556250000006 0.6265625 0.055555556250000006 0.621875 0.0638888890625 0.62265625 0.0916666671875 0.61640625 0.10555555624999999 0.61640625 0.11944444375 0.621875 0.127777778125
2 0.53125 0.434722221875 0.53125 0.3763888890625 0.52109375 0.3625 0.50625 0.384722221875 0.503125 0.4375 0.51015625 0.4486111109375 0.52265625 0.45 0.53125 0.434722221875
2 0.71640625 0.64305555625 0.728125 0.6236111109375 0.73046875 0.602777778125 0.73359375 0.6 0.73359375 0.575 0.72734375 0.5611111109375 0.71796875 0.559722221875 0.7046875 0.5708333328124999 0.70078125 0.5930555562500001 0.6953125 0.6041666671875 0.69453125 0.61944444375 0.69765625 0.6319444437499999 0.703125 0.6416666671875 0.71640625 0.64305555625
0 0.6859375 0.27638888906250003 0.6875 0.25555555625 0.684375 0.24305555625 0.6890625 0.2 0.68515625 0.1916666671875 0.68046875 0.190277778125 0.6734375 0.1986111109375 0.66796875 0.2416666671875 0.6609375 0.252777778125 0.66015625 0.2708333328125 0.66640625 0.28194444375 0.6796875 0.28472222187499996 0.6859375 0.27638888906250003
0 0.5859375 0.7569444437499999 0.59375 0.747222221875 0.596875 0.73055555625 0.5921875 0.675 0.5859375 0.6625 0.58046875 0.6625 0.57265625 0.6777777781250001 0.5640625 0.7375 0.5703125 0.752777778125 0.57734375 0.7583333328124999 0.5859375 0.7569444437499999
1 0.7109375 0.45416666718750004 0.71328125 0.43194444374999996 0.7078125 0.41111111093749997 0.71640625 0.39444444375 0.7203125 0.3708333328125 0.7140625 0.35555555625 0.70625 0.3541666671875 0.69921875 0.3625 0.69453125 0.38055555625 0.6921875 0.41111111093749997 0.68515625 0.415277778125 0.6796875 0.427777778125 0.68046875 0.4486111109375 0.6890625 0.46388888906250003 0.70078125 0.46527777812500004 0.7109375 0.45416666718750004
4 0.69609375 0.3736111109375 0.7015625 0.3513888890625 0.696875 0.3375 0.70703125 0.29305555625 0.70390625 0.28055555625 0.69296875 0.27638888906250003 0.6859375 0.28194444375 0.678125 0.33055555625 0.66953125 0.34722222187499996 0.66953125 0.36666666718749996 0.67578125 0.3763888890625 0.69140625 0.38055555625 0.69609375 0.3736111109375
9 0.4578125 0.2138888890625 0.46796875 0.2138888890625 0.47421875 0.2 0.46875 0.1513888890625 0.4640625 0.140277778125 0.45703125 0.14305555625 0.4546875 0.15 0.45546875 0.1763888890625 0.4515625 0.1875 0.4515625 0.20694444375 0.4578125 0.2138888890625
9 0.34453125 0.36805555624999997 0.35390625 0.36666666718749996 0.359375 0.35555555625 0.359375 0.3458333328125 0.34921875 0.3 0.34609375 0.29444444375 0.33984375 0.29444444375 0.33515625 0.30694444375 0.33671875 0.33888888906250003 0.334375 0.352777778125 0.33671875 0.3611111109375 0.34453125 0.36805555624999997
9 0.36015625 0.21111111093749999 0.36171875 0.2 0.35390625 0.16805555625 0.353125 0.15 0.34765625 0.14305555625 0.3390625 0.147222221875 0.3390625 0.20972222187499998 0.34453125 0.2166666671875 0.3546875 0.2166666671875 0.36015625 0.21111111093749999
9 0.35546875 0.0875 0.34921875 0.0736111109375 0.3421875 0.075 0.33984375 0.08194444375 0.33984375 0.140277778125 0.35546875 0.14861111093749999 0.36171875 0.134722221875 0.35546875 0.0875
9 0.4640625 0.45416666718750004 0.4625 0.40416666718750005 0.4578125 0.39027777812500003 0.45078125 0.3888888890625 0.446875 0.39444444375 0.440625 0.43333333281249997 0.43984375 0.45 0.4453125 0.459722221875 0.45390625 0.4625 0.4640625 0.45416666718750004
9 0.35625 0.5333333328125 0.35703125 0.51805555625 0.34609375 0.4763888890625 0.3390625 0.47083333281249995 0.33125 0.48055555625 0.33125 0.5333333328125 0.340625 0.5458333328125 0.35234375 0.5416666671875 0.35625 0.5333333328125
9 0.346875 0.627777778125 0.34765625 0.6111111109375 0.3390625 0.58055555625 0.33203125 0.5694444437499999 0.321875 0.575 0.32109375 0.6291666671875 0.33046875 0.6416666671875 0.3421875 0.6375 0.346875 0.627777778125
9 0.34375 0.7486111109375 0.34453125 0.734722221875 0.334375 0.6916666671875 0.3265625 0.684722221875 0.3203125 0.6875 0.31796875 0.6944444437499999 0.3171875 0.7513888890625 0.32578125 0.7625 0.3390625 0.7597222218749999 0.34375 0.7486111109375
11 0.24140625 0.74444444375 0.253125 0.7583333328124999 0.2671875 0.752777778125 0.27265625 0.7402777781250001 0.27265625 0.7180555562500001 0.26328125 0.6986111109375 0.2625 0.6861111109375 0.25546875 0.66805555625 0.24453125 0.6625 0.23359375 0.6736111109375 0.2328125 0.7 0.240625 0.7111111109375 0.24296875 0.7236111109375 0.24140625 0.74444444375
11 0.2953125 0.14444444375 0.30703125 0.14444444375 0.3140625 0.13333333281249998 0.3140625 0.1166666671875 0.30390625 0.09444444375 0.30390625 0.06527777812499999 0.296875 0.0513888890625 0.284375 0.05694444375 0.284375 0.08333333281250001 0.29140625 0.10138888906250001 0.2890625 0.13333333281249998 0.2953125 0.14444444375
10 0.28828125 0.3763888890625 0.2953125 0.3791666671875 0.3046875 0.365277778125 0.30625 0.3513888890625 0.29296875 0.3125 0.29453125 0.302777778125 0.28984375 0.2791666671875 0.28046875 0.26944444375 0.26875 0.27777777812500004 0.26875 0.29305555625 0.27890625 0.3375 0.27734375 0.352777778125 0.28828125 0.3763888890625
8 0.26796875 0.6486111109375 0.27890625 0.647222221875 0.28671875 0.63055555625 0.2859375 0.6083333328125 0.27890625 0.577777778125 0.26171875 0.5638888890625 0.2546875 0.56805555625 0.25078125 0.58194444375 0.25078125 0.6013888890625 0.2578125 0.6375 0.26796875 0.6486111109375
8 0.41875 0.2958333328125 0.4234375 0.28055555625 0.41796875 0.23055555625 0.40546875 0.2138888890625 0.4 0.215277778125 0.39609375 0.22777777812500002 0.39453125 0.24722222187499998 0.39765625 0.2888888890625 0.40859375 0.2986111109375 0.41875 0.2958333328125
6 0.2984375 0.5416666671875 0.2984375 0.522222221875 0.28359375 0.47222222187499996 0.278125 0.46527777812500004 0.271875 0.46527777812500004 0.26796875 0.47361111093749997 0.2703125 0.54444444375 0.2828125 0.5583333328125 0.29375 0.5541666671875001 0.2984375 0.5416666671875
6 0.296875 0.3013888890625 0.3 0.2958333328125 0.30078125 0.275 0.2859375 0.215277778125 0.27890625 0.2125 0.271875 0.2208333328125 0.271875 0.240277778125 0.27890625 0.2666666671875 0.2859375 0.2736111109375 0.296875 0.3013888890625
7 0.27265625 0.4625 0.28203125 0.46666666718750005 0.29296875 0.46388888906250003 0.29921875 0.45 0.3 0.43194444374999996 0.28671875 0.40555555625000006 0.2875 0.3791666671875 0.2828125 0.3611111109375 0.2765625 0.3541666671875 0.26875 0.3541666671875 0.26171875 0.36805555624999997 0.2640625 0.39444444375 0.271875 0.42083333281249996 0.26796875 0.4513888890625 0.27265625 0.4625