11 0.39609375 0.59296875 0.0375 0.0921875
6 0.57734375 0.60390625 0.0390625 0.09375
0 0.5984375 0.25078125 0.034375 0.0984375
3 0.6484375 0.18515625 0.0296875 0.078125
4 0.48125 0.33046875 0.0390625 0.1109375
7 0.53359375 0.2453125 0.040625 0.1171875
3 0.63828125 0.60859375 0.034375 0.078125
9 0.38125 0.103125 0.0296875 0.08125
1 0.4421875 0.08125 0.0390625 0.1234375
3 0.4609375 0.62890625 0.0328125 0.0765625
11 0.4109375 0.415625 0.0375 0.096875
5 0.5109375 0.59921875 0.0375 0.09375
9 0.54375 0.11484375 0.028125 0.078125
9 0.346875 0.50234375 0.0328125 0.078125
5 0.6 0.41484375 0.0375 0.09375
9 0.44296875 0.175 0.03125 0.08125
3 0.6015625 0.1078125 0.028125 0.0765625
3 0.46875 0.4140625 0.03125 0.078125