10 0.55234375 0.5859375 0.03671875 0.10390625
5 0.70546875 0.4515625 0.03359375 0.08671875
9 0.46171875 0.50234375 0.02734375 0.0734375
9 0.3546875 0.4625 0.02578125 0.07265625
9 0.5875 0.44921875 0.02734375 0.0703125
6 0.4171875 0.66484375 0.0328125 0.09765625
7 0.69765625 0.80546875 0.04296875 0.12109375
5 0.6484375 0.36875 0.03359375 0.1015625
3 0.47109375 0.39140625 0.02578125 0.0703125
5 0.665625 0.59609375 0.03515625 0.09921875
9 0.75703125 0.74609375 0.0390625 0.09375
8 0.5453125 0.83671875 0.0375 0.096875
3 0.52265625 0.3171875 0.025 0.0703125
8 0.5515625 0.7359375 0.034375 0.08515625
9 0.3046875 0.3390625 0.02734375 0.0703125
9 0.6109375 0.82265625 0.03359375 0.08125
2 0.5859375 0.32421875 0.03125 0.08984375
9 0.41171875 0.8359375 0.0328125 0.08125
3 0.27890625 0.84140625 0.03359375 0.0796875