3 0.32265625 0.67109375 0.0375 0.0796875
7 0.6453125 0.6109375 0.05 0.1171875
10 0.60859375 0.31875 0.0421875 0.1140625
0 0.45625 0.60703125 0.040625 0.096875
1 0.35625 0.48125 0.0484375 0.115625
4 0.61484375 0.178125 0.0390625 0.1109375
2 0.4921875 0.2390625 0.0359375 0.090625
5 0.4171875 0.090625 0.0359375 0.096875
8 0.58046875 0.521875 0.0375 0.0859375
6 0.32734375 0.2265625 0.0421875 0.1015625
11 0.40859375 0.40078125 0.0390625 0.096875
2 0.37109375 0.82109375 0.0421875 0.09375
8 0.63984375 0.86328125 0.0421875 0.0859375
9 0.13046875 0.90390625 0.0453125 0.0765625
9 0.3984375 0.984375 0.021875 0.01875
2 0.52890625 0.9921875 0.0234375 0.015625