7 0.575 0.31015625 0.034375 0.115625
11 0.5984375 0.41015625 0.0328125 0.09375
10 0.4046875 0.31171875 0.034375 0.1109375
6 0.640625 0.2328125 0.03125 0.096875
9 0.4640625 0.703125 0.0296875 0.078125
2 0.46953125 0.4296875 0.03125 0.090625
8 0.33515625 0.853125 0.0359375 0.0828125
0 0.5734375 0.24140625 0.028125 0.09375
5 0.61015625 0.09453125 0.0296875 0.0953125
5 0.46875 0.49609375 0.0328125 0.0953125
8 0.30078125 0.35390625 0.0328125 0.0875
1 0.57265625 0.146875 0.0328125 0.115625
9 0.34453125 0.61875 0.0296875 0.0796875
3 0.66484375 0.68359375 0.03125 0.078125
4 0.40859375 0.16953125 0.0328125 0.1109375
9 0.35625 0.43046875 0.0296875 0.078125
0 0.53671875 0.609375 0.034375 0.0921875
6 0.7046875 0.49453125 0.0375 0.0953125
3 0.590625 0.609375 0.0296875 0.075
3 0.69375 0.22578125 0.0296875 0.078125
2 0.60625 0.8296875 0.0359375 0.0890625
2 0.4375 0.990625 0.0234375 0.01875