9 0.61484375 0.1953125 0.0421875 0.0828125
9 0.6484375 0.546875 0.046875 0.0828125
6 0.553125 0.7109375 0.053125 0.1015625
9 0.5765625 0.3515625 0.04375 0.0828125
7 0.72734375 0.459375 0.0640625 0.1234375
8 0.64765625 0.28359375 0.0484375 0.090625
11 0.68671875 0.7640625 0.0609375 0.1046875
5 0.4328125 0.05390625 0.053125 0.1
2 0.5046875 0.40390625 0.0515625 0.0953125
10 0.61796875 0.4296875 0.059375 0.115625
3 0.5421875 0.26171875 0.04375 0.0828125
1 0.328125 0.3640625 0.06875 0.125
3 0.48984375 0.709375 0.0453125 0.078125
3 0.47421875 0.07265625 0.04375 0.0828125
8 0.596875 0.5265625 0.0515625 0.0953125
0 0.3703125 0.68359375 0.05625 0.1046875
3 0.475 0.50078125 0.04375 0.08125
4 0.35859375 0.28828125 0.0625 0.1125
11 0.790625 0.16015625 0.053125 0.1
6 0.76484375 0.3171875 0.0546875 0.103125
9 0.56328125 0.440625 0.0421875 0.078125
0 0.39296875 0.2015625 0.0515625 0.1
3 0.5015625 0.16015625 0.0421875 0.0796875
3 0.4421875 0.396875 0.04375 0.0796875
5 0.45625 0.58125 0.053125 0.096875
9 0.72265625 0.22734375 0.040625 0.0796875
9 0.60703125 0.7703125 0.04375 0.06875
5 0.26796875 0.54609375 0.0578125 0.0953125
9 0.73984375 0.15625 0.040625 0.0828125