2 0.560225975 0.3876207265625 0.5537314359375001 0.37168737812499997 0.532944559375 0.393701375 0.51823833125 0.44299679062499997 0.5234667484375 0.4543202359375 0.5385415796874999 0.4552159984375 0.5478799171875 0.4403674140625 0.560225975 0.3876207265625
11 0.41143753125 0.015574171875 0.396870778125 0.0190993109375 0.3915807734375 0.0435457046875 0.39235511875 0.0695041109375 0.384954909375 0.086267334375 0.3837829765625 0.0974264015625 0.3881673109375 0.1056765765625 0.3995379640625 0.1085115984375 0.40795433125 0.10059018125000001 0.41131435781250003 0.0871138515625 0.40842980781250005 0.053472273437499995 0.41271995468749995 0.0459534796875 0.41514986093750006 0.026519614062500002 0.41143753125 0.015574171875
11 0.199506825 0.6040046140625 0.19236473125 0.6294206390625 0.198187265625 0.6480492546875001 0.1928891109375 0.659610946875 0.1904592046875 0.6790448109375 0.19871979687500002 0.6911242625 0.21404459375 0.687788125 0.22195288125 0.6754458046875 0.22632091562499998 0.6579265750000001 0.2224365078125 0.6412125984375 0.22207605468749997 0.603906125 0.21280745625000003 0.595869571875 0.199506825 0.6040046140625
5 0.7640301140625 0.1321135328125 0.7461975234375 0.16488397187499998 0.7484798046875001 0.178335678125 0.7606945390625001 0.1842439703125 0.7716350015625 0.1726576546875 0.77700289375 0.1382108234375 0.78499721875 0.12875277031250001 0.7907092640625 0.1058430109375 0.787841015625 0.09797083749999999 0.7805965828125 0.09473319062499999 0.7671320265625 0.10998440000000001 0.7640301140625 0.1321135328125
5 0.648026784375 0.73301009375 0.63818036875 0.7434377765625 0.6330542921875 0.760768003125 0.6350866078124999 0.7784516109374999 0.6428391203125 0.7861101609375 0.6563118265625 0.7837436531249999 0.6638841125 0.7727489656250001 0.6677440671875 0.750808834375 0.6777544093750001 0.7332649828125 0.6818724781250001 0.7199776546875001 0.681864328125 0.707092953125 0.673353771875 0.6992454015625 0.6640072859374999 0.7012092859375 0.648026784375 0.73301009375
1 0.7290894578125 0.41111481875000006 0.7165550203125 0.43232356562499996 0.7132810328125 0.44868416250000004 0.707224834375 0.46005685312500005 0.6918221499999999 0.47339342812499996 0.6871181140625 0.4922602875 0.6929406484375 0.510888903125 0.6978249109375 0.5106752796875 0.7069132828125 0.5000585937500001 0.7157598421875 0.5065585125000001 0.72408201875 0.48286812343749996 0.7231437484375001 0.464025884375 0.73660830625 0.448774675 0.74468051875 0.4293161859375 0.7434062453125 0.41182158125 0.738771946875 0.40780330468750003 0.7290894578125 0.41111481875000006
4 0.72114856875 0.3719183296875 0.7032217875 0.3889198 0.6973376671875 0.40606102499999996 0.6988619046875 0.4193237296875 0.7062784140625 0.4283299125 0.71941511875 0.4273110375 0.7315275140625 0.40456565624999996 0.73067528125 0.38860768437500004 0.749179878125 0.3531419796875 0.7509377781250001 0.33640338125 0.740575134375 0.329525459375 0.7320727296875 0.334562609375 0.724000515625 0.35402109843749996 0.72114856875 0.3719183296875
7 0.31426756718750004 0.301962475 0.3010529734375 0.31298178593750003 0.29627105 0.34184908125 0.29881144531250003 0.363953590625 0.2867072 0.399583675 0.2880593609375 0.4070778453125 0.2965699171875 0.414925396875 0.308948578125 0.41371751874999996 0.3179509109375 0.4002165671875 0.32206898125 0.3869292390625 0.322482871875 0.3755811703125 0.3171684171875 0.36137345781249997 0.3232862015625 0.31423092812500003 0.31426756718750004 0.301962475
6 0.361131325 0.23348808437500002 0.35724691875 0.21677410625000001 0.36185676718750004 0.182138275 0.35881644218750003 0.1684975671875 0.34652381875 0.1725897109375 0.3414058921875 0.202804640625 0.3509570578125 0.25814810312500003 0.3574352953125 0.24831204687500003 0.361131325 0.23348808437500002
9 0.4149035125 0.1695989734375 0.41406758125 0.1794104078125 0.4192099609375 0.1878495859375 0.4331047078125 0.1870197125 0.43907486875 0.172762753125 0.43762851875 0.1494996140625 0.4417384375 0.1233275828125 0.43280584062500005 0.11394339843750001 0.427085646875 0.12396845625 0.424655740625 0.1434023203125 0.4149035125 0.1695989734375
9 0.455538996875 0.106728740625 0.459554728125 0.0647877390625 0.45685040624999995 0.049799396875 0.4515441015625 0.0484763875 0.4460738703125 0.0542695453125 0.43153971875 0.10933349375000001 0.44552865625000004 0.124272590625 0.4506628828125 0.1198270671875 0.455538996875 0.106728740625
9 0.523475815625 0.20239472187500002 0.5260080609375 0.211614528125 0.5388948015625 0.214827553125 0.5468891265625 0.20536949999999998 0.5541009578125 0.1570683375 0.5513966359375 0.14207999531249998 0.5403701359374999 0.15078204374999998 0.535416134375 0.1738808046875 0.5289378953125 0.1837168609375 0.523475815625 0.20239472187500002
9 0.3747471234375 0.3241987609375 0.3810695859375 0.33436357499999997 0.3923542015625 0.3343143296875 0.40127049687499994 0.31792910937499996 0.4020819765625 0.26946356875 0.397697640625 0.26121339374999997 0.3870931828125 0.271452075 0.3846632765625 0.290885940625 0.376255059375 0.3116920609375 0.3747471234375 0.3241987609375
9 0.335029075 0.5061045859375 0.3466496921875 0.504707709375 0.3524559265625 0.4975669171875 0.356573996875 0.4842795890625 0.35646350625 0.442741215625 0.348288953125 0.43354603125 0.339622621875 0.44569935000000005 0.328448496875 0.487286971875 0.3287066125 0.4959397734375 0.335029075 0.5061045859375
9 0.320511225 0.5869379421875001 0.325637303125 0.5696077140625 0.3239328375 0.537691771875 0.3202205078125 0.526746328125 0.30902193125 0.5296798421875 0.2952458234375 0.5849327921875 0.300474240625 0.5962562390625 0.3136109453125 0.5952373625 0.320511225 0.5869379421875001
9 0.28715277499999997 0.704584634375 0.29194285 0.6886020390625001 0.293262409375 0.6445574015625 0.2855098984375 0.63689885 0.2752414421875 0.6457899 0.2622233765625 0.701231853125 0.2682098375 0.7127443 0.28025249531249996 0.7128840546874999 0.28715277499999997 0.704584634375
9 0.45937720000000004 0.44979217968749996 0.47108385625000004 0.45127956874999997 0.47689008906249997 0.444138778125 0.48696201875 0.3908250875 0.484429771875 0.38160528125000004 0.47836542499999996 0.38009326875 0.47079313906250003 0.39108795625 0.456750765625 0.424803403125 0.45381278125 0.43981636718750006 0.45937720000000004 0.44979217968749996
8 0.47846414687500005 0.26989948125 0.48634798281249997 0.21890305312499997 0.47749327499999994 0.19951843281249998 0.4718509671875 0.1995430546875 0.46360667656250004 0.21323300937499998 0.451682659375 0.2675163296875 0.45657507343750003 0.2801874078125 0.46979781562499995 0.2820528 0.47846414687500005 0.26989948125
8 0.23835995625 0.5192188718749999 0.23365592031250002 0.5380857328124999 0.2349301921875 0.5555803390625 0.23174224375 0.574825203125 0.24042487499999998 0.5884412890624999 0.2528035359375 0.5872334125 0.259703815625 0.5789339906250001 0.26482989375 0.5616037640625 0.26665753125 0.5219800265625001 0.25334059999999997 0.5043456640625 0.24408015156250001 0.5091938140625001 0.23835995625 0.5192188718749999
6 0.2753773 0.461172165625 0.265961075 0.4860211859375 0.268579359375 0.49812525937499996 0.2743937421875 0.5038691703125 0.28786645 0.5015026625 0.2983767203125 0.47549501093749996 0.2966559546875 0.4178096625 0.2881454 0.4099621125 0.2804870765625 0.4180725328125 0.2756970015625 0.4340551265625 0.2753773 0.461172165625
3 0.51620148125 0.551275940625 0.5228517953125 0.5472084203125 0.5319320171874999 0.5237070328125 0.5348537015625 0.4829246625 0.530219403125 0.4789063859375 0.522475040625 0.484132540625 0.5072525828125001 0.5161223500000001 0.501790503125 0.534800209375 0.5047447890625001 0.5455566515625 0.51620148125 0.551275940625
3 0.45593836874999993 0.7380791624999999 0.4662149765625 0.742072815625 0.47581142656250003 0.7358770328124999 0.48278959375 0.7175771765625 0.48596124375 0.67256290625 0.4775367265625 0.6675996234375 0.47240249843750004 0.672045146875 0.4640803203125 0.6957355359374999 0.4561720328125 0.70807785625 0.4521400015625 0.724249453125 0.45593836874999993 0.7380791624999999
3 0.6182584078125 0.668331690625 0.62431460625 0.656959 0.633464565625 0.610572475 0.6224299140625 0.6063898203125 0.602909159375 0.633013721875 0.5960170312499999 0.654197846875 0.5982993125 0.667649553125 0.608997959375 0.6731798421875 0.6182584078125 0.668331690625
3 0.5844462328125 0.468092721875 0.594722840625 0.47208637500000006 0.6024672015625 0.4668602234375 0.610117375 0.4458650984375 0.6145551453125 0.40546073437499996 0.608404759375 0.40106445468749996 0.6025124875000001 0.4053209765625 0.5927602609375 0.4315176296875 0.5844299328125 0.44232331562500005 0.580647865625 0.4542630109375 0.5844462328125 0.468092721875
3 0.6439386171875 0.394178553125 0.64722890625 0.4035873609375 0.6575055125 0.40758101562500004 0.6655858765625 0.4010072296875 0.67088403125 0.3894455375 0.6707898421875 0.37367656718750003 0.677681971875 0.35249244375 0.677673821875 0.339607740625 0.667483253125 0.3384983546875 0.65840303125 0.3619997421875 0.6479706484375 0.3780069578125 0.6439386171875 0.394178553125
3 0.6602189015625 0.1706438421875 0.65585086875 0.18816307031249999 0.6439884359375 0.20667655156250003 0.6395343640625 0.22131151093749998 0.6447627812500001 0.2326349578125 0.653859303125 0.2349029765625 0.660845621875 0.2294878203125 0.6653857328125 0.21773712656250002 0.6649555406250001 0.203315790625 0.6738636859375 0.17404586875 0.672089484375 0.1650150625 0.6660251359375 0.1635030515625 0.6602189015625 0.1706438421875
3 0.57251498125 0.24468112187500002 0.5686550265625 0.2666212515625 0.5595666546875 0.2772379359375 0.5547765796874999 0.29322053124999997 0.556972821875 0.30378797031250004 0.57061760625 0.307189996875 0.578947934375 0.2963843109375 0.5818859203125 0.2813713484375 0.579353675 0.272151540625 0.58649576875 0.246735515625 0.58590165 0.239430346875 0.5794152609375 0.2363817 0.57251498125 0.24468112187500002
3 0.7087092375 0.1440858296875 0.7045911671875 0.1573731578125 0.7060293671875 0.1677515953125 0.7170640171875 0.1719342515625 0.7244723765625001 0.1680557296875 0.728762521875 0.1605369375 0.7289182984375 0.140536065625 0.73388045 0.1303220078125 0.73799036875 0.1041499765625 0.7318399828125 0.09975369843750001 0.72704175625 0.1028515890625 0.71594551875 0.134438775 0.7087092375 0.1440858296875
0 0.71050335625 0.3177334984375 0.715395771875 0.3304045765625 0.725672378125 0.33439823125 0.7348467875 0.3266658140625 0.745934875 0.28219392656250003 0.75299908125 0.2667783375 0.7550069453125 0.2458078375 0.7492786 0.2429481921875 0.7411982359375 0.249521978125 0.730524040625 0.282645796875 0.714871390625 0.300214271875 0.71050335625 0.3177334984375
0 0.687228603125 0.5337986640625 0.6712399515625 0.55271476875 0.6688100453125 0.5721486359375 0.6763125921875 0.5840390859375 0.683893028125 0.5859291 0.6971076203125001 0.574909790625 0.7012256906250001 0.5616224625 0.70180350625 0.5431582265625 0.7103838 0.5281206390625 0.714915759375 0.5034852437499999 0.7087653734375 0.49908896406250003 0.6995909625000001 0.50682138125 0.6934487265625 0.51530980625 0.687228603125 0.5337986640625
2 0.6647327265625 0.6498594765625 0.65960665 0.667189703125 0.661552928125 0.6819890421875 0.668547396875 0.6894585921874999 0.6812620593750001 0.68690308125 0.6895923890625 0.6760973953125 0.7022907515625 0.6477724796875 0.7071587140625 0.6217894515625 0.70462646875 0.6125696453125 0.6988981234375 0.60971 0.68256531875 0.6170890359375 0.677353203125 0.6315349968749999 0.6647327265625 0.6498594765625
10 0.34834692343749996 0.25892873125000004 0.349682784375 0.24065349687499998 0.343524246875 0.22337251406249997 0.33266167343749997 0.2249583953125 0.3282854875 0.229592921875 0.3249254625 0.2430692515625 0.324449984375 0.29018715781250004 0.31957387187499997 0.3032854859375 0.3240442453125 0.314419928125 0.3245604734375 0.33172553437499996 0.3324769125 0.332267915625 0.340893278125 0.324346496875 0.34719944062499997 0.3087419046875 0.34794933437500003 0.2960462046875 0.3421268 0.2774175890625 0.34834692343749996 0.25892873125000004