0 0.3015625 0.253125 0.0390625 0.1
3 0.33671875 0.10390625 0.03125 0.0796875
7 0.7015625 0.38671875 0.046875 0.1203125
9 0.509375 0.17421875 0.0296875 0.0796875
3 0.4765625 0.51015625 0.0328125 0.078125
8 0.60078125 0.49375 0.0390625 0.09375
8 0.56875 0.24765625 0.0359375 0.0890625
10 0.5890625 0.39453125 0.0421875 0.115625
9 0.540625 0.428125 0.0296875 0.0671875
9 0.52421875 0.33515625 0.03125 0.0828125
4 0.29765625 0.34609375 0.046875 0.1109375
6 0.61875 0.6828125 0.040625 0.1
0 0.4375 0.715625 0.0421875 0.1015625
3 0.4625 0.2609375 0.03125 0.08125
9 0.65546875 0.4953125 0.0359375 0.0796875
5 0.290625 0.1 0.0390625 0.096875
3 0.5578125 0.7015625 0.034375 0.0765625
11 0.7625 0.6890625 0.046875 0.1
1 0.2921875 0.428125 0.053125 0.121875
2 0.4734375 0.40546875 0.0375 0.09375
6 0.690625 0.23984375 0.0390625 0.1015625
3 0.390625 0.178125 0.03125 0.078125
3 0.41171875 0.42109375 0.034375 0.0765625
2 0.29453125 0.61796875 0.0453125 0.09375
9 0.621875 0.16953125 0.0296875 0.0796875
5 0.48515625 0.58984375 0.0390625 0.0953125
9 0.6890625 0.7203125 0.034375 0.065625
11 0.66484375 0.08359375 0.0390625 0.1
9 0.61484375 0.10234375 0.028125 0.0734375