0 0.534375 0.61015625 0.03125 0.09375
8 0.41796875 0.51484375 0.03046875 0.0859375
10 0.4078125 0.309375 0.0328125 0.11171875
4 0.41328125 0.16953125 0.03125 0.10859375
2 0.53046875 0.240625 0.028125 0.08984375
5 0.6171875 0.0984375 0.028125 0.0953125
11 0.6 0.4109375 0.03046875 0.09453125
6 0.69609375 0.24296875 0.03359375 0.09765625
3 0.80703125 0.77421875 0.03671875 0.075
9 0.83203125 0.93515625 0.03828125 0.071875
2 0.73125 0.97890625 0.0453125 0.040625
8 0.32890625 0.85 0.034375 0.0828125
2 0.60078125 0.83125 0.034375 0.090625
2 0.42890625 0.98984375 0.021875 0.01875
9 0.8203125 0.99140625 0.028125 0.0171875
9 0.55859375 0.99140625 0.0203125 0.0171875