9 0.5546875 0.3484375 0.034375 0.0796875
0 0.59609375 0.103125 0.0375 0.1046875
9 0.6921875 0.1328125 0.034375 0.0828125
5 0.31328125 0.690625 0.0484375 0.0984375
7 0.515625 0.24296875 0.0453125 0.1203125
0 0.390625 0.70234375 0.04375 0.1015625
3 0.47109375 0.509375 0.0359375 0.0765625
11 0.74453125 0.128125 0.04375 0.1015625
3 0.41953125 0.08046875 0.0328125 0.08125
9 0.61796875 0.19375 0.034375 0.0828125
11 0.71328125 0.7421875 0.053125 0.1015625
9 0.6359375 0.75703125 0.0375 0.0671875
6 0.7375 0.28828125 0.04375 0.103125
9 0.65078125 0.5296875 0.0375 0.0796875
9 0.53125 0.11328125 0.0328125 0.0796875
3 0.34296875 0.58046875 0.0390625 0.078125
6 0.4859375 0.4078125 0.040625 0.1
3 0.5828125 0.615625 0.0359375 0.0765625
0 0.3484375 0.20859375 0.04375 0.0953125
3 0.4578125 0.1640625 0.0328125 0.078125
1 0.309375 0.38828125 0.0578125 0.125
0 0.33125 0.30859375 0.05 0.1109375