2 0.49268363125 0.449168909375 0.5013137484375 0.4401645875 0.5034577546875 0.38876697656250003 0.49097043281249997 0.3611847875 0.479642334375 0.37413565000000004 0.4741431203125 0.42802810625000004 0.47813846406250005 0.44510798281249997 0.49268363125 0.449168909375
11 0.7182765046874999 0.138481696875 0.7170660078125 0.152317734375 0.7224448765625 0.162547684375 0.734119034375 0.163569040625 0.7409504984375 0.1571957453125 0.74347545 0.146263096875 0.7419359875 0.1280038859375 0.751119375 0.1037118328125 0.7540765453125 0.0788750546875 0.7414510828124999 0.0707995 0.73437751875 0.079940003125 0.7303479921875 0.09910618437499999 0.731956525 0.107612078125 0.7182765046874999 0.138481696875
11 0.70577915 0.7564105546875 0.7092383156250001 0.770655134375 0.72264205625 0.7787987796875 0.7343852828124999 0.7700668203125 0.738414809375 0.7509006390625 0.7371694234375 0.738243934375 0.748739621875 0.7225258640625001 0.7502612890625 0.696169303125 0.74033380625 0.6841472078125 0.728953728125 0.6887283562500001 0.7164671125 0.72388496875 0.7073527953125 0.7384237046875 0.70577915 0.7564105546875
5 0.35587565312499997 0.06773829375 0.349736303125 0.10205602656249999 0.356308578125 0.11657296875 0.3697813890625 0.114963296875 0.376318775 0.102987496875 0.370126740625 0.0661967140625 0.374398365625 0.044263325 0.3666326859375 0.025459392187500002 0.358728865625 0.026162090625000002 0.3534539546875 0.0326715671875 0.3513961109375 0.0561928296875 0.35587565312499997 0.06773829375
5 0.2564184734375 0.648781071875 0.25598625468749997 0.6626852000000001 0.2597395 0.6825322859375 0.25624615156249997 0.704533765625 0.25982636718749996 0.717394740625 0.2717946015625 0.724018603125 0.281618125 0.7193012734375 0.2892969390625 0.7032427515624999 0.29009230625 0.6851878124999999 0.284177259375 0.672122565625 0.2794207296875 0.6368515671874999 0.2712228296875 0.6319517609374999 0.2606210296875 0.636601 0.2564184734375 0.648781071875
1 0.30425299687499996 0.33508976874999996 0.29856295781250003 0.33738034375 0.2916624234375 0.3535069546875 0.2929597859375 0.374533375 0.30072546718750004 0.3933373078125 0.29370388125 0.4108475234375 0.29385981875 0.43595666250000004 0.3043405703125 0.4326910265625 0.309477340625 0.4456881828125 0.314025953125 0.44748032968749996 0.3255961515625 0.431762259375 0.327290846875 0.41239180781250007 0.3170692859375 0.39476720625 0.3150456234375 0.3820424109375 0.31727649687500004 0.36550725625 0.312329846875 0.341373178125 0.30425299687499996 0.33508976874999996
4 0.31599551875 0.2636190078125 0.312208090625 0.28001798125 0.31815802656250003 0.31957597031249996 0.3121568171875 0.3343870703125 0.316204140625 0.3598366609375 0.3282934265625 0.36507691875 0.338238 0.358975984375 0.343997109375 0.34693209375 0.3440142 0.3288090640625 0.332599234375 0.3068974703125 0.3357294328125 0.28904680312500003 0.3344320703125 0.26802038437500003 0.3280328234375 0.260489553125 0.31599551875 0.2636190078125
7 0.705049321875 0.45101816875 0.704617103125 0.46492229687500003 0.708733496875 0.4806185703125 0.7200445046875 0.4857907390625 0.7306463062499999 0.48114149843750004 0.7343646625 0.4744958421875 0.73451989375 0.4368661796875 0.744118409375 0.41679302656250006 0.7489952828125 0.3879416203125 0.7400881781249999 0.37322040625 0.7275666734375 0.3818842765625 0.7180030453125 0.4284501703125 0.7083525515625 0.440153609375 0.705049321875 0.45101816875
6 0.7167391578125 0.3084388921875 0.719662146875 0.319848175 0.7467110203125 0.27062945781250003 0.75170894375 0.24039444687499997 0.7414183125 0.2325231625 0.7341026484375 0.24443087187499998 0.727185021875 0.2786805140625 0.7180707046875 0.2932192515625 0.7167391578125 0.3084388921875
9 0.6651471546875001 0.2258503 0.6780147171875 0.23115865000000002 0.6856244593749999 0.22485344375 0.6880283609375 0.2153043984375 0.6873362453125 0.1873599625 0.6913657718749999 0.16819378125 0.6892210609375 0.1568525890625 0.6777199328125 0.1628173421875 0.6730851578125 0.1889015421875 0.6641438703125 0.2104263875 0.6651471546875001 0.2258503
9 0.6704213609375 0.15660202343750002 0.673828546875 0.1624768890625 0.691919040625 0.15290605 0.6961037984375 0.09611020625 0.6928176625 0.088851734375 0.687369721875 0.0883751015625 0.679933009375 0.101666415625 0.670075303125 0.1426298046875 0.6704213609375 0.15660202343750002
9 0.569298021875 0.2188587828125 0.57469398125 0.210965703125 0.5756104 0.191527159375 0.5726874109375 0.1801178765625 0.5755235328125 0.1566647046875 0.56793088125 0.1448468796875 0.56049416875 0.15813819375 0.5515877687499999 0.20615578281250002 0.5560673109375001 0.2177012453125 0.569298021875 0.2188587828125
9 0.6663768609375 0.3821076390625 0.67566420625 0.3745550109375 0.6783102078125001 0.36223875781250003 0.67713389375 0.33982873593749996 0.6811634203125 0.32066255625 0.6744700953125 0.30752921718750004 0.6676386296875 0.3139025125 0.6526270625 0.3599917734375 0.6557230796875 0.378387165625 0.6663768609375 0.3821076390625
9 0.643462884375 0.5543772031249999 0.6539956140625 0.5594812796874999 0.6632829609375 0.5519286515624999 0.666344090625 0.5438313015625 0.6693183515625 0.50087149375 0.6650809078125001 0.4865588234375 0.6543580578125 0.4925916671875 0.640730015625 0.531831 0.640297796875 0.545735128125 0.643462884375 0.5543772031249999
9 0.6452280609375001 0.6507310359375 0.6573173453125001 0.6559712953125 0.6659474640624999 0.646966971875 0.6709105 0.5902392187500001 0.6612770968749999 0.583819628125 0.6542035312500001 0.59296013125 0.6422011140625 0.622582328125 0.6414057453125 0.64063726875 0.6452280609375001 0.6507310359375
9 0.6384670781249999 0.77282861875 0.6498991359375 0.7766171828124999 0.65930753125 0.7676809515625 0.66504884375 0.7110212875 0.6582344703125 0.699271553125 0.6484109453125 0.703988884375 0.63531908125 0.7460635140625 0.6346447625 0.76273485 0.6384670781249999 0.77282861875
9 0.543202571875 0.46334810312499997 0.5547556796875 0.4657530625 0.5632647484375 0.4581323453125 0.565374571875 0.44298079375 0.5630739218749999 0.40653046406250004 0.55949370625 0.3936694875 0.5532674890625 0.3931247640625 0.5478715296875001 0.40101784374999994 0.540037484375 0.45470602812500005 0.543202571875 0.46334810312499997
8 0.59951339375 0.30375974375000003 0.6126230546875 0.306300884375 0.6213742234375 0.295912959375 0.6277727625 0.240704990625 0.6244346468749999 0.22507680625 0.61910775625 0.22321656875 0.60442445 0.238662278125 0.59527595 0.289447071875 0.59951339375 0.30375974375000003
8 0.705328428125 0.6629601078125 0.716639434375 0.6681322765625 0.7292819890625 0.6580848031250001 0.7325332375 0.63885053125 0.7394337734375 0.62272391875 0.74112846875 0.6033534656249999 0.7389837578125 0.5920122734375 0.731806234375 0.5844133515625 0.7134736421875 0.5967514 0.7023014796875 0.6348114015624999 0.7015061125 0.6528663390625 0.705328428125 0.6629601078125
6 0.712055228125 0.5771085859375 0.7194228703125 0.5735705890625 0.7258392078125 0.5629783921875 0.7250260421875 0.536417559375 0.733552203125 0.5106738109375 0.7342265218749999 0.494002475 0.7296259296875001 0.48384061562499997 0.7190241281249999 0.4884898546875 0.6986166 0.542472196875 0.7000869921875 0.570484725 0.712055228125 0.5771085859375
3 0.46302364531249995 0.5371966203125 0.4679873859375 0.5432076671875 0.48068191875000005 0.5415299078125 0.48697720625 0.5323213140624999 0.4878936234375 0.512882771875 0.48391537187500006 0.47767986406249996 0.47829440312499993 0.47021712187500003 0.4726043640625 0.472507696875 0.4620894296875 0.5120193921875 0.46302364531249995 0.5371966203125
3 0.44543655781249997 0.7113264218750001 0.4460766953125 0.7309011453125 0.45313316718749996 0.739883671875 0.464150096875 0.739453334375 0.4722440375 0.7276137140625 0.47369663281249996 0.71101046875 0.4702374671875 0.6967658890624999 0.47008152968749994 0.67165675 0.46667434218750004 0.6657818843750001 0.45709291875 0.6677320046874999 0.44543655781249997 0.7113264218750001
3 0.3405585625 0.6282584921875001 0.35247481875000003 0.626512640625 0.35901220624999997 0.614536840625 0.35939244531250003 0.592263 0.3496031046875 0.5607342703125 0.33780789843750003 0.5610965171875 0.331357378125 0.6079347734375 0.333381040625 0.6206595687500001 0.3405585625 0.6282584921875001
3 0.4135065765625 0.412963734375 0.4139046140625 0.43530566718749997 0.4195255828125 0.442768409375 0.4305425109375 0.4423380703125 0.4386364515625 0.4304984515625 0.43894762187499997 0.4179779265625 0.4345891296875 0.405048859375 0.43389701406250003 0.3771044234375 0.42971155000000005 0.3711614671875 0.42246495624999997 0.3733158609375 0.4135065765625 0.412963734375
3 0.37964191875000003 0.3249551140625 0.3744189859375 0.339834303125 0.3756643703125 0.352491009375 0.381164290625 0.3613373546875 0.39218121875 0.360907015625 0.39835545625 0.3530820265625 0.399808053125 0.33647878124999997 0.39515548125 0.3179472109375 0.39422126562500004 0.29276998125000003 0.38422471406250003 0.29050120156250003 0.3800221578125 0.3026812734375 0.37964191875000003 0.3249551140625
3 0.4355205203125 0.1792708828125 0.435987628125 0.19185949687499998 0.44083031874999995 0.19925415 0.4501696453125 0.20007123437500002 0.4587997640625 0.19106691250000002 0.45935303281250006 0.17577918125 0.4541642828125 0.15441231093750002 0.455737928125 0.1364254625 0.452572840625 0.1277833875 0.4463466234375 0.1272386640625 0.441728940625 0.135199834375 0.440622403125 0.165775296875 0.4355205203125 0.1792708828125
3 0.49375386875 0.2666231 0.49164404531250006 0.28177465 0.49600253906249997 0.2947037171875 0.5100115265625 0.29592934375 0.5155285359375 0.2866526609375 0.5162028546874999 0.269981325 0.511066084375 0.25698416874999996 0.514559434375 0.23498268906250003 0.51073711875 0.22488892031250002 0.503611575 0.22565971093749998 0.5006714953125 0.2323734578125 0.4991498296875 0.25873001875 0.49375386875 0.2666231
3 0.399217071875 0.07431856406250001 0.40058350625 0.08559166562500001 0.3942191484375 0.1045535765625 0.39582768281249997 0.11305947031250001 0.40156970000000003 0.11913860937500001 0.41336490625 0.11877636093749999 0.4181036390625 0.1094315875 0.41853585937500004 0.095527459375 0.41483459375000004 0.08405008750000001 0.41462667656249996 0.050571234374999996 0.411098440625 0.046079971875 0.40385184687500003 0.0482343640625 0.399217071875 0.07431856406250001
0 0.336714215625 0.1971161421875 0.33837472812499997 0.21399174843750002 0.33438009062499996 0.259650671875 0.3405372375 0.2699487109375 0.35155416562499997 0.2695183734375 0.360305334375 0.2591304484375 0.3618789796875 0.2411436 0.3527988453125 0.21943627656250003 0.3534902546875 0.1846419125 0.3479903359375 0.1757955671875 0.34164306875 0.1766344484375 0.336714215625 0.1971161421875
0 0.295658471875 0.43332563593750006 0.291923025 0.458094321875 0.2951400921875 0.475106109375 0.2896750609375 0.49275250625 0.2892428421875 0.506656634375 0.298149946875 0.521377846875 0.30593271875 0.5220587515624999 0.31689766875 0.5132587015625 0.3209271953125 0.49409251875000004 0.311968109375 0.47100159374999995 0.31210625 0.45149496093749997 0.3090622125 0.44146928125 0.30290506562499997 0.431171240625 0.295658471875 0.43332563593750006
2 0.26447682031249997 0.547709909375 0.2606203234375 0.5738621984375001 0.2634051703125 0.6047781140625 0.26776366406249996 0.61770718125 0.278953621875 0.624262953125 0.28799886875 0.61947753125 0.2946573046875 0.6061181265625 0.2954526734375 0.5880631890625 0.289485646875 0.566628228125 0.2892606390625 0.5512724046875 0.27622004843750003 0.5389779484375 0.26987278125 0.539816828125 0.26447682031249997 0.547709909375
10 0.7101675890625 0.3566607515625 0.7067433109375 0.36890891406250004 0.707625546875 0.38571643125 0.7130044171875001 0.39594638125000003 0.7206661375000001 0.3980108890625 0.726788396875 0.3818161859375 0.7346402375000001 0.3727437734375 0.7342941796875 0.35877155625 0.7491846984375 0.3140658984375 0.75039519375 0.3002298609375 0.747766284375 0.29442308281249996 0.7380118312499999 0.2893870953125 0.7265626828125 0.3037215625 0.721875928125 0.32143605000000003 0.7217377875000001 0.3409426828125 0.7101675890625 0.3566607515625