9 0.4625 0.1765625 0.0234375 0.0796875
9 0.34453125 0.509375 0.028125 0.078125
6 0.39765625 0.6921875 0.03125 0.096875
9 0.46171875 0.3375 0.025 0.07890625
7 0.2890625 0.40546875 0.0375 0.1171875
8 0.409375 0.2546875 0.028125 0.0859375
11 0.2546875 0.7109375 0.0375 0.0984375
5 0.6734375 0.08359375 0.03046875 0.0953125
2 0.51875 0.40546875 0.0296875 0.09140625
10 0.40234375 0.403125 0.0328125 0.11171875
3 0.51640625 0.25859375 0.025 0.07890625
1 0.7 0.409375 0.0421875 0.11796875
3 0.459375 0.70546875 0.028125 0.07421875
3 0.628125 0.09140625 0.025 0.07890625
8 0.39921875 0.50234375 0.03125 0.08984375
0 0.58125 0.709375 0.03359375 0.1
3 0.52421875 0.50703125 0.0265625 0.07734375
4 0.68828125 0.32890625 0.0375 0.10703125
11 0.3 0.1 0.03046875 0.0953125
6 0.2875 0.25859375 0.03125 0.0984375
9 0.453125 0.42734375 0.02421875 0.07421875
0 0.67578125 0.2359375 0.0296875 0.0953125
3 0.58046875 0.16953125 0.025 0.0765625
3 0.58125 0.4140625 0.0265625 0.075
5 0.52265625 0.5890625 0.03125 0.0921875
9 0.35 0.18125 0.02265625 0.0765625
9 0.33046875 0.7359375 0.02890625 0.06328125
5 0.7140625 0.60078125 0.03828125 0.08828125
9 0.35 0.10859375 0.02265625 0.07890625