0 0.58359375 0.2484375 0.0296875 0.096875
4 0.41953125 0.16875 0.0328125 0.109375
1 0.47265625 0.16328125 0.0328125 0.1171875
5 0.6234375 0.1 0.0296875 0.096875
2 0.534375 0.2421875 0.0296875 0.090625
6 0.51484375 0.409375 0.03125 0.0984375
11 0.6015625 0.41171875 0.03125 0.0953125
0 0.5328125 0.6109375 0.034375 0.0953125
3 0.659375 0.68828125 0.03125 0.0765625
6 0.70078125 0.246875 0.0359375 0.1
8 0.4171875 0.5109375 0.03125 0.084375
7 0.41015625 0.3921875 0.0359375 0.1171875
9 0.825 0.940625 0.040625 0.0734375
2 0.5953125 0.8328125 0.0359375 0.090625
8 0.32265625 0.84765625 0.0359375 0.084375
10 0.4109375 0.30625 0.034375 0.1109375
2 0.4203125 0.98828125 0.0234375 0.01875
9 0.5484375 0.99140625 0.021875 0.0171875