10 0.56796875 0.57421875 0.05625 0.109375
5 0.6921875 0.41328125 0.05 0.0921875
9 0.4625 0.509375 0.040625 0.0765625
9 0.35 0.490625 0.0390625 0.0765625
9 0.5765625 0.43359375 0.040625 0.075
6 0.45 0.67734375 0.0515625 0.1015625
7 0.75234375 0.7625 0.065625 0.1265625
5 0.6203125 0.34296875 0.053125 0.10625
3 0.45078125 0.39921875 0.0390625 0.0734375
5 0.68125 0.5625 0.053125 0.1046875
9 0.79921875 0.6921875 0.05625 0.1
8 0.60859375 0.821875 0.0546875 0.1015625
3 0.4875 0.31640625 0.0375 0.0734375
8 0.5953125 0.721875 0.05 0.090625
9 0.27734375 0.37890625 0.040625 0.075
9 0.6703125 0.7953125 0.0484375 0.0859375
2 0.55078125 0.3109375 0.0484375 0.09375
9 0.47734375 0.846875 0.0484375 0.0859375
3 0.3484375 0.87734375 0.0484375 0.084375