0 0.57421875 0.2453125 0.0296875 0.096875
4 0.40859375 0.171875 0.0328125 0.109375
1 0.4609375 0.16484375 0.0328125 0.1171875
5 0.609375 0.0953125 0.0296875 0.096875
2 0.525 0.240625 0.0296875 0.090625
6 0.51171875 0.409375 0.03125 0.0984375
11 0.5984375 0.40859375 0.03125 0.0953125
0 0.5359375 0.609375 0.034375 0.0953125
3 0.665625 0.68203125 0.03125 0.0765625
6 0.69140625 0.240625 0.0359375 0.1
8 0.4171875 0.5140625 0.03125 0.084375
7 0.40703125 0.3953125 0.0359375 0.1171875
9 0.840625 0.92890625 0.040625 0.0734375
2 0.60625 0.8296875 0.0359375 0.090625
8 0.33515625 0.85390625 0.0359375 0.084375
10 0.4046875 0.309375 0.034375 0.1109375
2 0.4375 0.990625 0.0234375 0.01875
9 0.56640625 0.990625 0.021875 0.0171875