3 0.69298444375 0.15196271562500002 0.6953615015625 0.1595675640625 0.7072995796875 0.16352499843749999 0.7157231328125 0.1539561390625 0.716522503125 0.1314073703125 0.7253545390625 0.10488632812500001 0.7223154234375 0.0928810046875 0.7151490578125 0.0927776625 0.710648515625 0.09892063125 0.7066057875 0.1179401671875 0.69298444375 0.15196271562500002
3 0.6904524750000001 0.182662715625 0.6877514578125 0.19912760625 0.6771198968750001 0.215326725 0.6734680562500001 0.22874967812500002 0.6747921703124999 0.23755063125000003 0.6864414828125 0.24286660468750002 0.6932345578125 0.23721092968750002 0.6984147546874999 0.2241128390625 0.69671735 0.20955287031249997 0.7055493859374999 0.1830318265625 0.7042252718750001 0.1742308734375 0.698400615625 0.1715728875 0.6904524750000001 0.182662715625
3 0.668555571875 0.31574038125000004 0.6765882375000001 0.3117681078125 0.6811909015625 0.30138709375 0.6882234109375001 0.264544128125 0.6878677171875001 0.24742951249999998 0.6788842296875 0.24835984843749997 0.66028693125 0.28700439375000003 0.6569238562499999 0.2990688078125 0.65919879375 0.3109117015625 0.668555571875 0.31574038125000004
3 0.64015781875 0.3892196328125 0.6432990546874999 0.396986909375 0.6526558328125 0.4018155890625 0.6599243203125 0.39768088437500004 0.667312525 0.3779525328125 0.6666680640625 0.3621964578125 0.673003325 0.3436642125 0.671967978125 0.3335047203125 0.66537914375 0.330684303125 0.6593502453125 0.33650240781249996 0.6436230125 0.372917171875 0.64015781875 0.3892196328125
3 0.654825190625 0.48179208124999995 0.6612449765624999 0.47037739062500006 0.6706897374999999 0.41842807187500003 0.6602800140625 0.41479549843749997 0.6393901828125 0.45295275312500005 0.6357383421875 0.46637570625 0.6380132796875 0.47821859843750003 0.6455529359375001 0.48408095468749995 0.654825190625 0.48179208124999995
3 0.622384709375 0.5742908671875 0.6325056671875 0.579281978125 0.6394853875 0.5765058109375001 0.648877359375 0.5586232921875001 0.6555365796875 0.5160213109375 0.652106578125 0.509612571875 0.6449402109375 0.50950923125 0.6333402296874999 0.5340220109375 0.6235749671875 0.5461455140625 0.6201097718749999 0.562447975 0.622384709375 0.5742908671875
3 0.6080978499999999 0.6678084921874999 0.62119099375 0.6663317734375 0.628086190625 0.6564380515625 0.6373267109375 0.6129648249999999 0.636766775 0.6043263015625 0.626068284375 0.60205226875 0.607199815625 0.6306997546875001 0.6013399671874999 0.6507529671875 0.60266408125 0.6595539203125 0.6080978499999999 0.6678084921874999
3 0.5926559250000001 0.7667602687499999 0.6019281796875 0.7644713953125 0.61160891875 0.7452303375 0.618370259375 0.698390309375 0.614651490625 0.693340109375 0.60643218125 0.6944328750000001 0.585831115625 0.731231590625 0.582077153125 0.7488925890625 0.58511626875 0.7608979125 0.5926559250000001 0.7667602687499999
11 0.3786537890625 0.0638509109375 0.3721142859375 0.090859246875 0.3783967578125 0.10639380312499999 0.3851722375 0.11209372656250001 0.39522626562499996 0.0986116859375 0.3942437078125 0.05438539375 0.39838855624999997 0.0311278109375 0.395060675 0.020481025 0.381203353125 0.0217953125 0.375428028125 0.048966079687500004 0.3786537890625 0.0638509109375
11 0.197748503125 0.63312299375 0.20190749062500002 0.6624053625 0.19642093124999999 0.688217590625 0.20557346875000002 0.7015223625 0.21971955625 0.6988495359375 0.22737893125 0.689118246875 0.231999190625 0.6673816328125 0.22649849375 0.6406539078125 0.2258716296875 0.6135422328125 0.21479985 0.6055091828125 0.20389711875 0.611711240625 0.197748503125 0.63312299375
5 0.7718672640625 0.11903266562499999 0.7761142343749999 0.0915370375 0.76628204375 0.0851873875 0.7587247890625 0.09068063125 0.7533579484375 0.10089921406249999 0.751030221875 0.12312312031249999 0.7405853062500001 0.142201746875 0.735965046875 0.1639383609375 0.7421629921874999 0.1723553625 0.7718672640625 0.11903266562499999
5 0.6463032828124999 0.7398255953125 0.6417851437500001 0.7573241609375 0.645486315625 0.7737299625 0.6499692609375 0.7789425953125 0.6661191171875 0.7781156 0.67196136875 0.7694179859375 0.676394984375 0.7448018656250001 0.686075721875 0.7255608062500001 0.6889809812500001 0.7006198234375 0.6737995453125001 0.6931331578125 0.662115040625 0.710528384375 0.6560685453125 0.727702090625 0.6463032828124999 0.7398255953125
8 0.23480578749999997 0.5827831437500001 0.24013743437500001 0.5952757609375 0.2552343453125 0.5956448734374999 0.2631824875 0.5845550453125 0.2665455609375 0.57249063125 0.2675667703125 0.530110171875 0.255170875 0.51327616875 0.250874575 0.51094304375 0.2448456765625 0.5167611484375 0.23514734218750002 0.54735780625 0.23480578749999997 0.5827831437500001
8 0.358693725 0.18030125624999999 0.37273769218749997 0.181866475 0.3828093171875 0.1570288328125 0.3805519765625 0.13383034062500002 0.3830663484375 0.1144859421875 0.371536753125 0.0935763234375 0.36358861249999996 0.1046661515625 0.35869718281249996 0.11640570312500001 0.35412625468750003 0.1679710703125 0.358693725 0.18030125624999999
2 0.72373474375 0.2252350171875 0.7297284484375 0.24212811093750003 0.7477975453125 0.23602939374999998 0.75347075 0.2130966734375 0.76507073125 0.1885838921875 0.7673984578125 0.1663599875 0.765310165625 0.1573966 0.7585346859375 0.15169667656250002 0.74387799375 0.17555973125 0.7412790984375001 0.1877865765625 0.727573228125 0.214691571875 0.72373474375 0.2252350171875
2 0.6812581359375 0.6279824078125 0.6698623968749999 0.6440190968749999 0.6650554921875 0.6628762015625 0.667805840625 0.6762400640624999 0.674292553125 0.683298528125 0.685568575 0.6828554859375 0.69428089375 0.6719280890625 0.707613471875 0.639264078125 0.711282909375 0.6144855265625 0.7091946171875 0.605522140625 0.7033699609374999 0.6028641546875 0.6937068187500001 0.6107496140625 0.686540453125 0.610646271875 0.6812581359375 0.6279824078125
0 0.7043028812500001 0.30913953125 0.7093457625 0.3229906859375 0.7189913078125 0.326460828125 0.728943215625 0.31721683125 0.7352115484375 0.280211434375 0.7447056421875 0.25809086875 0.7461670703125 0.2399425765625 0.7413953578125 0.23608848437500002 0.7315455703125 0.24109443437500003 0.7225092921875 0.27609156874999996 0.7088210203124999 0.2916409640625 0.7043028812500001 0.30913953125
0 0.689635815625 0.5246892437499999 0.6756587765625001 0.541597178125 0.6709539921875 0.5562162374999999 0.673415575 0.5709386375000001 0.6867798875 0.57945898125 0.6961542625 0.5729320609374999 0.7015211046875 0.5627134765624999 0.7042397171875 0.5348929874999999 0.71181456875 0.51804414375 0.7151952390625 0.49462412968749997 0.7122406484375 0.489736359375 0.7016266828125 0.49457987968749995 0.6938651874999999 0.508549215625 0.689635815625 0.5246892437499999
4 0.72721061875 0.3253680609375 0.718480703125 0.347651059375 0.7165438640625 0.3642783796875 0.69893258125 0.38325366562499996 0.69393903125 0.3992312640625 0.6959252015625 0.41243269531250004 0.7036515046875 0.421174559375 0.7159804703125 0.419535409375 0.7272916859375 0.3963811671875 0.72809105625 0.3738324 0.737092140625 0.3615464640625 0.7441915796874999 0.34317665 0.74621294375 0.3336668828125 0.7438358859374999 0.3260620359375 0.73447910625 0.32123335625 0.72721061875 0.3253680609375
10 0.3408254109375 0.24181943281249998 0.33272581875 0.2273185546875 0.3197171984375 0.23591282656249998 0.3168295359375 0.2494982109375 0.31867839375 0.2896488859375 0.3131073109375 0.3083435609375 0.317963546875 0.3193152078125 0.31955883125 0.3381132234375 0.32748937499999997 0.3383789953125 0.3353353953125 0.3315272125 0.34167065625 0.3129949703125 0.341688253125 0.3016393703125 0.334743725 0.2817043375 0.34060357343750003 0.261651125 0.3408254109375 0.24181943281249998
6 0.33208135781250003 0.211562478125 0.34366028437499996 0.2623008484375 0.349791303125 0.252244696875 0.3529677328125 0.23730077500000002 0.3482136171875 0.22209108125000002 0.35149216562499996 0.20290911406249998 0.35076318125 0.180035484375 0.34809735625 0.173789175 0.33653256875 0.17559075625 0.3320144296875 0.19308932343750002 0.33208135781250003 0.211562478125
6 0.280444990625 0.42067404062499997 0.2734300765625 0.4461614046875 0.2742611828125 0.464796990625 0.2659045578125 0.492839003125 0.2706586734375 0.508048696875 0.282596753125 0.5120061296875 0.29178448281249997 0.5025997015625 0.29803521875 0.4769499046875 0.2928056921875 0.46021924375 0.2954045875 0.44799239843749994 0.2943868375 0.4264773046875 0.28895306718749997 0.418222734375 0.280444990625 0.42067404062499997
7 0.306705121875 0.3084026515625 0.29406979375 0.3227559390625 0.2913511796875 0.35057642968749997 0.29495023125 0.3712202765625 0.283332653125 0.40708865625 0.2854209453125 0.41605204218749997 0.2937247796875 0.4220768296875 0.30605374531249996 0.420437678125 0.31823125937499996 0.39320782187500003 0.3180622109375 0.3789727140625 0.31054015 0.361754759375 0.3160091109375 0.3472981296875 0.316910603125 0.320511315625 0.306705121875 0.3084026515625
9 0.3236546546875 0.59314905 0.3273064953125 0.579726096875 0.3253555171875 0.5438134671875 0.319259690625 0.53115841875 0.308832371875 0.538881446875 0.30678534375 0.5782721828125 0.30471925781250003 0.60332338125 0.31599527968749996 0.6028803390624999 0.3236546546875 0.59314905
1 0.7406559984375 0.40490150937499997 0.73388051875 0.399201584375 0.7250836765625001 0.403011428125 0.71434999375 0.42344859375 0.7113602109375 0.441272021875 0.7057046031249999 0.45284914374999996 0.6921184515625 0.46416049218750005 0.6871249015625 0.480138090625 0.6894843625 0.4990985375 0.6962598421874999 0.5047984624999999 0.7013379171875 0.49593841875000005 0.7122406484375 0.489736359375 0.7148043515625 0.500220715625 0.7230588546875001 0.47641675 0.7217523375 0.4562601953125 0.7336234890625 0.44174447499999997 0.7411983390625 0.4248956328125 0.7432197015625001 0.4153858640625 0.7406559984375 0.40490150937499997
9 0.29795791718750003 0.650163409375 0.28888990468750003 0.643976190625 0.280466353125 0.6535450484374999 0.26920446875000004 0.70652804375 0.27577570625000003 0.7207040609375001 0.287051728125 0.72026101875 0.2985495890625 0.699986284375 0.29795791718750003 0.650163409375
9 0.3333388515625 0.5100124375 0.345090284375 0.5110903671875 0.352749659375 0.501359075 0.357081153125 0.48098100156249995 0.3531264078125 0.4432225390625 0.34529798437500003 0.43871872187500005 0.34213915156249997 0.44230704374999996 0.33811402031250004 0.4499709796875 0.328007203125 0.497519821875 0.3333388515625 0.5100124375
9 0.3790273859375 0.3777320890625 0.3753262140625 0.3613262875 0.3652897828125 0.3634527296875 0.35058029999999996 0.42138258593750005 0.355725303125 0.43099569375 0.36489543750000003 0.432944865625 0.3746607 0.4208213625 0.3790273859375 0.3777320890625
9 0.37714679375000004 0.296397059375 0.3694698234375 0.31748394687500003 0.36868805 0.328677115625 0.3753614078125 0.33861508749999997 0.3855844859375 0.339368153125 0.3924796828125 0.3294744328125 0.3947898125 0.31860612499999996 0.3956243765625 0.2733461578125 0.392483140625 0.2655788796875 0.3871338953125 0.2644418625 0.37918575468750004 0.275531690625 0.37714679375000004 0.296397059375
9 0.41941946718749995 0.2102479203125 0.4127461078125 0.2003099484375 0.40432255625 0.2098788078125 0.39287402656250003 0.2599822953125 0.3969660859375 0.2707915109375 0.409481696875 0.27203186874999996 0.4177186046875 0.259583503125 0.41941946718749995 0.2102479203125
9 0.41600706093750006 0.19248358125 0.42385308125 0.1856317984375 0.42750492187500005 0.172208846875 0.42852612968750003 0.1298283875 0.42472283749999995 0.11766063281250001 0.41937359374999994 0.116523615625 0.41592599531249996 0.12147047500000001 0.4033224015625 0.1770081171875 0.406361515625 0.189013440625 0.41600706093750006 0.19248358125
9 0.4305509515625 0.056423067187499995 0.41813400312500004 0.11484021562499999 0.43273790625 0.1250439578125 0.442605290625 0.1086824078125 0.443915265625 0.06494340937500001 0.4404007390625 0.051417115624999996 0.4305509515625 0.056423067187499995