3 0.6396166546875001 0.392048596875 0.648366871875 0.39641212656249997 0.65827713125 0.389697684375 0.667441896875 0.33772171875 0.66605261875 0.32760455 0.6585999859375 0.32488013437499996 0.65455775 0.3298086390625 0.645887284375 0.35648609531250003 0.6393415734375 0.366614428125 0.6361604125 0.38015665 0.6396166546875001 0.392048596875
3 0.658137665625 0.47147134687500003 0.6680718109375 0.4196310453125 0.6672107359375 0.411017325 0.6572087828125001 0.40925371093749996 0.6376633453125 0.448116765625 0.6342410046875 0.463026778125 0.6384666296875 0.4750543875 0.6505355484375 0.478592778125 0.658137665625 0.47147134687500003
3 0.6562421453125 0.5092156140624999 0.645183784375 0.5044450984375 0.6248689656249999 0.5431724890625 0.6219748296875001 0.5595859515625 0.6249028703125 0.569974446875 0.6418292531249999 0.5729590250000001 0.6503502343750001 0.5561274125 0.6562421453125 0.5092156140624999
3 0.6309642984375 0.6570724390625 0.6411854703125 0.6081033765625 0.6403243953125 0.5994896578125 0.6295530609375 0.5975903812500001 0.61294760625 0.6242790015625 0.6065394359375 0.64712441875 0.6105238828124999 0.6605198171875 0.6215822421875 0.6652903328125 0.6309642984375 0.6570724390625
3 0.4707935734375 0.7106282734375 0.46818646093750005 0.729912975 0.474720228125 0.7423475749999999 0.48751268124999997 0.7417825984374999 0.49232430000000005 0.7369897578125 0.49800893437499993 0.71824770625 0.4985610234375 0.6746252968750001 0.48827204531249996 0.6699904421875 0.47999224218750003 0.6854542671875 0.4778216390625 0.6977643640625 0.4707935734375 0.7106282734375
3 0.5436412796875 0.27499320312500003 0.54046011875 0.28853542499999996 0.5431469796874999 0.300291709375 0.5552158984375 0.3038301 0.561566278125 0.2993085859375 0.5667227109375 0.27906308125 0.5632664671875001 0.267171134375 0.5684229000000001 0.24692563281250002 0.56621839375 0.23243377187499997 0.55703166875 0.2350448484375 0.5525529234375 0.2469479578125 0.5511975484375 0.26363274375 0.5436412796875 0.27499320312500003
3 0.6807544609375 0.1722416296875 0.67641325625 0.1968618234375 0.6685699609375 0.20535104375 0.663126503125 0.22272530468750001 0.6681215093749999 0.2348885765625 0.6781234625 0.2366521921875 0.6864491140625 0.22542739531249997 0.688619715625 0.2131172984375 0.68646105625 0.202864465625 0.694362140625 0.1760513453125 0.6914341015625001 0.16566285 0.6868178140625 0.164848875 0.6807544609375 0.1722416296875
3 0.7035149625 0.1466383109375 0.70381393125 0.12694662031249998 0.7108997875 0.095758809375 0.7056636046875 0.0849633265625 0.696522725 0.09181343125 0.680479378125 0.146807459375 0.6854285359375 0.1547317046875 0.6969692515625 0.15676664375 0.7035149625 0.1466383109375
3 0.7484375 0.121875 0.0015625 0.0015625
5 0.7229906671874999 0.1486620890625 0.7243799453124999 0.15877925937499998 0.7303396625 0.16547137812499998 0.7442463125 0.149589403125 0.761828421875 0.0948667 0.7616908812500001 0.0821496140625 0.7516430796875 0.076146971875 0.7432715828124999 0.0831327390625 0.73927519375 0.0923002703125 0.73791981875 0.10898505781250001 0.7229906671874999 0.1486620890625
5 0.6509204343749999 0.7508513875 0.654950728125 0.7684858140624999 0.6596128609374999 0.77353881875 0.67471345625 0.77338083125 0.684486175 0.7539493046875 0.686565084375 0.73316115 0.69629195625 0.7094905953125 0.6963955921875 0.695405721875 0.6875995296874999 0.686803165625 0.6794233625 0.688182115625 0.6563180453124999 0.729238096875 0.6509204343749999 0.7508513875
2 0.738192975 0.2289099765625 0.75621159375 0.1672126671875 0.754248265625 0.1513530171875 0.7503555140625 0.14643567500000002 0.7329348312499999 0.1687496046875 0.71453749375 0.2190976171875 0.7205889046875 0.2342677921875 0.724435809375 0.23494610468750002 0.738192975 0.2289099765625
2 0.67568009375 0.6734189296875 0.688277215625 0.678460771875 0.6946275953125001 0.6739392546875 0.7133578046875 0.6307015109375 0.7145756390625 0.6012996375 0.7101546828124999 0.59487884375 0.6902883171875 0.6040687 0.686096596875 0.61884305 0.6735333781249999 0.640603165625 0.6706392421875 0.657016628125 0.67568009375 0.6734189296875
0 0.697517490625 0.3021257296875 0.7030406984375001 0.315792453125 0.712801475 0.31892385624999997 0.72218353125 0.3107059640625 0.7266164296875 0.2945638265625 0.7261460171875 0.2747364734375 0.7363552453125 0.248330340625 0.7361718578125 0.2313742265625 0.7223688453125 0.233171328125 0.7112865984375001 0.273526671875 0.7001704484375 0.2870800578125 0.697517490625 0.3021257296875
0 0.674500015625 0.5406412640625 0.6731446421875 0.5573260515625 0.681745375 0.5715354265625 0.69198850625 0.5719312515625 0.700842359375 0.5622099078125 0.7050340796875 0.5474355578125001 0.7053330484375 0.52774386875 0.711591734375 0.5147442953125 0.715887090625 0.48588507343750004 0.707136875 0.48152154375 0.7005453171875 0.48741085 0.6891301984375 0.520655925 0.674500015625 0.5406412640625
4 0.7199670828125 0.31877703125 0.7084024796875 0.36186795312500003 0.7012827203125 0.3662538046875 0.69324409375 0.380349840625 0.6903041109375 0.392524275 0.6927497953125 0.4056483484375 0.7023152390625 0.41438656875 0.7150618453125 0.4095825640625 0.7240651828125 0.390015375 0.7237901015625 0.36458120625 0.7318745734375 0.35472419843749997 0.738328590625 0.336117809375 0.740258015625 0.3251755 0.737088796875 0.31615479375 0.7273280203125 0.313023390625 0.7199670828125 0.31877703125
1 0.73022023125 0.39110067656249997 0.722331090625 0.395350865625 0.7115478125 0.4160145203125 0.7069654296875 0.4420025015625 0.6907506375 0.4574774875 0.6860765609375 0.4749874140625 0.6919326421875 0.4957644046875 0.69707713125 0.4980818328125 0.7107426015625 0.483567646875 0.7141529984375 0.49122056562500005 0.716943496875 0.48889197656250005 0.7220999296875 0.4686464734375 0.7203319328125 0.44718000625 0.7314480828125001 0.4336266203125 0.7374197437500001 0.417755809375 0.7366623046874999 0.39505721718750003 0.73022023125 0.39110067656249997
9 0.52598134375 0.2041841734375 0.5298062890625 0.1554975984375 0.5263041984375 0.1393666234375 0.519907971875 0.13964911093750002 0.5161527609375 0.147448853125 0.502945759375 0.204353321875 0.5094336796875 0.21254889062500001 0.5189074312499999 0.21280905468750003 0.52598134375 0.2041841734375
9 0.4730497015625 0.44588692031250005 0.47913694375000004 0.3933683046875 0.47361373437500004 0.37970158125000003 0.4685150921875 0.38162318281249996 0.46374932187500006 0.3906550515625 0.44944006718749996 0.4403135890625 0.45597383437500005 0.45274818593750005 0.4669863484375 0.453279675 0.4730497015625 0.44588692031250005
9 0.34711046093750003 0.51676120625 0.35264561250000004 0.5078649984375 0.3563091296875 0.4915872 0.3533930328125 0.45863577343750006 0.34863920625 0.44510471249999994 0.3412324203125 0.4466193265625 0.336707828125 0.45428340624999997 0.32802541875 0.5035237953125 0.333020425 0.5156870671875 0.34711046093750003 0.51676120625
9 0.32677175625 0.6006144578125 0.3314458328125 0.58310453125 0.32723215156249996 0.5485139921875 0.32329355312499997 0.539357621875 0.31155750625 0.5429295 0.301428028125 0.60037661875 0.3084441515625 0.6100756390625001 0.3207084015625 0.6080072125 0.32677175625 0.6006144578125
9 0.3038498265625 0.6586265515624999 0.294043203125 0.6512561203125 0.28595873125 0.6611131265625 0.2765527875 0.7144568812500001 0.282845378125 0.7282592671875 0.29563783125 0.7276942921875 0.30541055 0.708262765625 0.3038498265625 0.6586265515624999
9 0.38623909218749997 0.276855559375 0.37950999375 0.270027778125 0.3716666984375 0.2785169984375 0.3627889578125 0.33336420312500004 0.36980508125 0.3430632234375 0.38206933125 0.340994796875 0.3882821703125 0.3237561953125 0.38623909218749997 0.276855559375
9 0.405326059375 0.1956022234375 0.41494929375 0.1860165421875 0.4161790703125 0.1340517390625 0.40988648124999993 0.120249353125 0.4017561609375 0.12586733125 0.3997231 0.15089451250000002 0.391913709375 0.186185690625 0.39686286718749997 0.194109934375 0.405326059375 0.1956022234375
9 0.4044549671875 0.1150606859375 0.41892372343749995 0.1274841203125 0.4245047203125 0.12282694375 0.42922464375 0.1095560453125 0.42644608906250003 0.0893217046875 0.429007353125 0.0657979734375 0.425551109375 0.0539060265625 0.4201654421875 0.0529563890625 0.41511264687500005 0.05911701875000001 0.4106219578125 0.09358305781250001 0.4044549671875 0.1150606859375
8 0.454668159375 0.28469050625 0.46097269062499996 0.2759299625 0.466244703125 0.21903665625 0.45528998125 0.20018126718749998 0.4449432125 0.2138703140625 0.4397867796875 0.23411581718750002 0.43587014062499996 0.2743243359375 0.44418384843750003 0.28566246875 0.454668159375 0.28469050625
8 0.23761524843749998 0.5933556484375 0.24645715781250002 0.6061972328125 0.2605013484375 0.6030323453124999 0.267047059375 0.5929040109375 0.2699411953125 0.57649055 0.26634741093750003 0.5518815171875 0.2685180140625 0.5395714203125 0.25039768281249997 0.5208628546875 0.24057911718749997 0.5360553546875 0.236961446875 0.5565721828125 0.23761524843749998 0.5933556484375
11 0.370936996875 0.021711050000000003 0.36357605937500004 0.027464690625 0.3597630578125 0.053588335937499995 0.3621051046875 0.08079728281250001 0.355696934375 0.1036427 0.36453884531249997 0.116484284375 0.3752643328125 0.11414453437500001 0.3803171296875 0.1079839046875 0.3832571125 0.0958094703125 0.37755051562499997 0.065186634375 0.3824657703125 0.04630891875 0.3820412046875 0.030720593750000004 0.37863080781249997 0.0230676765625 0.370936996875 0.021711050000000003
11 0.22687781718750002 0.6182583296875 0.219425184375 0.6155339140625 0.20749380624999997 0.6247126078125 0.201613840625 0.6490614765625 0.2085263265625 0.6728453703125 0.20452993749999998 0.682012903125 0.2034615875 0.7015689296875001 0.21278585468750003 0.7116749375 0.22784060312499999 0.7072779234375 0.23414513593750003 0.6985173796875 0.23819931562500002 0.6710259453125 0.2300809390625 0.65408099375 0.23302092187499998 0.641906559375 0.2302882125 0.625911246875 0.22687781718750002 0.6182583296875
6 0.2874774578125 0.5175288171875 0.295516084375 0.50343278125 0.2971584828125 0.4896192328125 0.2917050078125 0.43506567812499997 0.28675585 0.427141434375 0.28137018125 0.426191796875 0.2763173859375 0.43235242500000004 0.266371296875 0.5067556578125 0.27314624374999996 0.517822465625 0.2874774578125 0.5175288171875
6 0.33132601093749997 0.2643522734375 0.3346905609375 0.2677661640625 0.3402257125 0.25886995625 0.34158108593750003 0.24218516874999999 0.338366021875 0.22892543281250002 0.34068610781249997 0.2067694921875 0.3386310859375 0.1824317859375 0.3321890125 0.17847524374999998 0.32381751406250003 0.1854610109375 0.321589121875 0.2160950109375 0.33132601093749997 0.2643522734375
10 0.3313838015625 0.24602837187499998 0.32460885625 0.23496156250000003 0.310851690625 0.24099769218749997 0.3081409421875 0.27436726718750004 0.3122170828125 0.296240721875 0.30653244687500003 0.31498277343750003 0.314018984375 0.344509146875 0.321953971875 0.344497984375 0.331818384375 0.3335445140625 0.334517190625 0.32273786875 0.334333803125 0.3057817546875 0.327513009375 0.2904759171875 0.3316588828125 0.2714625421875 0.3294543765625 0.2569706796875 0.3313838015625 0.24602837187499998
7 0.311045096875 0.3298816234375 0.30734767500000004 0.319357465625 0.29681751875 0.3160904 0.2882506890625 0.328682984375 0.286263475 0.35794919375 0.290776125 0.3728480421875 0.280463259375 0.4133390484375 0.282863096875 0.42222409218749996 0.2911309578125 0.4293231984375 0.3023846484375 0.4284868984375 0.307196265625 0.42369405625 0.3143738171875 0.400984303125 0.313421046875 0.38389252812499997 0.3066461015625 0.3728257171875 0.311710840625 0.344102159375 0.311045096875 0.3298816234375