8 0.32890625 0.85 0.034375 0.08203125
10 0.390625 0.8234375 0.03984375 0.10390625
11 0.26484375 0.8453125 0.040625 0.09375
6 0.46484375 0.83203125 0.03359375 0.0921875
3 0.475 0.5171875 0.02734375 0.078125
4 0.57421875 0.3921875 0.034375 0.1109375
1 0.41171875 0.2328125 0.0328125 0.11484375
2 0.5984375 0.8328125 0.03359375 0.090625
0 0.68359375 0.82890625 0.0375 0.08984375
5 0.7453125 0.81953125 0.040625 0.0921875
7 0.51875 0.23984375 0.03203125 0.1171875
9 0.63203125 0.171875 0.02421875 0.07890625
0 0.42890625 0.98984375 0.02109375 0.01953125
9 0.5578125 0.990625 0.021875 0.01875