9 0.73046875 0.76875 0.03125 0.078125
4 0.3515625 0.47109375 0.0359375 0.1
6 0.659375 0.4671875 0.0296875 0.09375
7 0.4578125 0.4875 0.034375 0.1078125
10 0.45078125 0.75859375 0.0390625 0.1046875
0 0.34375 0.77421875 0.0390625 0.1
9 0.65546875 0.6171875 0.03125 0.0734375
5 0.2953125 0.55390625 0.0359375 0.0875
9 0.5375 0.53203125 0.0265625 0.0671875
9 0.46640625 0.62421875 0.0296875 0.075
6 0.59375 0.4234375 0.03125 0.090625
3 0.475 0.4171875 0.0265625 0.071875
9 0.596875 0.93828125 0.034375 0.084375
2 0.41328125 0.4234375 0.03125 0.0890625
9 0.3953125 0.9265625 0.034375 0.0828125
0 0.58125 0.5953125 0.0375 0.115625
8 0.46171875 0.93984375 0.0390625 0.1015625
3 0.59921875 0.75 0.0296875 0.075
8 0.45390625 0.83671875 0.0359375 0.0875
3 0.73125 0.94140625 0.034375 0.084375