1 0.58671875 0.0859375 0.0296875 0.1203125
5 0.48203125 0.5984375 0.03125 0.0921875
11 0.64765625 0.43125 0.0328125 0.096875
9 0.653125 0.51171875 0.028125 0.0765625
7 0.48359375 0.24375 0.03125 0.1125
4 0.42578125 0.32109375 0.034375 0.1078125
6 0.475 0.4109375 0.0296875 0.096875
9 0.646875 0.1125 0.025 0.08125
11 0.590625 0.3296875 0.0296875 0.090625
3 0.5375 0.41640625 0.025 0.075
3 0.59609375 0.6046875 0.028125 0.0734375
9 0.5796875 0.18046875 0.025 0.08125
3 0.3546875 0.5984375 0.0296875 0.075
3 0.4265625 0.1 0.021875 0.075
9 0.484375 0.11328125 0.021875 0.078125
0 0.54765625 0.09609375 0.025 0.1
5 0.29375 0.40390625 0.034375 0.090625
3 0.47578125 0.178125 0.021875 0.078125