7 0.5875 0.31640625 0.0375 0.1171875
11 0.6046875 0.4171875 0.0359375 0.0953125
10 0.41796875 0.30546875 0.0390625 0.1125
6 0.65859375 0.24296875 0.034375 0.0984375
9 0.45 0.7 0.0328125 0.0796875
2 0.475 0.42734375 0.034375 0.0921875
8 0.3109375 0.840625 0.0390625 0.084375
0 0.59140625 0.24765625 0.03125 0.09375
5 0.63828125 0.10390625 0.0328125 0.0953125
5 0.46875 0.49375 0.0359375 0.096875
8 0.3109375 0.340625 0.0359375 0.0875
1 0.596875 0.153125 0.0359375 0.1171875
9 0.33671875 0.60703125 0.0328125 0.0796875
3 0.6515625 0.6953125 0.034375 0.078125
4 0.43125 0.1640625 0.0375 0.1109375
9 0.36171875 0.42109375 0.0328125 0.0796875
0 0.5296875 0.61171875 0.0375 0.0921875
6 0.7046875 0.509375 0.040625 0.096875
3 0.5828125 0.615625 0.0328125 0.0765625
3 0.7125 0.23984375 0.0328125 0.078125
2 0.58359375 0.8359375 0.0390625 0.090625
2 0.403125 0.98515625 0.0234375 0.0203125