6 0.6625 0.4875 0.0390625 0.0953125
4 0.35625 0.453125 0.04375 0.103125
7 0.45859375 0.48125 0.04375 0.1109375
10 0.41953125 0.75 0.0484375 0.1078125
0 0.31171875 0.753125 0.0484375 0.103125
5 0.290625 0.528125 0.04375 0.0890625
9 0.53203125 0.5359375 0.0328125 0.0703125
6 0.60234375 0.43515625 0.0375 0.09375
9 0.4515625 0.61953125 0.0359375 0.0765625
9 0.640625 0.634375 0.0359375 0.0765625
3 0.484375 0.4140625 0.0328125 0.071875
2 0.4234375 0.41328125 0.0390625 0.090625
9 0.696875 0.79375 0.0390625 0.08125
9 0.34375 0.9109375 0.0421875 0.084375
9 0.5421875 0.946875 0.040625 0.0859375
3 0.5671875 0.7609375 0.0359375 0.0765625
8 0.40859375 0.93203125 0.0484375 0.1046875
8 0.41328125 0.828125 0.04375 0.0921875
3 0.67578125 0.96171875 0.0421875 0.0765625