9 0.33359375 0.1890625 0.0296875 0.0796875
8 0.28125 0.1828125 0.0359375 0.0921875
3 0.6078125 0.16875 0.028125 0.0734375
2 0.65859375 0.16015625 0.0328125 0.0765625
2 0.66171875 0.1203125 0.03125 0.0734375
9 0.3453125 0.26640625 0.0296875 0.08125
6 0.28359375 0.52578125 0.0390625 0.096875
8 0.27578125 0.61796875 0.040625 0.0890625
9 0.3390625 0.34140625 0.03125 0.0796875
11 0.26484375 0.72265625 0.0453125 0.1
5 0.7203125 0.6859375 0.04375 0.09375
0 0.69453125 0.48515625 0.0375 0.090625
9 0.34453125 0.51796875 0.0328125 0.0796875
1 0.69453125 0.39921875 0.046875 0.11875
7 0.2765625 0.42109375 0.04375 0.1078125
9 0.33984375 0.615625 0.0328125 0.078125
2 0.71875 0.5875 0.0421875 0.090625
3 0.65078125 0.59609375 0.0328125 0.075
6 0.2734375 0.2671875 0.034375 0.090625
3 0.61796875 0.32890625 0.0296875 0.075
4 0.678125 0.31875 0.04375 0.109375
9 0.3421875 0.7328125 0.034375 0.084375
9 0.3453125 0.4328125 0.03125 0.08125
10 0.2796875 0.3375 0.040625 0.10625
3 0.63515625 0.409375 0.03125 0.0734375
3 0.65625 0.69453125 0.034375 0.078125
3 0.64453125 0.50546875 0.03125 0.075
3 0.60546875 0.08515625 0.028125 0.078125
3 0.6109375 0.24296875 0.0296875 0.075
11 0.27734375 0.109375 0.0359375 0.096875
9 0.3296875 0.1203125 0.028125 0.0828125
5 0.65078125 0.07578125 0.0359375 0.0984375
0 0.6609375 0.2265625 0.0359375 0.0984375
2 0.684375 0.2890625 0.0265625 0.0484375
2 0.609375 0.1453125 0.01875 0.03125
2 0.64765625 0.48671875 0.0203125 0.034375
2 0.63828125 0.390625 0.0203125 0.0328125
2 0.65390625 0.5796875 0.01875 0.0328125
2 0.725 0.5578125 0.015625 0.025