9 0.41796875 0.1921875 0.03125 0.0625
9 0.346875 0.53046875 0.0390625 0.08125
9 0.44375 0.4375 0.0328125 0.06875
9 0.43984375 0.34453125 0.0359375 0.08125
11 0.24609375 0.13203125 0.04375 0.0984375
11 0.28671875 0.74375 0.05 0.1015625
7 0.278125 0.4359375 0.053125 0.1203125
6 0.25625 0.28984375 0.0453125 0.103125
10 0.38984375 0.41875 0.0484375 0.1140625
0 0.609375 0.69609375 0.046875 0.103125
5 0.53671875 0.58671875 0.0421875 0.09375
2 0.7265625 0.56796875 0.05 0.09375
3 0.525 0.50390625 0.0375 0.0796875
3 0.4828125 0.259375 0.0359375 0.08125
3 0.4890625 0.70859375 0.0390625 0.0796875
1 0.6859375 0.3828125 0.0578125 0.1234375
4 0.6625 0.30390625 0.0515625 0.1125
0 0.6375 0.2140625 0.04375 0.103125
5 0.6140625 0.06328125 0.04375 0.0984375
3 0.5703125 0.07734375 0.0359375 0.08125
6 0.425 0.7046875 0.04375 0.1
8 0.40078125 0.51640625 0.0421875 0.09375
8 0.37578125 0.26953125 0.0390625 0.0890625
2 0.50546875 0.40234375 0.0421875 0.0953125
3 0.534375 0.16171875 0.0359375 0.078125
3 0.56875 0.40390625 0.0375 0.078125
9 0.30625 0.20546875 0.0328125 0.0796875
9 0.365625 0.7578125 0.0375 0.0671875
9 0.296875 0.134375 0.0328125 0.078125