9 0.4578125 0.17734375 0.0421875 0.0828125
9 0.653125 0.471875 0.046875 0.0828125
6 0.64609375 0.66171875 0.053125 0.1015625
9 0.49765625 0.3328125 0.04375 0.0828125
7 0.68203125 0.35703125 0.0640625 0.1234375
8 0.52890625 0.23984375 0.0484375 0.090625
11 0.7890625 0.6453125 0.0609375 0.1046875
5 0.23125 0.13828125 0.053125 0.1
2 0.45859375 0.4125 0.0515625 0.0953125
10 0.57109375 0.38203125 0.059375 0.115625
3 0.42578125 0.26953125 0.04375 0.0828125
1 0.284375 0.46015625 0.06875 0.125
3 0.5890625 0.68984375 0.0453125 0.078125
3 0.2765625 0.134375 0.04375 0.0828125
8 0.5984375 0.478125 0.0515625 0.0953125
0 0.471875 0.72265625 0.05625 0.1046875
3 0.478125 0.5125 0.04375 0.08125
4 0.27578125 0.3796875 0.0625 0.1125
11 0.59765625 0.06328125 0.053125 0.1
6 0.64765625 0.2140625 0.0546875 0.103125
9 0.528125 0.41796875 0.0421875 0.078125
0 0.265625 0.2859375 0.0515625 0.1
3 0.3421875 0.1984375 0.0421875 0.0796875
3 0.4 0.4359375 0.04375 0.0796875
5 0.49921875 0.5921875 0.053125 0.096875
9 0.56875 0.1546875 0.040625 0.0796875
9 0.721875 0.68828125 0.04375 0.06875
5 0.31640625 0.64921875 0.0578125 0.0953125
9 0.55078125 0.08359375 0.040625 0.0828125