9 0.346875 0.5109375 0.028125 0.07734375
11 0.35234375 0.43046875 0.0328125 0.0953125
7 0.515625 0.2421875 0.03203125 0.115625
5 0.6625 0.71171875 0.03671875 0.0953125
4 0.5734375 0.32109375 0.03359375 0.109375
1 0.70390625 0.41171875 0.04296875 0.11953125
6 0.45234375 0.5171875 0.0296875 0.09453125
9 0.4640625 0.34296875 0.0265625 0.0765625
9 0.353125 0.1125 0.02421875 0.07890625
0 0.584375 0.71484375 0.0328125 0.09609375
3 0.5265625 0.51171875 0.02734375 0.075
0 0.453125 0.0953125 0.02578125 0.10234375
11 0.409375 0.32890625 0.03046875 0.09453125
9 0.51640625 0.1125 0.0234375 0.078125
3 0.646875 0.596875 0.03046875 0.0765625
6 0.525 0.4109375 0.028125 0.0953125
9 0.4203125 0.1828125 0.025 0.078125
3 0.63125 0.09453125 0.02421875 0.078125
3 0.4046875 0.6046875 0.028125 0.07265625
9 0.45234375 0.7140625 0.028125 0.0796875
3 0.5828125 0.171875 0.02421875 0.07421875
5 0.6859375 0.228125 0.03359375 0.09140625