1 0.34296875 0.10703125 0.05 0.1234375
5 0.53515625 0.59375 0.046875 0.096875
11 0.34296875 0.4578125 0.0484375 0.1
9 0.3515625 0.53828125 0.040625 0.0796875
7 0.471875 0.24453125 0.0515625 0.1171875
4 0.5421875 0.3109375 0.0515625 0.1125
6 0.509375 0.4078125 0.046875 0.1015625
9 0.28828125 0.14375 0.0375 0.084375
11 0.38125 0.34765625 0.0453125 0.0953125
3 0.4484375 0.42421875 0.0390625 0.0796875
3 0.4234375 0.61953125 0.0390625 0.0765625
9 0.36640625 0.19921875 0.0390625 0.084375
3 0.66015625 0.571875 0.0421875 0.0796875
3 0.503125 0.09296875 0.0359375 0.0765625
9 0.4484375 0.11640625 0.0359375 0.08125
0 0.3828125 0.11015625 0.0421875 0.103125
5 0.68671875 0.36953125 0.05 0.096875
3 0.46796875 0.17890625 0.034375 0.0796875