11 0.40859375 0.6046875 0.0359375 0.090625
6 0.5890625 0.59375 0.0375 0.0921875
0 0.5671875 0.240625 0.0328125 0.0984375
3 0.60859375 0.16953125 0.0296875 0.078125
4 0.4609375 0.33359375 0.0375 0.1109375
7 0.50234375 0.24296875 0.0375 0.1171875
3 0.65 0.590625 0.0328125 0.0765625
9 0.33359375 0.1203125 0.028125 0.08125
1 0.39140625 0.09140625 0.0375 0.1234375
3 0.47734375 0.6328125 0.03125 0.0765625
11 0.4015625 0.4265625 0.0359375 0.096875
5 0.5234375 0.59765625 0.0359375 0.09375
9 0.49609375 0.1125 0.0265625 0.078125
9 0.3484375 0.52109375 0.0328125 0.0765625
5 0.5890625 0.403125 0.0359375 0.09375
9 0.40390625 0.184375 0.0296875 0.08125
3 0.553125 0.0984375 0.0265625 0.0765625
3 0.4578125 0.41875 0.0296875 0.078125