9 0.50234375 0.17421875 0.0328125 0.08125
9 0.34453125 0.490625 0.0375 0.08125
6 0.375 0.678125 0.0421875 0.1
9 0.48203125 0.334375 0.034375 0.08125
7 0.30234375 0.38046875 0.0515625 0.1203125
8 0.43984375 0.2453125 0.0390625 0.0890625
11 0.23046875 0.6796875 0.0484375 0.1015625
5 0.72265625 0.1078125 0.0421875 0.0984375
2 0.53046875 0.40859375 0.040625 0.09375
10 0.41484375 0.3921875 0.046875 0.115625
3 0.54609375 0.2625 0.034375 0.08125
1 0.709375 0.434375 0.05625 0.121875
3 0.434375 0.69921875 0.0375 0.0765625
3 0.67734375 0.11015625 0.034375 0.08125
8 0.4 0.48984375 0.0421875 0.09375
0 0.55546875 0.71796875 0.0453125 0.103125
3 0.5234375 0.51015625 0.0359375 0.0796875
4 0.7078125 0.353125 0.05 0.1109375
11 0.35 0.07890625 0.0421875 0.0984375
6 0.31875 0.234375 0.04375 0.1015625
9 0.4625 0.421875 0.0328125 0.0765625
0 0.70703125 0.259375 0.040625 0.0984375
3 0.6203125 0.18203125 0.034375 0.0796875
3 0.59140625 0.42421875 0.0359375 0.078125
5 0.51171875 0.59140625 0.0421875 0.0953125
9 0.38984375 0.165625 0.03125 0.078125
9 0.303125 0.71328125 0.0359375 0.065625
5 0.7 0.62578125 0.0484375 0.0921875
9 0.3984375 0.09296875 0.0328125 0.08125