11 0.58828125 0.4 0.0421875 0.0953125
5 0.5671875 0.0859375 0.0390625 0.096875
7 0.5546875 0.30390625 0.0453125 0.1203125
10 0.38515625 0.32265625 0.0453125 0.1140625
0 0.54609375 0.23515625 0.0375 0.09375
6 0.61171875 0.2203125 0.040625 0.0984375
9 0.48515625 0.70546875 0.0375 0.0796875
2 0.4625 0.43359375 0.040625 0.09375
1 0.5359375 0.14140625 0.0453125 0.11875
5 0.46875 0.49921875 0.0421875 0.096875
8 0.37265625 0.86796875 0.0453125 0.0875
8 0.28671875 0.37578125 0.0421875 0.0890625
9 0.35 0.446875 0.0375 0.0796875
9 0.35703125 0.63359375 0.0390625 0.08125
3 0.684375 0.665625 0.0390625 0.0796875
4 0.37421875 0.18125 0.0453125 0.1140625
6 0.703125 0.4734375 0.046875 0.1
0 0.5484375 0.6046875 0.0421875 0.0953125
3 0.6015625 0.59921875 0.0375 0.078125
3 0.6640625 0.20703125 0.0375 0.0796875
2 0.640625 0.81640625 0.0453125 0.0921875
2 0.4890625 0.9921875 0.025 0.015625