4 0.49453125 0.32890625 0.053125 0.1140625
7 0.43125 0.25234375 0.0546875 0.11875
9 0.5625 0.09140625 0.040625 0.0828125
3 0.378125 0.6265625 0.04375 0.0796875
1 0.4984375 0.07734375 0.0546875 0.125
11 0.57578125 0.40390625 0.0515625 0.0984375
3 0.55625 0.621875 0.0421875 0.0796875
9 0.40390625 0.125 0.0390625 0.08125
5 0.38984375 0.42890625 0.0484375 0.096875
9 0.6515625 0.48125 0.04375 0.0796875
5 0.50234375 0.59921875 0.05 0.096875
3 0.309375 0.209375 0.0390625 0.0796875
3 0.34453125 0.125 0.0390625 0.078125
11 0.615625 0.57734375 0.05 0.0953125
9 0.51171875 0.1703125 0.040625 0.0828125
6 0.4375 0.6140625 0.05 0.0953125
0 0.36796875 0.2671875 0.046875 0.1
3 0.51953125 0.4109375 0.040625 0.0796875