3 0.5623102953125 0.106947365625 0.5671450109375 0.1132805828125 0.57971665625 0.11291629218749999 0.5843594640625 0.10104348125 0.57739849375 0.07958116875 0.5766271625 0.05163880625 0.5696652671875 0.041396931250000005 0.5628957406249999 0.0437508640625 0.5607676328125 0.05106264218749999 0.5634737750000001 0.070317853125 0.5623102953125 0.106947365625
3 0.5704310421875001 0.13666191249999998 0.5735242406250001 0.1530576515625 0.5690742656250001 0.1719160515625 0.5702335781250001 0.18577850468749998 0.5744879421875 0.193595821875 0.587252884375 0.194606903125 0.5917019328124999 0.1869689390625 0.5920899140625 0.172889028125 0.5855150734375 0.15978767968750002 0.584743740625 0.1318453171875 0.580489378125 0.12402799843750001 0.57410690625 0.1235224578125 0.5704310421875001 0.13666191249999998
3 0.5953699265625 0.2692031953125 0.601559565625 0.26272314531249996 0.6023341375 0.2513939796875 0.5963415000000001 0.21436765625 0.5901537140625 0.1984068328125 0.5820301890625 0.202353596875 0.5777716578125001 0.2450282421875 0.578737675 0.25751532187500004 0.5849259250000001 0.26786592656249997 0.5953699265625 0.2692031953125
3 0.59381615 0.347963709375 0.5994245109375 0.3541881953125 0.6098685140625 0.35552546406249996 0.6152845046875 0.34915414375 0.615479653125 0.3280886421875 0.6094851625000001 0.3135031921875 0.609099959375 0.29392179218750003 0.6046522999999999 0.28472910156250003 0.5974961828125 0.284332290625 0.5938207796875 0.291861525 0.5914965984375 0.331459240625 0.59381615 0.347963709375
3 0.6392606140625 0.42993681875 0.6413891859375 0.41701482187499994 0.6324966437499999 0.36496813281249996 0.6214722921875 0.365114965625 0.6148928203125 0.40811580000000003 0.6160521328125 0.4219782515625 0.6222403828124999 0.43232885625 0.6313303859375 0.43525895468750003 0.6392606140625 0.42993681875
3 0.64041298125 0.52795254375 0.65163063125 0.5291810828125 0.65723991875 0.5241851343749999 0.659949303125 0.50416881875 0.6516361875000001 0.46185846406250003 0.646221121875 0.45700934843749996 0.6394515953125001 0.4593632828125 0.63693504375 0.48636518906250004 0.63190518125 0.501097471875 0.6342247328124999 0.5176019390625 0.64041298125 0.52795254375
3 0.6589726359375 0.620716759375 0.6707711 0.614850978125 0.6738666125 0.6031956265625 0.6676811421875 0.5591837109375 0.664200425 0.5512576640625 0.65336936875 0.5527798703125 0.645436825 0.5861530984375001 0.6467889703124999 0.607001140625 0.651043334375 0.6148184578125 0.6589726359375 0.620716759375
3 0.6783054749999999 0.7189824640625 0.686235703125 0.7136603265625 0.6887517921875 0.692268640625 0.679085140625 0.6459408953125 0.673863371875 0.6424671546875 0.6665134953125 0.6463051890625 0.6597407265624999 0.6879306484375001 0.662253575 0.7058104890625 0.6692154703125001 0.716052365625 0.6783054749999999 0.7189824640625
11 0.23680008749999998 0.13165676875000001 0.23989235937500003 0.15927294375 0.2511090828125 0.17172191875 0.25942543906250004 0.17476074531250002 0.26426200624999996 0.158653090625 0.24821242031250002 0.117430025 0.2441527421875 0.0941574234375 0.23738414218749998 0.08529092187500001 0.22481203125000002 0.0912654296875 0.2286779515625 0.11877287656249999 0.23680008749999998 0.13165676875000001
11 0.26150724375 0.7284707953125 0.2754305734375 0.7545647625 0.279103196875 0.7806968375000001 0.29225426875 0.7900688812500001 0.3046330828125 0.7827189999999999 0.30850224375 0.77095491875 0.3054095078125 0.7489489609375 0.2910991234375 0.7257144640625001 0.28123732343749996 0.7004522234375 0.2680857890625 0.696690396875 0.2599618015625 0.7062473781249999 0.26150724375 0.7284707953125
5 0.625173159375 0.049023726562499995 0.619759946875 0.0217337390625 0.6083490015625 0.0191298265625 0.60312630625 0.026876520312500003 0.6015780859375 0.0383144140625 0.6069917625000001 0.0599941859375 0.6037020265625 0.0814946015625 0.6067947625000001 0.1035005578125 0.6154977125000001 0.10929013125 0.625173159375 0.049023726562499995
5 0.7195053 0.675323671875 0.7212445 0.693312240625 0.730333578125 0.707462775 0.7363289953125001 0.7108277890625 0.7512220453125 0.7045270921875 0.7537372078125 0.6943558421875 0.749484234375 0.66970786875 0.752000321875 0.6483161796875 0.7462000546875001 0.623885665625 0.72937358125 0.6220428578125 0.7243432546874999 0.642385359375 0.7245351624999999 0.6605913875 0.7195053 0.675323671875
8 0.2791124578125 0.6684924718749999 0.2883952953125 0.6784081609375 0.30270799375 0.673591565625 0.306383859375 0.6604521109375 0.3054178421875 0.6479650312499999 0.29188249375 0.607791153125 0.2744765953125 0.5962120093750001 0.2696414171875 0.5954890109375001 0.265966015625 0.6030182453124999 0.2673172359375 0.6350867250000001 0.2791124578125 0.6684924718749999
8 0.2578721265625 0.2479110421875 0.271604475 0.244578546875 0.2725737328125 0.21779410000000002 0.26251817499999996 0.196766703125 0.2582647375 0.1777289484375 0.24027895156249998 0.1620236890625 0.23660308593749999 0.1751631421875 0.236021809375 0.1878676796875 0.24936293593749997 0.23788662500000002 0.2578721265625 0.2479110421875
2 0.616266728125 0.165283584375 0.627676746875 0.17910793125 0.6425702609374999 0.1671970171875 0.6400578765625 0.143706959375 0.642574428125 0.11670505312499999 0.6371607515625 0.0950252828125 0.632132740625 0.0873166921875 0.623816384375 0.0842778671875 0.6182052437500001 0.11171468749999999 0.6199449078125 0.1240930375 0.6162676546875 0.154063146875 0.616266728125 0.165283584375
2 0.7140994953125 0.5582701906249999 0.7088758734375 0.577237321875 0.7108083703125 0.5966012625 0.7179635625 0.6082185109375 0.726473215625 0.6126327109374999 0.7369176796875 0.6083597593750001 0.7413671921875 0.5951115765625 0.74272396875 0.5598574375 0.737697346875 0.53531819375 0.7326693359374999 0.5276096031249999 0.7262868640625 0.5271040625000001 0.7199034671875 0.5378189609375 0.713133940625 0.5401728921875 0.7140994953125 0.5582701906249999
0 0.626703784375 0.250774125 0.6361799171875 0.2620651859375 0.6464306234375 0.26202708124999996 0.652620725 0.2499368140625 0.645854440625 0.21301921875000002 0.647210290625 0.188985515625 0.6423765015625 0.1714318625 0.63657438125 0.169442221875 0.6290307453125 0.1775151015625 0.632509146875 0.21349223906249998 0.624964584375 0.23278555625 0.626703784375 0.250774125
0 0.6866435953125001 0.45834103125 0.6792923281250001 0.47900972187499996 0.679871290625 0.4943562734375 0.687219778125 0.5073488953124999 0.7026922546875001 0.510784534375 0.709268946875 0.5014450109374999 0.7108171671875 0.4900071140625 0.7038566609375 0.46293458593750003 0.705212046875 0.4445111 0.700378721875 0.421347228125 0.6959305984374999 0.41776475625 0.6876133156249999 0.42594636562500005 0.6850976906249999 0.4417278359375 0.6866435953125001 0.45834103125
4 0.6537805015625 0.258189046875 0.6531982984375 0.2821140234375 0.6570651437499999 0.29840103125 0.6470058812499999 0.32225538125000003 0.6477781390625 0.3389773078125 0.6541596843749999 0.350703284375 0.664409928125 0.3562753984375 0.67543474375 0.350518346875 0.6781445921875 0.3248918125 0.671183621875 0.30342950156250004 0.6754398375 0.2888059453125 0.67582828125 0.2691158171875 0.6744752093749999 0.25948821093749996 0.6696404953124999 0.25315499531249996 0.6591964921875 0.2518177265625 0.6537805015625 0.258189046875
10 0.262121859375 0.3118305421875 0.24955113906249998 0.300974396875 0.24026645000000002 0.31349958125 0.242199409375 0.3272533046875 0.25766910625 0.3643502515625 0.25882795625 0.3838229234375 0.26714384999999996 0.3924719671875 0.27507222656249997 0.40959070625000005 0.28261539999999996 0.40712804374999995 0.2876448 0.39800597656250003 0.28725959687499997 0.378424578125 0.2833922875 0.3677477859375 0.2700483828125 0.35139015156250003 0.2686962375 0.330542109375 0.262121859375 0.3118305421875
6 0.24355664843749997 0.286388946875 0.27179082499999996 0.33010719375 0.2741126921875 0.31856057031249996 0.2719864359375 0.303431475 0.2623170078125 0.290765040625 0.2588372171875 0.2716185578125 0.25032895312500003 0.2503737046875 0.24568753437500002 0.245415859375 0.23543636562499998 0.2510641828125 0.237175565625 0.26905275 0.24355664843749997 0.286388946875
6 0.2665547015625 0.5005502171875 0.26868003125 0.5268997468750001 0.2758347609375 0.5441272140625 0.2775730359375 0.5733362203125 0.2872424640625 0.5860026546875 0.2998141109375 0.5856383609375 0.305230565625 0.573656821875 0.3023315890625 0.54741601875 0.2916952171875 0.5334829437499999 0.289955553125 0.5211045921874999 0.2816405859375 0.501235109375 0.2737112828125 0.495336809375 0.2665547015625 0.5005502171875
7 0.2528320765625 0.3860681265625 0.24586786562500001 0.4038773421875 0.252828371875 0.4309498734375 0.2632709859375 0.449117796875 0.2646217421875 0.48679649375 0.269649753125 0.4945050828125 0.279513403125 0.4973264515625 0.2905382203125 0.49156940000000005 0.29266817968750003 0.46181674843750004 0.28764063125 0.448497940625 0.27468331875 0.434891053125 0.2748780046875 0.4194357703125 0.2665635 0.39395606875 0.2528320765625 0.3860681265625
9 0.36614843124999996 0.647845134375 0.36498911875 0.6339826828125 0.35087295625000003 0.600903121875 0.340816471875 0.5910961625 0.333659428125 0.6019197875 0.3452082765625 0.6396350953125001 0.35183480624999997 0.6638821671875 0.3622792703125 0.659609215625 0.36614843124999996 0.647845134375
1 0.6936170671874999 0.32832745 0.685300709375 0.325288625 0.6783374249999999 0.33187740312499997 0.675240984375 0.35475319375000003 0.6785274796875 0.37252430312499996 0.6771725546875 0.38533757031250004 0.6682744578125 0.40061349999999996 0.6690467156250001 0.417335425 0.6777487390625 0.43434543281250004 0.686065096875 0.4373842609375 0.6878066125 0.4273217390625 0.6959305984374999 0.41776475625 0.7019255531249999 0.4267399890625 0.7015408125 0.401548371875 0.693419140625 0.3830542609375 0.6996097046875 0.365353775 0.7009650921875 0.34693029062499997 0.6996120203125 0.337302684375 0.6936170671874999 0.32832745
9 0.36150145624999996 0.710209909375 0.3508641578125 0.70749726875 0.3462213515625 0.719370078125 0.35375989375 0.7730096 0.3647833203125 0.784083203125 0.3752277859375 0.7798102515625 0.3790978734375 0.756825734375 0.36150145624999996 0.710209909375
9 0.346814203125 0.566410084375 0.35822561249999996 0.563403778125 0.362094771875 0.5516396953125 0.3591953328125 0.5310091109374999 0.342564934375 0.49688036562500004 0.333668225 0.49532564062500006 0.3319271734375 0.4997779453125 0.3307660078125 0.508356365625 0.3375313671875 0.5564943953125 0.346814203125 0.566410084375
9 0.34450483906249996 0.426480815625 0.33541576093750003 0.41233028125000004 0.3267118859375 0.4177611453125 0.332702671875 0.4772283421875 0.3408252703125 0.48450201562500006 0.3501090328125 0.48319726718749995 0.3551388953125 0.4684649828125 0.34450483906249996 0.426480815625
9 0.3149194421875 0.3506940890625 0.314917590625 0.3731349625 0.3180112515625 0.3839204828125 0.32768114375 0.3909766984375 0.3375452578125 0.38818785 0.340640771875 0.376532496875 0.339094403125 0.36552951718750004 0.32439881718749997 0.322713621875 0.3187904546875 0.3164891359375 0.3133749265625 0.3172502390625 0.3096990625 0.3303896921875 0.3149194421875 0.3506940890625
9 0.3251780203125 0.2552822734375 0.315508128125 0.248226059375 0.31086532031249997 0.2600988703125 0.3172436234375 0.311096375 0.32478587187499997 0.31985414843750004 0.3369709265625 0.3167391125 0.3404534953125 0.3022242859375 0.3251780203125 0.2552822734375
9 0.31589564531250003 0.23975636718749999 0.3209250453125 0.2306343015625 0.3197657328125 0.2167718484375 0.306230384375 0.1765979703125 0.298494840625 0.1664648234375 0.2930793125 0.1672259265625 0.2915315546875 0.1730536015625 0.29868304375 0.229552596875 0.3056449390625 0.23979447187499997 0.31589564531250003 0.23975636718749999
9 0.28302699531250003 0.106927003125 0.291338721875 0.1660680125 0.3085517875 0.1706615640625 0.312228115625 0.15191189375 0.298499471875 0.11036264062500001 0.29057063125 0.098854121875 0.28302699531250003 0.106927003125