7 0.390625 0.328125 0.0515625 0.11875
11 0.3859375 0.43046875 0.046875 0.096875
10 0.5578125 0.296875 0.0515625 0.115625
6 0.3109375 0.2640625 0.0453125 0.1
9 0.57421875 0.6921875 0.040625 0.08125
2 0.51640625 0.425 0.04375 0.09375
8 0.72890625 0.81484375 0.0484375 0.0875
0 0.378125 0.26015625 0.0421875 0.096875
5 0.31484375 0.1234375 0.04375 0.0984375
5 0.5296875 0.48984375 0.046875 0.1
8 0.66796875 0.31875 0.0453125 0.090625
1 0.3609375 0.1671875 0.05 0.11875
9 0.67578125 0.58671875 0.040625 0.0828125
3 0.3734375 0.71171875 0.04375 0.08125
4 0.52734375 0.1578125 0.05 0.1140625
9 0.62734375 0.4046875 0.0421875 0.08125
0 0.484375 0.61484375 0.046875 0.0953125
6 0.2984375 0.534375 0.0515625 0.1
3 0.43125 0.625 0.0421875 0.078125
3 0.2578125 0.2671875 0.040625 0.08125
2 0.45859375 0.84375 0.05 0.09375
2 0.6546875 0.9703125 0.025 0.021875