6 0.34453125 0.45078125 0.040625 0.0953125
4 0.65 0.48671875 0.0453125 0.103125
7 0.54453125 0.49140625 0.0453125 0.1125
10 0.521875 0.76171875 0.05 0.1078125
0 0.6265625 0.7890625 0.05 0.103125
5 0.69765625 0.575 0.0453125 0.090625
9 0.46015625 0.52734375 0.034375 0.071875
6 0.41484375 0.4140625 0.0390625 0.09375
9 0.5203125 0.62734375 0.0375 0.0765625
9 0.3328125 0.59921875 0.0375 0.0765625
3 0.534375 0.4203125 0.0328125 0.0734375
2 0.59375 0.4328125 0.040625 0.090625
9 0.2421875 0.7421875 0.0390625 0.08125
9 0.56015625 0.93515625 0.04375 0.0859375
9 0.35859375 0.92578125 0.0421875 0.0875
3 0.3765625 0.7390625 0.0375 0.0765625
8 0.4921875 0.94140625 0.05 0.1046875
8 0.5109375 0.8390625 0.0453125 0.0921875
3 0.22421875 0.91484375 0.04375 0.0859375