9 0.4421875 0.34921875 0.0359375 0.0796875
0 0.396875 0.1046875 0.0390625 0.1046875
9 0.3015625 0.13671875 0.0359375 0.0828125
5 0.690625 0.68671875 0.05 0.1
7 0.4796875 0.24296875 0.046875 0.1203125
0 0.6125 0.7 0.0453125 0.1015625
3 0.52890625 0.50859375 0.0375 0.0765625
11 0.2484375 0.13203125 0.0453125 0.1015625
3 0.5734375 0.0796875 0.034375 0.08125
9 0.3765625 0.19609375 0.0359375 0.0828125
11 0.290625 0.7453125 0.0546875 0.1015625
9 0.36875 0.759375 0.0375 0.0671875
6 0.25859375 0.2921875 0.0453125 0.103125
9 0.35 0.53203125 0.0390625 0.0796875
9 0.4625 0.1140625 0.034375 0.0796875
3 0.65859375 0.578125 0.040625 0.0796875
6 0.5125 0.4078125 0.0421875 0.1
3 0.41953125 0.6171875 0.0375 0.0765625
0 0.64609375 0.20546875 0.0453125 0.0953125
3 0.53671875 0.16328125 0.034375 0.078125
1 0.6890625 0.38515625 0.059375 0.125
0 0.66484375 0.30546875 0.0515625 0.1125