0 0.6328125 0.2125 0.0453125 0.1015625
3 0.5625 0.0765625 0.0375 0.08125
7 0.2765625 0.4390625 0.0546875 0.121875
9 0.4125 0.18671875 0.0359375 0.08125
3 0.525 0.50390625 0.0375 0.0796875
8 0.40078125 0.51796875 0.0453125 0.09375
8 0.371875 0.271875 0.040625 0.090625
10 0.38828125 0.41875 0.05 0.115625
9 0.44296875 0.43984375 0.034375 0.0671875
9 0.43671875 0.3453125 0.0375 0.0828125
4 0.659375 0.3015625 0.053125 0.1125
6 0.42890625 0.70546875 0.046875 0.1
0 0.61328125 0.69375 0.0484375 0.103125
3 0.478125 0.259375 0.0375 0.0828125
9 0.34765625 0.5328125 0.040625 0.08125
5 0.60625 0.06171875 0.0453125 0.0984375
3 0.49296875 0.709375 0.0390625 0.078125
11 0.290625 0.746875 0.053125 0.103125
1 0.684375 0.3796875 0.0609375 0.1234375
2 0.50234375 0.40234375 0.04375 0.0953125
6 0.25234375 0.29375 0.0453125 0.103125
3 0.52890625 0.1609375 0.0359375 0.0796875
3 0.5671875 0.40234375 0.0390625 0.078125
2 0.728125 0.56484375 0.0515625 0.0953125
9 0.30234375 0.20859375 0.0359375 0.0796875
5 0.5359375 0.58359375 0.0453125 0.0953125
9 0.36953125 0.759375 0.0390625 0.0671875
11 0.2390625 0.1359375 0.0453125 0.1
9 0.2921875 0.1421875 0.034375 0.075