6 0.6609375 0.47578125 0.0328125 0.09375
4 0.35390625 0.46328125 0.0359375 0.1015625
7 0.4578125 0.484375 0.0359375 0.109375
10 0.4375 0.7546875 0.040625 0.10625
0 0.3296875 0.765625 0.040625 0.1015625
5 0.29296875 0.54296875 0.0375 0.0875
9 0.53515625 0.53359375 0.028125 0.0703125
6 0.59765625 0.428125 0.0328125 0.0921875
9 0.459375 0.62265625 0.03125 0.075
9 0.65 0.62421875 0.03125 0.075
3 0.47890625 0.415625 0.028125 0.071875
2 0.41796875 0.41875 0.0328125 0.0890625
9 0.7171875 0.7796875 0.0328125 0.0796875
9 0.37265625 0.92109375 0.0359375 0.0828125
9 0.57265625 0.94296875 0.034375 0.084375
3 0.58515625 0.75546875 0.03125 0.075
8 0.43828125 0.9375 0.040625 0.1015625
8 0.4359375 0.8328125 0.0375 0.0890625
3 0.7078125 0.953125 0.0359375 0.084375