1 0.55078125 0.1515625 0.0609375 0.121875
8 0.24453125 0.79375 0.0546875 0.0890625
10 0.46015625 0.29296875 0.0609375 0.115625
9 0.409375 0.68515625 0.046875 0.08125
5 0.71796875 0.13984375 0.0515625 0.1
6 0.70859375 0.28203125 0.053125 0.1015625
8 0.3484375 0.30625 0.0515625 0.0921875
3 0.6078125 0.721875 0.05 0.08125
9 0.38046875 0.3953125 0.046875 0.0828125
11 0.5640625 0.34453125 0.053125 0.1015625
9 0.31796875 0.57109375 0.0484375 0.0828125
7 0.66328125 0.1859375 0.0609375 0.121875
5 0.584375 0.51640625 0.0546875 0.1
11 0.4796875 0.07734375 0.0515625 0.096875
4 0.4015625 0.12265625 0.0609375 0.1140625
6 0.6984375 0.5515625 0.059375 0.103125
0 0.45625 0.47109375 0.053125 0.1
3 0.36796875 0.57421875 0.0453125 0.078125
0 0.528125 0.25078125 0.053125 0.1015625
3 0.76171875 0.28984375 0.046875 0.08125
2 0.51171875 0.84609375 0.05625 0.0953125
2 0.684375 0.3640625 0.0546875 0.1
2 0.3046875 0.9546875 0.028125 0.0234375