11 0.57578125 0.38984375 0.0515625 0.096875
5 0.51640625 0.08046875 0.05 0.0984375
7 0.53046875 0.2984375 0.059375 0.121875
10 0.36484375 0.33828125 0.0578125 0.1140625
0 0.51328125 0.23203125 0.0484375 0.0953125
6 0.57734375 0.20859375 0.0515625 0.1
9 0.51015625 0.70625 0.0453125 0.08125
2 0.4546875 0.4390625 0.05 0.0953125
1 0.4921875 0.13984375 0.0578125 0.1203125
5 0.46875 0.503125 0.053125 0.1
8 0.41875 0.88125 0.0546875 0.0890625
8 0.27265625 0.403125 0.0515625 0.090625
9 0.34453125 0.465625 0.0453125 0.08125
9 0.375 0.65 0.046875 0.0828125
3 0.703125 0.6421875 0.0484375 0.08125
4 0.3359375 0.1984375 0.0578125 0.115625
6 0.6984375 0.44921875 0.0578125 0.1015625
0 0.5609375 0.5984375 0.053125 0.096875
3 0.61328125 0.5859375 0.0453125 0.0796875
3 0.62734375 0.1890625 0.0453125 0.08125
2 0.678125 0.796875 0.0546875 0.0953125
2 0.54921875 0.98984375 0.0265625 0.0203125