11 0.571875 0.61953125 0.0515625 0.0953125
6 0.3953125 0.5765625 0.0515625 0.096875
0 0.47890625 0.2328125 0.0484375 0.1
3 0.45 0.15546875 0.0421875 0.0796875
4 0.5671875 0.34296875 0.0546875 0.1140625
7 0.5421875 0.246875 0.0578125 0.1203125
3 0.3359375 0.56328125 0.0453125 0.0796875
9 0.7296875 0.15546875 0.0421875 0.084375
1 0.67734375 0.11640625 0.0578125 0.125
3 0.49921875 0.634375 0.04375 0.0796875
11 0.609375 0.4453125 0.0515625 0.1
5 0.46015625 0.5921875 0.0515625 0.096875
9 0.57109375 0.11875 0.0390625 0.0796875
9 0.6453125 0.546875 0.04375 0.0796875
5 0.4296875 0.3890625 0.05 0.096875
9 0.65 0.20546875 0.0421875 0.0828125
3 0.5171875 0.0953125 0.0390625 0.078125
3 0.55546875 0.42734375 0.0421875 0.0796875