7 0.45703125 0.4859375 0.034375 0.109375
0 0.334375 0.76875 0.0390625 0.0984375
10 0.44140625 0.75703125 0.0390625 0.10625
6 0.6609375 0.4734375 0.03125 0.09375
9 0.7203125 0.775 0.03125 0.078125
4 0.353125 0.46640625 0.034375 0.1
5 0.29296875 0.54609375 0.0359375 0.0875
9 0.65078125 0.62109375 0.03125 0.075
6 0.596875 0.42578125 0.0296875 0.0921875
5 0.403125 0.6109375 0.0328125 0.0875
9 0.46171875 0.62421875 0.0296875 0.075
9 0.53515625 0.5328125 0.0265625 0.0671875
0 0.5140625 0.67421875 0.0359375 0.0953125
2 0.415625 0.4203125 0.03125 0.0890625
3 0.47734375 0.415625 0.0265625 0.071875
1 0.57734375 0.59765625 0.0375 0.1140625
9 0.58046875 0.94140625 0.034375 0.084375
9 0.3796875 0.92265625 0.034375 0.0828125
3 0.58984375 0.753125 0.03125 0.075
8 0.44140625 0.8359375 0.0359375 0.0875
8 0.44609375 0.93828125 0.0390625 0.1015625
3 0.715625 0.9484375 0.034375 0.0828125