4 0.478125 0.3296875 0.0359375 0.1109375
7 0.52890625 0.24453125 0.0375 0.115625
9 0.37421875 0.10625 0.028125 0.0796875
3 0.63984375 0.60625 0.0328125 0.0765625
1 0.43515625 0.08203125 0.0375 0.121875
11 0.41015625 0.4171875 0.0375 0.0953125
3 0.46328125 0.6296875 0.03125 0.0765625
9 0.53671875 0.11484375 0.028125 0.078125
5 0.59765625 0.4125 0.0359375 0.09375
9 0.346875 0.50546875 0.0328125 0.0765625
5 0.5125 0.5984375 0.0359375 0.09375
3 0.6421875 0.1828125 0.028125 0.0765625
3 0.5953125 0.10546875 0.0265625 0.0765625
11 0.39765625 0.59453125 0.0359375 0.090625
9 0.4375 0.17578125 0.0296875 0.08125
6 0.5796875 0.603125 0.0375 0.0921875
0 0.59375 0.24921875 0.0328125 0.096875
3 0.4671875 0.415625 0.0296875 0.0765625