9 0.4796875 0.175 0.028125 0.08125
9 0.34453125 0.5015625 0.0328125 0.0796875
6 0.3875 0.68671875 0.0359375 0.0984375
9 0.4703125 0.3359375 0.0296875 0.0796875
7 0.29453125 0.39453125 0.04375 0.11875
8 0.42265625 0.25 0.0328125 0.0875
11 0.24375 0.69765625 0.0421875 0.1
5 0.6953125 0.09296875 0.0359375 0.096875
2 0.5234375 0.40625 0.034375 0.0921875
10 0.4078125 0.3984375 0.0390625 0.1140625
3 0.52890625 0.26015625 0.0296875 0.0796875
1 0.7046875 0.4203125 0.0484375 0.1203125
3 0.4484375 0.703125 0.03125 0.075
3 0.64921875 0.0984375 0.0296875 0.0796875
8 0.39921875 0.496875 0.0359375 0.090625
0 0.5703125 0.71328125 0.0390625 0.1015625
3 0.5234375 0.50859375 0.03125 0.078125
4 0.696875 0.3390625 0.04375 0.109375
11 0.32109375 0.08984375 0.0359375 0.096875
6 0.30078125 0.24765625 0.0359375 0.1
9 0.45703125 0.425 0.028125 0.075
0 0.6890625 0.2453125 0.034375 0.096875
3 0.59765625 0.17421875 0.0296875 0.078125
3 0.5859375 0.41875 0.0296875 0.0765625
5 0.51796875 0.58984375 0.0359375 0.09375
9 0.3671875 0.17421875 0.0265625 0.078125
9 0.31796875 0.7265625 0.0328125 0.0640625
5 0.70859375 0.61171875 0.0421875 0.090625
9 0.3703125 0.1015625 0.0265625 0.0796875