3 0.50703125 0.32578125 0.0390625 0.075
2 0.61484375 0.34140625 0.0453125 0.0921875
5 0.54375 0.40078125 0.0453125 0.0890625
4 0.5015625 0.48046875 0.053125 0.1078125
9 0.7078125 0.71171875 0.046875 0.0796875
8 0.32265625 0.35546875 0.04375 0.084375
7 0.44140625 0.353125 0.0546875 0.1140625
10 0.6609375 0.46953125 0.053125 0.10625
9 0.34296875 0.29609375 0.040625 0.0765625
3 0.52578125 0.61328125 0.0421875 0.0765625
6 0.4625 0.57578125 0.0484375 0.096875
6 0.6453125 0.55859375 0.05 0.0984375
8 0.575 0.73984375 0.0546875 0.0984375
9 0.44296875 0.66328125 0.0421875 0.078125
9 0.42109375 0.828125 0.0453125 0.0828125
0 0.37421875 0.425 0.0390625 0.0734375