9 0.57421875 0.1546875 0.0421875 0.08125
8 0.62265625 0.13515625 0.0515625 0.0953125
3 0.30546875 0.21171875 0.040625 0.0765625
2 0.253125 0.2171875 0.0453125 0.0796875
2 0.23984375 0.17890625 0.04375 0.0765625
9 0.584375 0.2328125 0.0421875 0.0828125
6 0.71484375 0.46484375 0.0546875 0.1
8 0.7484375 0.5515625 0.0546875 0.09375
9 0.6109375 0.30390625 0.04375 0.0828125
11 0.7875 0.64921875 0.0625 0.1046875
5 0.33984375 0.7390625 0.0578125 0.0984375
0 0.30859375 0.5390625 0.0515625 0.09375
9 0.6546875 0.475 0.0453125 0.0828125
1 0.28515625 0.45625 0.065625 0.121875
7 0.69296875 0.3625 0.0609375 0.1125
9 0.68515625 0.5671875 0.0453125 0.08125
2 0.3140625 0.64453125 0.05625 0.09375
3 0.38203125 0.63359375 0.0453125 0.078125
6 0.65390625 0.21328125 0.0484375 0.09375
3 0.33984375 0.36796875 0.0421875 0.078125
4 0.27890625 0.375 0.0609375 0.1125
9 0.715625 0.68046875 0.0484375 0.0875
9 0.6296875 0.39296875 0.04375 0.084375
10 0.6671875 0.28359375 0.0578125 0.109375
3 0.3453125 0.45 0.0421875 0.0765625
3 0.403125 0.7296875 0.046875 0.0828125
3 0.36328125 0.5453125 0.04375 0.078125
3 0.284375 0.13046875 0.040625 0.08125
3 0.32265625 0.28359375 0.0421875 0.078125
11 0.60625 0.06328125 0.0515625 0.1
9 0.55859375 0.08828125 0.040625 0.084375
5 0.23828125 0.13359375 0.0515625 0.1015625
0 0.26953125 0.28125 0.0515625 0.1015625
2 0.26484375 0.3484375 0.034375 0.0515625
2 0.296875 0.1890625 0.0234375 0.0328125
2 0.35390625 0.528125 0.025 0.0375
2 0.33671875 0.4328125 0.025 0.034375
2 0.37421875 0.61875 0.0234375 0.034375
2 0.29921875 0.61796875 0.01875 0.0265625