5 0.47871521718750004 0.6179995218750001 0.48354946875 0.6299429562500001 0.49070512343750006 0.6359499859375 0.502309828125 0.63431905 0.5094673359375 0.6178852078125 0.49825385312500003 0.5661647046875 0.4876179453125 0.5466214093749999 0.476980184375 0.5495189875000001 0.4738846703125 0.5611743390624999 0.478330940625 0.587197684375 0.47871521718750004 0.6179995218750001
5 0.2634920640625 0.113880071875 0.2640696359375 0.14605728125 0.27296541875 0.15883244375 0.2851504734375 0.1557174078125 0.29018033593750003 0.1409851234375 0.27645076562500004 0.11065630625 0.2750990828125 0.0841980453125 0.263302471875 0.0676229546875 0.253051303125 0.07327127812499999 0.2518901375 0.0818496984375 0.2555632234375 0.10237155312499999 0.2634920640625 0.113880071875
3 0.362706609375 0.1686607546875 0.3667672140625 0.18071291875 0.3646381796875 0.19924513125 0.3683117296875 0.21415676874999998 0.3754673859375 0.2201638 0.3839775015625 0.21896778125 0.3897805484375 0.20973698437500002 0.3876542921875 0.19460788906249998 0.37837191875 0.1790819828125 0.37837284375 0.167861546875 0.372765409375 0.150416621875 0.362514703125 0.1504547265625 0.362706609375 0.1686607546875
3 0.401558175 0.45633102656249996 0.4087138296875 0.46233805625 0.419351590625 0.459440478125 0.42457475 0.44608356562499996 0.42206143906250004 0.43381394375 0.4079457390625 0.395124165625 0.40253067343750004 0.39027505156250003 0.39653479375 0.3925202546875 0.396531090625 0.43740199999999996 0.401558175 0.45633102656249996
3 0.4448976828125 0.26510500000000004 0.441028521875 0.27686908125 0.44528195937500004 0.2959068375 0.4524376140625 0.301913865625 0.465783371875 0.295830628125 0.464044634375 0.2722318390625 0.45708273750000006 0.26198996406249997 0.45321681875 0.23448251875 0.44315987031250004 0.23028577656250002 0.4404509484375 0.2446918734375 0.4448976828125 0.26510500000000004
3 0.4742726515625 0.54709443125 0.48839159218750006 0.5465126796875001 0.49380758281250003 0.540141359375 0.4926487328125 0.5206686890625 0.48588059687499996 0.5061919687499999 0.48278739843749996 0.489796228125 0.4746652625 0.47691233750000006 0.47060373125000005 0.476080609375 0.46557433281250005 0.48520267656250005 0.467117921875 0.5298669640625 0.4742726515625 0.54709443125
3 0.56071206875 0.7242888328125 0.5690279625 0.732937878125 0.57985901875 0.731415671875 0.585855825 0.71795003125 0.5835362734375 0.7014455625 0.5727084578125 0.663696240625 0.5672933921875 0.6588471265625 0.560523865625 0.661201059375 0.5558782796874999 0.7067351796875 0.56071206875 0.7242888328125
3 0.3089411578125 0.13975100000000001 0.3159030546875 0.149992875 0.32750775781249997 0.14836194062500002 0.3317635109375 0.139348603125 0.3298305515625 0.12559488125 0.32170841562499997 0.11271098906250002 0.31861614375 0.0850948140625 0.3128144859375 0.07749495468749999 0.3066253109375 0.0783647859375 0.302949909375 0.085894021875 0.30990995312499997 0.11857676875 0.3089411578125 0.13975100000000001
2 0.4827906390625 0.45052470156249996 0.48820709375 0.4385431609375 0.47776725937500003 0.3867139296875 0.45997523124999995 0.3667738234375 0.45185078125 0.38194102343749997 0.4599692125 0.439706659375 0.470605584375 0.4536397375 0.4827906390625 0.45052470156249996
2 0.2791175515625 0.606780071875 0.282596878125 0.6315367734375 0.2860780578125 0.633852603125 0.2912984390625 0.654157 0.30560928593750003 0.671781278125 0.3185679875 0.6685575125 0.32263044375 0.6581688031249999 0.32398536875 0.6453555359375 0.321085465625 0.6303351703125 0.3141235703125 0.6200932953125 0.3071626 0.59863098125 0.292464234375 0.5894763968750001 0.28337376718749996 0.5921565171875 0.2791175515625 0.606780071875
0 0.2710255125 0.22923199374999997 0.2816595703125 0.27121616249999997 0.2803046453125 0.2840294296875 0.2847513796875 0.30444255625 0.2921003296875 0.31182495625 0.3048657359375 0.30722581875 0.30950854375 0.295353009375 0.30622205 0.2775818984375 0.29771285937499997 0.26755748125 0.28630515624999997 0.22568204218750001 0.2781825578125 0.21840836874999997 0.273733971875 0.220436115625 0.2710255125 0.22923199374999997
0 0.44156905156250004 0.7578637500000001 0.4506585921875 0.7664040671875 0.45936200468750005 0.7665834203124999 0.46555164375 0.7601033703125 0.46961456406249996 0.7441044437500001 0.45279272031250006 0.6861594531249999 0.4429299953125 0.6721176468750001 0.4375144671875 0.67287875 0.43306495468749995 0.6861269328125 0.4361549125 0.7417942 0.44156905156250004 0.7578637500000001
1 0.275461134375 0.384290359375 0.26791796093750003 0.386753021875 0.263855040625 0.40275194843750006 0.27100930624999997 0.4255896328125 0.281838975 0.44089808125 0.2793228859375 0.46228976875 0.2847365625 0.48396954062499997 0.296340340625 0.4935590421875 0.3077517484375 0.490552734375 0.3141356078125 0.4742276203125 0.312009815625 0.45348830625 0.30485462343749997 0.4418710578125 0.2973119125 0.43872350156250006 0.2907384609375 0.40879149843749996 0.28358373124999997 0.39156403125 0.275461134375 0.384290359375
4 0.2661824640625 0.32388270625 0.28242534531249996 0.36648114375 0.2797164234375 0.380887240625 0.28822468749999997 0.40213209375 0.2938330484375 0.4083565828125 0.3087261 0.40205588593749997 0.313562203125 0.3915584484375 0.310856059375 0.372303234375 0.3000263921875 0.3569947859375 0.28552456249999997 0.30994404375 0.27778855625 0.305421115625 0.2675373875 0.3110694390625 0.2661824640625 0.32388270625
9 0.491900553125 0.21221541406250002 0.5019579640625 0.2108019375 0.507180659375 0.20305524375 0.504474515625 0.18380003125 0.49905991250000004 0.1733406984375 0.4961609359375 0.1470998953125 0.49287351562500004 0.1405492203125 0.48552410156250003 0.13877703749999998 0.4824285875 0.1504323890625 0.48377841874999994 0.1993315234375 0.491900553125 0.21221541406250002
9 0.6191536656250001 0.33739006250000003 0.6261155625 0.3476319375 0.635592621875 0.3477025625 0.6423626109375 0.3397384109375 0.643523775 0.3311599890625 0.639269875 0.317732453125 0.6363713609375 0.28588143125 0.629989815625 0.2741554546875 0.6238006406250001 0.27502528593750003 0.6214792375 0.2809616921875 0.61780059375 0.3277624546875 0.6191536656250001 0.33739006250000003
9 0.5982772375 0.19446006875 0.60446595 0.19920045625 0.6145233609375 0.1977869796875 0.618972409375 0.1901490140625 0.610274090625 0.12825725937500002 0.6011840859375 0.1253271625 0.5967350375 0.13296512656249998 0.5984742375 0.150953696875 0.5951835765625 0.1836745484375 0.5982772375 0.19446006875
9 0.5942208 0.131915940625 0.6085339640625 0.12148912812499998 0.6004155328125 0.0637234890625 0.5971281109375 0.057172815625 0.58997199375 0.056776004687500006 0.585715778125 0.071399559375 0.586098665625 0.11903204999999999 0.5942208 0.131915940625
9 0.5292089921875001 0.44961118125 0.5404261781249999 0.45644993749999996 0.5485497015624999 0.4525031734375 0.5526121578125001 0.4421144640625 0.5495189593750001 0.425718725 0.537917496875 0.3880781328125 0.533276078125 0.3831202890625 0.5265065515625 0.38547422187499997 0.52379763125 0.39988031875 0.5292089921875001 0.44961118125
9 0.6520181484375 0.5207113921875 0.6642027406250001 0.5232065734375 0.671746840625 0.5095234750000001 0.66440159375 0.457259328125 0.6553120515625 0.448719009375 0.6491224140625 0.4551990609375 0.6440902359375 0.49798243593749997 0.6469901375 0.5130028015625 0.6520181484375 0.5207113921875
9 0.67541298125 0.6141986046875 0.6875975734375 0.6166937875 0.695141671875 0.6030106890625 0.6868294828125 0.549479896875 0.6759988875 0.5453918828125001 0.670582434375 0.5573734234375001 0.6663248296875001 0.5888276328125001 0.6694180281250001 0.605223371875 0.67541298125 0.6141986046875
9 0.689329365625 0.7244458484375 0.6955176140625 0.7347964515625 0.7090562046875 0.7356988046875 0.716019953125 0.7234998078125 0.7073211703125 0.6672182703125 0.70403375 0.660667596875 0.6974579828125 0.6587866828125 0.69068799375 0.6667508359375 0.6866227578124999 0.7108008531250001 0.689329365625 0.7244458484375
11 0.7554787234375 0.6842933203125 0.7585714593749999 0.7062992765625 0.7657266515625001 0.7179165249999999 0.78042548125 0.721460890625 0.790097225 0.7060762328125 0.7856504906249999 0.68566310625 0.78623176875 0.67295856875 0.7924218703125 0.6608683015625 0.7879756 0.63484495625 0.7755981750000001 0.6253641828125 0.7655403015625 0.6323878781250001 0.7610903265625 0.6512462796875 0.7620563437500001 0.663733359375 0.7554787234375 0.6842933203125
11 0.63309783125 0.11102420937499999 0.641607021875 0.1210486265625 0.6532117265624999 0.11941769218750001 0.657854534375 0.10754488124999999 0.6510877859375 0.07623750625 0.6555377609375 0.0573791046875 0.6518651359375001 0.0312470296875 0.6387136015625 0.027485204687499997 0.6336837390625 0.0422174890625 0.6377429546875 0.0711003078125 0.6307782796875 0.0945197421875 0.63309783125 0.11102420937499999
10 0.67118176875 0.3258703734375 0.6746620234375 0.3394066390625 0.6858787453125 0.3518556140625 0.6924549765625 0.348126309375 0.7000000015625 0.3232227734375 0.6963264515625001 0.30831113593750004 0.700198390625 0.26288574531250003 0.6980721359375 0.24775665 0.6853076546875 0.24113535000000003 0.6773769640625 0.2520677046875 0.6760211140625 0.27610140781250003 0.6789214796875 0.28551155625 0.67118176875 0.3258703734375
8 0.7394314546875 0.6150191625 0.75045580625 0.6148723296874999 0.75896685 0.6024558734375 0.7609039765625 0.5657176328125 0.7581978328125001 0.5464624203125 0.7523966390625 0.5332523421875 0.7448539281250001 0.5301047859375 0.7297666546875 0.546250546875 0.72705634375 0.5774872984375 0.7293754328125 0.5996019859375 0.7394314546875 0.6150191625
8 0.552044771875 0.28651245468750003 0.562488775 0.287849721875 0.571966759375 0.2766999109375 0.5692624687500001 0.235003825 0.56500903125 0.2159660703125 0.5594011328125 0.20413136562499998 0.5537923078125 0.2035170953125 0.543733509375 0.22176122812500002 0.5452766359375001 0.272035734375 0.552044771875 0.28651245468750003
6 0.7053997875 0.5132090921875 0.7117813328125 0.52493506875 0.7231922765625 0.5275389796875001 0.7336376687499999 0.5120455921875 0.7261005140625 0.44157541718750004 0.721072503125 0.43386682812500005 0.714883328125 0.4347366609375 0.7104342796875 0.44237462499999997 0.70269364375 0.49395387812499997 0.7053997875 0.5132090921875
6 0.6735068765625 0.275052221875 0.6804720140625 0.2460225703125 0.6864683578124999 0.2381671484375 0.6897585562499999 0.2110565125 0.6870524125 0.1918013 0.6789298140625 0.184527628125 0.6723535843749999 0.1882569328125 0.66596601875 0.24946379375 0.66963910625 0.2699856484375 0.6735068765625 0.275052221875
7 0.6980614859375 0.3767916703125 0.6885821109375 0.4047721359375 0.69186860625 0.422543246875 0.699990740625 0.43542713906249997 0.7112083890625 0.436655678125 0.719912265625 0.4312248125 0.7230077781250001 0.41956946093749997 0.7148870328125 0.3898549140625 0.718950878125 0.36263555 0.7175991953125 0.336177290625 0.7087034140624999 0.323402128125 0.70096694375 0.3244894171875 0.6957442484375 0.3322361109375 0.6936152156250001 0.350768325 0.6980614859375 0.3767916703125