10 0.45078125 0.5875 0.040625 0.1046875
5 0.29296875 0.45859375 0.0359375 0.0875
9 0.53828125 0.50078125 0.0296875 0.075
9 0.64375 0.4578125 0.028125 0.0734375
9 0.4109375 0.45234375 0.0296875 0.071875
6 0.58828125 0.66171875 0.0359375 0.0984375
7 0.31328125 0.8125 0.046875 0.121875
5 0.346875 0.37421875 0.0375 0.103125
3 0.525 0.390625 0.028125 0.071875
5 0.3375 0.6015625 0.0390625 0.1
9 0.2515625 0.7546875 0.0421875 0.0953125
8 0.46640625 0.83828125 0.040625 0.0984375
3 0.47109375 0.31796875 0.028125 0.071875
8 0.45703125 0.7375 0.0375 0.0859375
9 0.68984375 0.33203125 0.0296875 0.071875
9 0.4 0.8265625 0.0359375 0.0828125
2 0.4078125 0.32734375 0.034375 0.090625
9 0.6 0.8328125 0.0359375 0.0828125
3 0.7328125 0.83359375 0.0359375 0.08125