9 0.6484375 0.53828125 0.040625 0.08125
5 0.303125 0.68046875 0.053125 0.1
6 0.54375 0.52578125 0.0453125 0.096875
9 0.5625 0.35234375 0.0390625 0.0796875
4 0.45859375 0.3109375 0.0515625 0.1125
0 0.61640625 0.10859375 0.04375 0.1046875
3 0.471875 0.5078125 0.040625 0.078125
3 0.33984375 0.571875 0.0421875 0.0796875
0 0.3796875 0.69609375 0.0484375 0.1
9 0.71171875 0.14375 0.0375 0.08125
11 0.65625 0.4578125 0.0484375 0.0984375
9 0.63359375 0.20078125 0.0375 0.08125
11 0.61796875 0.34765625 0.046875 0.096875
6 0.490625 0.40703125 0.04375 0.1
7 0.52890625 0.24453125 0.0515625 0.115625
3 0.5765625 0.6203125 0.040625 0.0765625
3 0.44140625 0.07734375 0.0375 0.0796875
9 0.56640625 0.33046875 0.0234375 0.0359375
5 0.36484375 0.2 0.0484375 0.0953125
9 0.50859375 0.71953125 0.0421875 0.0828125
3 0.475 0.16171875 0.0375 0.0765625
9 0.6390625 0.1796875 0.0203125 0.034375
9 0.71875 0.1234375 0.021875 0.0359375
1 0.54375 0.16171875 0.05 0.121875
3 0.4765625 0.1421875 0.021875 0.034375
6 0.49296875 0.38125 0.0265625 0.046875
3 0.47421875 0.4890625 0.0234375 0.0359375
3 0.3390625 0.5515625 0.021875 0.0359375
9 0.51484375 0.6984375 0.0234375 0.0375
3 0.3828125 0.6703125 0.028125 0.046875
9 0.55390625 0.0984375 0.0234375 0.04375
3 0.46015625 0.28046875 0.0296875 0.046875
3 0.36328125 0.1734375 0.025 0.0375