11 0.58515625 0.396875 0.0453125 0.096875
5 0.55234375 0.08359375 0.0421875 0.0984375
7 0.54765625 0.3015625 0.05 0.1203125
10 0.37890625 0.3265625 0.05 0.1140625
0 0.53671875 0.23359375 0.040625 0.09375
6 0.60234375 0.21640625 0.04375 0.1
9 0.4921875 0.70625 0.040625 0.08125
2 0.46015625 0.43515625 0.04375 0.09375
1 0.5234375 0.140625 0.0484375 0.1203125
5 0.46875 0.5 0.0453125 0.0984375
8 0.3859375 0.87265625 0.0484375 0.0875
8 0.28203125 0.38359375 0.04375 0.0890625
9 0.3484375 0.45234375 0.040625 0.08125
9 0.36171875 0.63828125 0.040625 0.0828125
3 0.68984375 0.659375 0.0421875 0.0796875
4 0.36328125 0.18515625 0.0484375 0.1140625
6 0.7015625 0.46640625 0.05 0.1
0 0.55234375 0.603125 0.0453125 0.0953125
3 0.60546875 0.5953125 0.0390625 0.078125
3 0.65390625 0.2015625 0.0390625 0.0796875
2 0.6515625 0.81171875 0.0484375 0.09375
2 0.50546875 0.9921875 0.0265625 0.015625