9 0.47734375 0.5109375 0.028125 0.071875
5 0.54921875 0.5734375 0.034375 0.0890625
7 0.6140625 0.653125 0.0421875 0.1140625
9 0.3515625 0.4609375 0.028125 0.0734375
2 0.58203125 0.32109375 0.03125 0.0890625
3 0.36015625 0.384375 0.028125 0.0703125
10 0.66875 0.521875 0.040625 0.1046875
9 0.6140625 0.82109375 0.034375 0.08125
6 0.53125 0.45234375 0.0328125 0.0921875
3 0.38515625 0.67109375 0.03125 0.075
8 0.4140625 0.82578125 0.0375 0.1
3 0.46953125 0.39140625 0.0265625 0.0703125
8 0.28359375 0.57890625 0.0328125 0.084375