3 0.49921875 0.325 0.0359375 0.075
2 0.390625 0.3375 0.0421875 0.0921875
5 0.459375 0.4 0.0421875 0.0890625
4 0.49921875 0.48046875 0.05 0.1078125
9 0.284375 0.70390625 0.0453125 0.078125
8 0.68203125 0.36171875 0.040625 0.084375
7 0.56328125 0.35546875 0.05 0.1140625
10 0.33984375 0.46328125 0.05 0.1046875
9 0.6640625 0.3015625 0.0390625 0.0765625
3 0.4703125 0.6125 0.040625 0.0765625
6 0.53515625 0.5765625 0.0453125 0.0953125
6 0.35234375 0.553125 0.046875 0.0984375
8 0.41640625 0.73671875 0.053125 0.0984375
9 0.5515625 0.66484375 0.0390625 0.078125
9 0.5671875 0.83125 0.0421875 0.0828125
0 0.628125 0.42890625 0.0375 0.0734375