9 0.23046875 0.7296875 0.04375 0.08125
4 0.65078125 0.49453125 0.05 0.1046875
6 0.34765625 0.44296875 0.04375 0.096875
7 0.54375 0.49453125 0.0515625 0.1125
10 0.50859375 0.76328125 0.0546875 0.109375
0 0.61171875 0.79453125 0.0546875 0.1046875
9 0.328125 0.59140625 0.0421875 0.078125
5 0.69375 0.58515625 0.0484375 0.090625
9 0.4578125 0.52578125 0.0375 0.0703125
9 0.5140625 0.628125 0.0421875 0.078125
6 0.41953125 0.409375 0.04375 0.09375
3 0.5375 0.421875 0.0375 0.075
9 0.3359375 0.91796875 0.046875 0.0875
2 0.59765625 0.4375 0.0453125 0.0921875
9 0.53671875 0.93828125 0.046875 0.0859375
0 0.4046875 0.58125 0.0546875 0.11875
8 0.46953125 0.940625 0.0546875 0.10625
3 0.36328125 0.73125 0.0421875 0.078125
8 0.49296875 0.83984375 0.0484375 0.0921875
3 0.20234375 0.9 0.046875 0.0875