5 0.537062190625 0.629125275 0.5486366625 0.627292059375 0.553723365625 0.6194553968750001 0.5548544609375 0.6066204359375 0.5462163609374999 0.577052140625 0.5428598609375 0.550865928125 0.5364919109375 0.5406249 0.5254717984374999 0.5409641125 0.5210145359375 0.5627630984375 0.5254126421875001 0.6155021671875 0.537062190625 0.629125275
5 0.5999481171875 0.06230930312500001 0.5956857515625 0.0953270328125 0.6048031359375 0.107944996875 0.6173665109375001 0.10736135625000001 0.6221384921875 0.0925435328125 0.6132831234375 0.0616034484375 0.61750074375 0.048279628125 0.6150133249999999 0.0275805734375 0.611394809375 0.01971648125 0.5999401578125 0.017312115625 0.593505090625 0.0366119484375 0.5999481171875 0.06230930312500001
3 0.518148721875 0.175105365625 0.5205386937500001 0.19019505 0.5287869984375 0.19732585625000001 0.5372749453125001 0.19598149843749998 0.542361646875 0.18814483437500001 0.5415149375 0.17281072343749998 0.5340606375 0.1557107484375 0.5344201015625 0.1429980015625 0.5292806953125 0.12553138125000002 0.51946675625 0.128491959375 0.5192047421875 0.1468140796875 0.5224861656249999 0.15754396406249999 0.518148721875 0.175105365625
3 0.5762861125 0.4372942109375 0.5813728140625 0.42945754843749995 0.5806459265624999 0.40988585312500003 0.56752023125 0.3669663109375 0.561129909375 0.3665722359375 0.5573692015625 0.37279267968749996 0.5551820875 0.4139189296875 0.5563658859375 0.4263872484375 0.565266 0.4376334234375 0.5762861125 0.4372942109375
3 0.48756935468749996 0.29666339218750004 0.49265605625 0.28882673125 0.4911575375 0.26937725 0.48401795625000005 0.2592584359375 0.48230216875 0.2384371671875 0.475499678125 0.225452559375 0.46710918125 0.232406290625 0.47145458281249997 0.25984207812500004 0.46779132187499994 0.27167189375 0.47302817656249996 0.294747884375 0.48756935468749996 0.29666339218750004
3 0.513072990625 0.5176162625 0.5176580359375 0.5365768859375 0.5247001671875 0.5410863265625 0.538372265625 0.5375146796875 0.5401775421874999 0.5189481312499999 0.5285951109375 0.47578415781250005 0.5211184375 0.46853113593750007 0.51747755 0.4705139984375 0.5134772 0.4852096078125 0.515312809375 0.50179329375 0.513072990625 0.5176162625
3 0.5020926765625 0.7429414234375 0.50751646875 0.73223896875 0.5070068515624999 0.7140390625 0.48925136875 0.67185280625 0.48208941406249994 0.671580946875 0.47832870625 0.6778013890625 0.47901084687499995 0.7170669921874999 0.4816180890625 0.733528465625 0.491289834375 0.7446524250000001 0.5020926765625 0.7429414234375
3 0.5572687421875 0.0775062625 0.553268390625 0.092201871875 0.555441090625 0.1059197640625 0.5621461328125 0.11329500156250001 0.5737206046875001 0.11146178437500001 0.577383865625 0.09963196875 0.5702666562500001 0.07966619999999999 0.56736706875 0.0463766125 0.5616509296875 0.040250953125 0.5554778765624999 0.0412286671875 0.5521517078125 0.050192690625 0.5572687421875 0.0775062625
2 0.511528221875 0.37302217031249996 0.49932431250000003 0.3608930640625 0.48813963437499996 0.3851637671875 0.493309371875 0.4377806203125 0.501992215625 0.44765500625000004 0.514555590625 0.44707136406250003 0.520653565625 0.43063732187500003 0.511528221875 0.37302217031249996
2 0.7128663953125 0.56050078125 0.7092031359375001 0.572330596875 0.710821475 0.5875424921875 0.7158634328125 0.5993997390625 0.72278574375 0.6081467640625 0.73612075 0.607440909375 0.7446534406249999 0.586402640625 0.7437092843750001 0.5654591578125 0.7463612703125 0.5622267203125 0.7424504078124999 0.5375345125 0.7341046546875 0.524794334375 0.72462780625 0.5248891171875 0.7132482312499999 0.537941078125 0.7128663953125 0.56050078125
0 0.620282015625 0.23064532187500003 0.6223348953125 0.248600796875 0.630246109375 0.258597396875 0.6437983843749999 0.25926333125 0.648667815625 0.2500548796875 0.6469520281250001 0.2292336109375 0.641910071875 0.2173763640625 0.6398044875 0.17411760625 0.634642709375 0.16649794375 0.6297956499999999 0.165859440625 0.6241545875 0.17519010625 0.6254885390625 0.218571078125 0.620282015625 0.23064532187500003
0 0.6089899921875 0.738666365625 0.6168037562500001 0.7430535921875 0.6250744328125 0.74033744375 0.6312698578125 0.729512775 0.63174914375 0.7125624453125 0.61842855 0.6584241578125 0.6103000671875 0.64705576875 0.604898646875 0.6479112687499999 0.599572303125 0.664223096875 0.6004269703125 0.7245543984375 0.6089899921875 0.738666365625
1 0.6734510203124999 0.3515947234375 0.6759160671875 0.38214073125 0.66962319375 0.3873560296875 0.6661772046875 0.40055763593749993 0.6702078874999999 0.42101226093750005 0.6810858046875 0.43475758593749997 0.6928775468749999 0.434296159375 0.701170596875 0.42173305625 0.7000091687500001 0.3994177828125 0.691348696875 0.37969644375 0.6972294031249999 0.3618906125 0.6973939687499999 0.33795912031249997 0.688830946875 0.3238471546875 0.6808973609375 0.32369750937499997 0.6752562984375 0.33302817500000004 0.6734510203124999 0.3515947234375
4 0.6435443296875001 0.3225826390625 0.6465861109375 0.34178769062500003 0.654280053125 0.35041250156250003 0.67036449375 0.35208358125 0.6739079328125 0.344491346875 0.67583303125 0.3216872171875 0.6690305421875 0.308702609375 0.6721091078125 0.2632165625 0.6670671515625 0.25135931562499997 0.6556124999999999 0.24895494999999998 0.649536896875 0.25554203593749997 0.649425034375 0.30477680937499996 0.6435443296875001 0.3225826390625
9 0.403273075 0.1989246875 0.40631485625 0.21812973906250002 0.413574259375 0.2240109703125 0.42360546875000005 0.2224221828125 0.42760582031250005 0.2077265734375 0.414599946875 0.16056944687500002 0.408231996875 0.15032841875 0.40172185312500003 0.154171928125 0.400493309375 0.1613975171875 0.405393071875 0.1873393015625 0.403273075 0.1989246875
9 0.31352568281250004 0.3664152484375 0.3133834890625 0.3804997859375 0.3170020046875 0.388363878125 0.32580467031250004 0.3940006828125 0.33484697812499997 0.39116231875 0.33851023750000003 0.379332503125 0.336989346875 0.3697299765625 0.31978822500000004 0.326049715625 0.3158326171875 0.321051415625 0.30965956562499997 0.32202913125 0.3069852078125 0.335108521875 0.31352568281250004 0.3664152484375
9 0.3121534390625 0.242886853125 0.3166857796875 0.23654419531249998 0.31649088281250004 0.2253254515625 0.3037773546875 0.194996440625 0.30018121249999996 0.1772853921875 0.29369344062499997 0.1712819484375 0.28585730468750004 0.1767416734375 0.295634459375 0.23847219531250002 0.3021222296875 0.2444756421875 0.3121534390625 0.242886853125
9 0.2843732 0.10244804999999998 0.2776457859375 0.10491976875 0.2764172421875 0.112145359375 0.2855425859375 0.1697605125 0.3022788359375 0.175546959375 0.3062791875 0.1608513515625 0.29271895312499996 0.115188228125 0.2843732 0.10244804999999998
9 0.4486074484375 0.4701723390625 0.45733503750000004 0.460352815625 0.44797005156249997 0.41121282656249997 0.4411675609375 0.3982282203125 0.4340056078125 0.397956359375 0.4310165296875 0.4040545890625 0.430927040625 0.44344240625 0.43276265 0.46002609375 0.4396849609375 0.4687731171875 0.4486074484375 0.4701723390625
9 0.36323428281250003 0.5554103984375 0.36161594375 0.5401985015624999 0.344295 0.5007558234375 0.3364812359375 0.4963685953125 0.3302858109375 0.507193265625 0.338542075 0.559321259375 0.349757084375 0.5702007906250001 0.360679746875 0.5642522078125001 0.36323428281250003 0.5554103984375
9 0.368749071875 0.6501586484375 0.3669134609375 0.6335749625 0.3536455734375 0.6047399546875 0.344962728125 0.59486556875 0.3358005984375 0.6019415140625 0.3435025015625 0.6555635140625 0.3547175109375 0.6664430453125 0.3656401734375 0.6604944609375 0.368749071875 0.6501586484375
9 0.3816734140625 0.7817007828125 0.3845650421875 0.76999318125 0.38316397343749997 0.756153071875 0.366397390625 0.715216390625 0.357594725 0.7095795875 0.3518562140625 0.71330088125 0.35062766875 0.720526471875 0.3587641109375 0.7768920500000001 0.36899021875 0.78652200625 0.3816734140625 0.7817007828125
11 0.2730970953125 0.700463471875 0.2640324140625 0.7131487890625 0.2673889140625 0.7393350015625 0.27684339062499996 0.7490871718750001 0.281113715625 0.7610666328125 0.2828295046875 0.7818879015625 0.296576678125 0.7937725796875 0.3095969640625 0.7860855625000001 0.3130429546875 0.7728839578125 0.3095666328125 0.750935328125 0.2972652734375 0.73319685 0.2945382109375 0.7209729593749999 0.28476901718750003 0.7042396281250001 0.2730970953125 0.700463471875
11 0.221848675 0.122194371875 0.23161786874999998 0.1389277046875 0.2343001875 0.170845503125 0.24221140000000002 0.1808421015625 0.253785871875 0.1790088859375 0.2589923953125 0.16693464062500002 0.2563851546875 0.15047317031250002 0.2428776234375 0.13011332656250002 0.2383149515625 0.10130575156249999 0.2291975671875 0.0886877875 0.2177205421875 0.096130375 0.221848675 0.122194371875
10 0.23683385625 0.316689171875 0.239223828125 0.33177885625000003 0.2562076796875 0.3740873265625 0.2570543890625 0.38942143906250004 0.271550821875 0.41103085625 0.2789300453125 0.41267450625 0.286016921875 0.39749003906249997 0.285387484375 0.383527715625 0.2661861859375 0.347195259375 0.2662085578125 0.3373483046875 0.257885178125 0.31476117187499997 0.247104709375 0.30662521875 0.23683385625 0.316689171875
8 0.26971026249999996 0.639127025 0.28230396875 0.67369361875 0.2940733390625 0.6830791453125 0.3046589109375 0.6799963546875001 0.30976798437499997 0.6623127390625 0.30552003125 0.640486321875 0.29379540625 0.6114068875 0.2746468125 0.6003777109375 0.2683539390625 0.6055930093749999 0.26666848125 0.6199219734375 0.26971026249999996 0.639127025
8 0.37821495 0.3153896296875 0.38781161875 0.3110572640625 0.39005143750000004 0.2952342953125 0.37682829375 0.2467053796875 0.3618749484375 0.2321993375 0.356690796875 0.23442662812499998 0.35478807031250004 0.24738380468750001 0.3562865890625 0.2668332828125 0.3658912171875 0.30749810625 0.37821495 0.3153896296875
6 0.3047628140625 0.58576439375 0.307437171875 0.5726850031249999 0.304395390625 0.5534799515625 0.28191266875 0.5064176078125 0.275424896875 0.5004141625 0.2692518453125 0.501391878125 0.2666973078125 0.5102336859375 0.2800929765625 0.5798283 0.2946117828125 0.5915907625 0.3047628140625 0.58576439375
6 0.2531579390625 0.3098850859375 0.2683061828125 0.335609871875 0.27052362812499997 0.32963385624999997 0.268036209375 0.3089348015625 0.24403259687499998 0.252269934375 0.236653371875 0.250626284375 0.231012309375 0.25995694999999996 0.23405409062500002 0.2791620015625 0.24512690625000003 0.3041260703125 0.2531579390625 0.3098850859375
7 0.25650002656250004 0.39091544375 0.2487837125 0.3921375875 0.2440117296875 0.4069554109375 0.2504547546875 0.4326527640625 0.2622992015625 0.45749461875 0.2632209859375 0.48828505624999996 0.2695889359375 0.498526084375 0.279500325 0.50117488125 0.2898686265625 0.49672029999999995 0.2938689765625 0.48202469062500003 0.291816096875 0.4640692140625 0.2745702296875 0.4400828625 0.2712137296875 0.41389665000000003 0.2637594296875 0.3967966734375 0.25650002656250004 0.39091544375