9 0.628125 0.3140625 0.034375 0.0625
9 0.65625 0.48828125 0.0390625 0.0796875
9 0.67890625 0.58203125 0.040625 0.08125
9 0.69921875 0.69765625 0.040625 0.0859375
7 0.70390625 0.378125 0.053125 0.1140625
10 0.684375 0.3 0.0484375 0.1046875
6 0.678125 0.23125 0.0421875 0.0984375
6 0.7171875 0.48359375 0.046875 0.096875
8 0.74296875 0.5734375 0.05 0.0921875
11 0.7734375 0.6734375 0.053125 0.1015625
11 0.64296875 0.07421875 0.04375 0.1
9 0.59453125 0.0921875 0.034375 0.08125
3 0.4765625 0.509375 0.0375 0.078125
3 0.50703125 0.70625 0.0390625 0.08125
2 0.46796875 0.40703125 0.04375 0.0953125
3 0.45 0.2640625 0.0359375 0.0796875
3 0.40703125 0.42578125 0.0359375 0.075
3 0.3515625 0.3546875 0.0359375 0.078125
3 0.37109375 0.62578125 0.0390625 0.0765625
2 0.3015625 0.628125 0.05 0.0921875
0 0.30546875 0.521875 0.0453125 0.0953125
1 0.2890625 0.4375 0.05625 0.121875
4 0.290625 0.35546875 0.053125 0.115625
0 0.28984375 0.26328125 0.04375 0.103125
5 0.2703125 0.1125 0.0421875 0.096875
5 0.31953125 0.72421875 0.05 0.0953125
3 0.31640625 0.1125 0.0359375 0.0796875
3 0.3734375 0.184375 0.034375 0.0765625
9 0.5359375 0.4171875 0.0359375 0.08125
9 0.4921875 0.17421875 0.034375 0.08125
9 0.60390625 0.1609375 0.034375 0.0796875
9 0.55625 0.24375 0.040625 0.090625