0 0.3984375 0.2 0.0546875 0.103125
3 0.48203125 0.071875 0.04375 0.08125
7 0.728125 0.4625 0.0671875 0.1234375
9 0.6203125 0.19765625 0.0421875 0.08125
3 0.47421875 0.5015625 0.0453125 0.08125
8 0.596875 0.528125 0.053125 0.0953125
8 0.65078125 0.28671875 0.05 0.090625
10 0.61953125 0.43125 0.0609375 0.1171875
9 0.5625 0.44609375 0.040625 0.06875
9 0.57890625 0.353125 0.0453125 0.084375
4 0.3625 0.2859375 0.0640625 0.1140625
6 0.54921875 0.7125 0.05625 0.1015625
0 0.3671875 0.68125 0.0578125 0.1046875
3 0.546875 0.2625 0.0453125 0.0828125
9 0.64765625 0.5484375 0.0484375 0.0828125
5 0.440625 0.053125 0.0546875 0.1
3 0.48515625 0.70859375 0.046875 0.0796875
11 0.68203125 0.7671875 0.0625 0.1046875
1 0.3296875 0.3609375 0.071875 0.125
2 0.5078125 0.40234375 0.053125 0.096875
6 0.76796875 0.32109375 0.0546875 0.1046875
3 0.50703125 0.159375 0.04375 0.0796875
3 0.44375 0.39609375 0.0453125 0.078125
2 0.26640625 0.540625 0.0609375 0.096875
9 0.72734375 0.23125 0.0421875 0.08125
5 0.45546875 0.5796875 0.0546875 0.096875
9 0.60234375 0.771875 0.0453125 0.06875
11 0.79765625 0.16484375 0.0546875 0.1015625
9 0.74375 0.165625 0.040625 0.075