5 0.527964584375 0.6313960609375 0.5396387421875 0.6303747046875 0.5452597109374999 0.6229119625 0.547283371875 0.6101871671875 0.54072889375 0.5800883359375 0.539207228125 0.5537317749999999 0.5335691687499999 0.5430714875 0.5225522390624999 0.5426411484375 0.5165852125 0.5640761109375 0.5172937140625 0.6169935046874999 0.527964584375 0.6313960609375
5 0.6302364078125 0.070347525 0.623681225 0.102987496875 0.631896215625 0.11621072031249999 0.6444696984375 0.11650487812500002 0.650263696875 0.10205602656249999 0.64358816875 0.070573590625 0.6487249390625001 0.057576434375 0.6476874718750001 0.036754287499999996 0.6446263421875 0.0286569375 0.6333673140625 0.025459392187500002 0.6256016343749999 0.044263325 0.6302364078125 0.070347525
3 0.5407680171875 0.177162784375 0.5420995640624999 0.192382425 0.5498303546875001 0.20007123437500002 0.558391403125 0.19932224062499998 0.564012371875 0.19185949687499998 0.5642373796875 0.176503675 0.5579940718749999 0.1589253703125 0.55923945625 0.1462686640625 0.5553309796875 0.1284860859375 0.5453344265625 0.130754865625 0.5437949640624999 0.14901407656250001 0.546319915625 0.1599467265625 0.5407680171875 0.177162784375
3 0.5804744171875 0.442768409375 0.5860953859375 0.43530566718749997 0.586735521875 0.41573094218750006 0.5766357171875 0.372000346875 0.57028845 0.3711614671875 0.5661029859375 0.3771044234375 0.5610523781250001 0.4179779265625 0.5613635484375 0.4304984515625 0.5694574890624999 0.4423380703125 0.5804744171875 0.442768409375
3 0.5017836796874999 0.2962915921875 0.5074046484375 0.28882884999999997 0.5072665078124999 0.269322215625 0.5008501703125 0.25873001875 0.5005909796875 0.23783978281249998 0.49471082187500004 0.2244122875 0.48585569531250006 0.2307637890625 0.4882766875 0.2584358625 0.4837971453125 0.269981325 0.48741154375000006 0.293366409375 0.5017836796874999 0.2962915921875
3 0.511812296875 0.5184852765625 0.515063546875 0.5377195484375 0.5217739625 0.5427092390625 0.5356619 0.5401000093749999 0.5387579171875 0.5217046171875 0.5302146671875 0.477837840625 0.5232621515625 0.47008094062500005 0.519491815625 0.471804996875 0.5144760953125 0.4861857578125 0.5151504140625 0.50285709375 0.511812296875 0.5184852765625
3 0.485140840625 0.7424956078125 0.49129798750000003 0.73219756875 0.4920591734375 0.7140064484375 0.47728970625 0.67068439375 0.4701641625 0.6699136046875 0.46597869843749995 0.6758565609375 0.46392014843749996 0.7150740984375 0.46537274375 0.7316773453125001 0.4742449625 0.7434488734375 0.485140840625 0.7424956078125
3 0.5866009109375 0.08253030156249999 0.581585190625 0.0969110625 0.5827956875 0.11074710000000001 0.588969925 0.118572090625 0.60064408125 0.11755073281249999 0.6051236234374999 0.1060052703125 0.59941649375 0.08559166562500001 0.5988461328125 0.052180904687499995 0.5935712234375 0.0456714296875 0.58734500625 0.046216153125 0.583401640625 0.0549263171875 0.5866009109375 0.08253030156249999
2 0.520357665625 0.37413565000000004 0.5090295671875 0.3611847875 0.496179096875 0.384616165625 0.49766587500000004 0.43746547031249994 0.505638765625 0.44792148593750003 0.5182122484375 0.4482156421875 0.5254417515625 0.43224700625 0.520357665625 0.37413565000000004
2 0.7081275421875 0.5752022125 0.703648 0.586747675 0.70420126875 0.60203540625 0.708403825 0.614215478125 0.7146991109374999 0.6234240718749999 0.7280508718750001 0.6236501390625 0.738030334375 0.6032583296875 0.7385494203125 0.5823000031250001 0.7414204296875 0.5792604328125 0.7392415359375 0.554355565625 0.7318048234375001 0.5410642515624999 0.7223444484375 0.5404977328125 0.710082134375 0.5527241 0.7081275421875 0.5752022125
0 0.6387782484375 0.23969190624999998 0.639573615625 0.25774684375 0.6467682296875 0.26827095 0.660241040625 0.269880621875 0.665740959375 0.2610342765625 0.66548176875 0.24014403906249998 0.6612792140625 0.2279639671875 0.6621963375 0.18466370781250002 0.6575786546875 0.1767025375 0.6527879421875 0.1757274765625 0.6465097453124999 0.1846419125 0.6448143453124999 0.2280102625 0.6387782484375 0.23969190624999998
0 0.592075975 0.74568774375 0.5995646671875 0.75060934375 0.608004665625 0.7484767453125001 0.6149400890625001 0.738110615625 0.6166006015625001 0.7212350109375001 0.607088953125 0.6662994015625 0.5997732906250001 0.6543916921874999 0.59432535 0.654868325 0.587874125 0.6707688703125 0.5845182125 0.7310128265625 0.592075975 0.74568774375
1 0.68338073125 0.36405556250000004 0.683708990625 0.39469911562500004 0.677067646875 0.399462740625 0.672709153125 0.41239180781250007 0.675303175 0.43307777343750004 0.68519576875 0.44754842031250003 0.6969909750000001 0.4479106671875 0.70614018125 0.43595666250000004 0.7065382171875 0.4136147296875 0.6992745328125001 0.3933373078125 0.7063829859374999 0.3759850671875 0.708216528125 0.3521233515625 0.7006587640624999 0.337448434375 0.69275494375 0.336745734375 0.6864767484375001 0.3456601703125 0.68338073125 0.36405556250000004
4 0.655570671875 0.33302796562500003 0.6572653671875 0.35239841875 0.66433893125 0.361538921875 0.680267621875 0.364327925 0.6843320359375 0.35700136250000003 0.6878431828125 0.3343870703125 0.6819630234375 0.320959575 0.6882070375 0.2757990796875 0.68400448125 0.2636190078125 0.672745453125 0.2604214625 0.6662251578125 0.266568690625 0.662679125 0.3156757265625 0.655570671875 0.33302796562500003
9 0.42451065000000004 0.1929107625 0.4262053453125 0.21228121562500002 0.433036809375 0.2186545109375 0.44315441250000004 0.2177693359375 0.4481701328125 0.20338857500000002 0.4384854546875 0.1554390765625 0.4328473953125 0.1447787890625 0.42608500156250007 0.1481588109375 0.42435541718750003 0.1552811 0.42743363749999996 0.18150148125 0.42451065000000004 0.1929107625
9 0.3232983265625 0.35373286406250004 0.32217399062499996 0.3677731734375 0.3252351203125 0.3758705234375 0.3336231390625 0.3821076390625 0.34284141562500003 0.37990694999999997 0.3473209578125 0.3683614875 0.3464736109375 0.35867625937500003 0.3323613703125 0.3139025125 0.3287640625 0.3086404578125 0.32253784531249996 0.30918518125 0.31895762968749997 0.3220461578125 0.3232983265625 0.35373286406250004
9 0.33054633125 0.2304096546875 0.33551007187500004 0.22439860625 0.3360982296875 0.2131935953125 0.32553131562500004 0.18205161406249998 0.32317939375 0.1641328546875 0.31712620625 0.1576914703125 0.30892830625 0.16259127499999998 0.314375540625 0.22485344375 0.320428728125 0.2312948296875 0.33054633125 0.2304096546875
9 0.312630278125 0.0883751015625 0.30574683281250004 0.09037151875 0.30401725 0.0974938078125 0.3091013359375 0.1556051671875 0.325393175 0.16254497968749998 0.3304088953125 0.14816421875000002 0.320066990625 0.101666415625 0.312630278125 0.0883751015625
9 0.4508133109375 0.466660034375 0.46020461562500004 0.4574732359375 0.45429027343749995 0.4077996828125 0.44841011406250003 0.3943721875 0.4412845703125 0.393601396875 0.437877384375 0.3994762640625 0.43504055625 0.4387618921875 0.43571487500000006 0.455433228125 0.4420101625 0.4646418203125 0.4508133109375 0.466660034375
9 0.359702203125 0.545735128125 0.359148934375 0.530447396875 0.344621565625 0.48989255 0.3371328734375 0.48497094843750005 0.33019745 0.4953370796875 0.3347973359375 0.5479140203124999 0.34522610781249996 0.5595493703125001 0.356537115625 0.5543772031249999 0.359702203125 0.545735128125
9 0.3585942546875 0.64063726875 0.3579199359375 0.6239659328125 0.3466957953125 0.5942756453125 0.338722903125 0.583819628125 0.3290895 0.5902392187500001 0.33303215937499997 0.64426785625 0.34346093125 0.6559032046875 0.35477193906250004 0.6507310359375 0.3585942546875 0.64063726875
9 0.3623111984375 0.772760528125 0.3660124640625 0.7612831546875001 0.3655802453125 0.7473790265625 0.351710103125 0.7053724875 0.343322084375 0.699135371875 0.3373379671875 0.702447303125 0.335608384375 0.7095695921875 0.3397931421875 0.7663654375 0.3493225875 0.7766852734375 0.3623111984375 0.772760528125
11 0.25966619375 0.6841472078125 0.2497387109375 0.696169303125 0.251260378125 0.7225258640625001 0.2600115453125 0.732913790625 0.2634358234375 0.745161953125 0.2636950140625 0.7660521890624999 0.2765796671875 0.7788668703125 0.29010445625000003 0.772106828125 0.29446295 0.7591777625 0.29252615625 0.737040103125 0.2814921359375 0.718486734375 0.2796244109375 0.706102390625 0.271046271875 0.6887283562500001 0.25966619375 0.6841472078125
11 0.24888062500000002 0.1037118328125 0.2574587640625 0.1210858671875 0.257908075 0.15311302499999999 0.2651026890625 0.16363713124999998 0.2767768453125 0.162615775 0.28281294218749997 0.15093413125 0.281360346875 0.1343308875 0.26930595 0.1130784015625 0.26676390781250003 0.0840227234375 0.2585489171875 0.0707995 0.24658068281249998 0.07742336093749999 0.24888062500000002 0.1037118328125
10 0.2502620328125 0.29877816562500004 0.2515935796875 0.3139978078125 0.2655847703125 0.3573879515625 0.26535976250000004 0.3727437734375 0.2783134859375 0.395311771875 0.285560078125 0.397466165625 0.2936889078125 0.3828130421875 0.294034965625 0.36884082500000004 0.2774148640625 0.33125745625 0.278124071875 0.32143605000000003 0.2713965640625 0.298323328125 0.2612098921875 0.28945518593749997 0.2502620328125 0.29877816562500004
8 0.2605662265625 0.62272391875 0.2707180109375 0.6580848031250001 0.2818040109375 0.6682684562500001 0.292578840625 0.6659315875 0.298909015625 0.6486474390625 0.29619394374999997 0.6265778671875 0.2865263578125 0.5967514 0.268193765625 0.5844133515625 0.26155242031250003 0.589176978125 0.25887153125 0.6033534656249999 0.2605662265625 0.62272391875
8 0.3913893796875 0.30734403593750004 0.4012648828125 0.303691653125 0.404603 0.2880634703125 0.3947972734375 0.23873036875000003 0.38089224375 0.22321656875 0.375565353125 0.22507680625 0.3727634140625 0.2378696921875 0.37290155468749997 0.25737632499999996 0.379646153125 0.2986120765625 0.3913893796875 0.30734403593750004
6 0.2992557796875 0.57193641875 0.3028359953125 0.5590754421875 0.3011413 0.5397049890625001 0.2819962484375 0.49118897187500005 0.2759430609375 0.48474758749999997 0.26971684375 0.4852923109375 0.26655175625 0.493934384375 0.27506011875 0.564293903125 0.28872304843749996 0.5770404953125 0.2992557796875 0.57193641875
6 0.26702098125 0.29312936562499997 0.280337853125 0.319848175 0.28296676249999997 0.314041396875 0.2819292953125 0.2932192515625 0.2619368953125 0.2350180078125 0.25469030312499996 0.2328636140625 0.24841210625 0.24177805000000002 0.2501068015625 0.261148503125 0.25941123906249997 0.2868241609375 0.26702098125 0.29312936562499997
7 0.264702534375 0.37419546875 0.2569197640625 0.374876371875 0.251125765625 0.3893252234375 0.255760540625 0.415409421875 0.2658432546875 0.44101698906250003 0.26461496093750003 0.47179672500000003 0.270253021875 0.4824570125 0.27995549531249997 0.4857907390625 0.290609275 0.482070265625 0.295624996875 0.4676895046875 0.294829628125 0.4496345640625 0.2792989734375 0.42450363125 0.2777773078125 0.39814707031249996 0.271534 0.3805687625 0.264702534375 0.37419546875