11 0.3875 0.58203125 0.046875 0.09375
6 0.565625 0.61171875 0.046875 0.0953125
0 0.6234375 0.2625 0.04375 0.1
3 0.68046875 0.20234375 0.0375 0.0796875
4 0.49921875 0.32890625 0.05 0.1125
7 0.56015625 0.25 0.0515625 0.11875
3 0.62578125 0.621875 0.0421875 0.0796875
9 0.4234375 0.09296875 0.0375 0.0828125
1 0.48671875 0.07734375 0.0515625 0.125
3 0.44765625 0.62421875 0.040625 0.078125
11 0.4203125 0.40703125 0.046875 0.1
5 0.50078125 0.6 0.046875 0.096875
9 0.58359375 0.12109375 0.0359375 0.0796875
9 0.34765625 0.48671875 0.040625 0.0796875
5 0.60859375 0.42578125 0.0453125 0.0953125
9 0.47734375 0.17109375 0.0390625 0.0828125
3 0.6421875 0.1203125 0.0359375 0.078125
3 0.47734375 0.4109375 0.0390625 0.0796875