9 0.353125 0.54609375 0.0453125 0.0828125
5 0.70625 0.66953125 0.0578125 0.1015625
6 0.4578125 0.528125 0.05 0.0984375
9 0.4296875 0.35546875 0.0421875 0.0796875
4 0.53125 0.309375 0.0578125 0.1140625
0 0.36328125 0.115625 0.0484375 0.10625
3 0.52890625 0.50625 0.04375 0.0796875
3 0.6640625 0.56328125 0.0453125 0.08125
0 0.63046875 0.68984375 0.053125 0.1015625
9 0.26953125 0.15546875 0.040625 0.08125
11 0.34140625 0.46640625 0.053125 0.1
9 0.35078125 0.2078125 0.0421875 0.08125
11 0.37421875 0.35390625 0.05 0.096875
6 0.50390625 0.40703125 0.0484375 0.1
7 0.45703125 0.24609375 0.05625 0.115625
3 0.43046875 0.62421875 0.04375 0.078125
3 0.53671875 0.075 0.040625 0.08125
9 0.425 0.334375 0.025 0.0359375
5 0.61953125 0.19375 0.053125 0.096875
9 0.50234375 0.71953125 0.0453125 0.0828125
3 0.5078125 0.1609375 0.040625 0.078125
9 0.34453125 0.1875 0.021875 0.034375
9 0.26171875 0.1359375 0.0234375 0.0359375
1 0.43828125 0.16484375 0.05625 0.121875
3 0.5046875 0.14140625 0.0234375 0.034375
6 0.50078125 0.38125 0.028125 0.046875
3 0.525 0.4875 0.025 0.0375
3 0.66328125 0.54296875 0.0234375 0.0359375
9 0.4953125 0.69921875 0.025 0.0375
3 0.62578125 0.6640625 0.03125 0.0484375
9 0.425 0.10234375 0.025 0.04375
3 0.528125 0.27890625 0.03125 0.046875
3 0.61953125 0.1671875 0.0265625 0.0390625