5 0.4451455390625 0.6066204359375 0.44627663437500004 0.6194553968750001 0.4513633375 0.627292059375 0.46293780937499995 0.629125275 0.4745873578125 0.6155021671875 0.47898546406250003 0.5627630984375 0.47452820156250003 0.5409641125 0.46350808906249996 0.5406249 0.45714013906249995 0.550865928125 0.4537836390625 0.577052140625 0.4451455390625 0.6066204359375
5 0.3867168765625 0.0616034484375 0.3778615078125 0.0925435328125 0.3826334890625 0.10736135625000001 0.3951968640625 0.107944996875 0.4043142484375 0.0953270328125 0.40005188281250004 0.06230930312500001 0.406494909375 0.0366119484375 0.4000598421875 0.017312115625 0.388605190625 0.01971648125 0.384986675 0.0275805734375 0.38249925625 0.048279628125 0.3867168765625 0.0616034484375
3 0.46557989843750003 0.1429980015625 0.4659393625 0.1557107484375 0.4584850625 0.17281072343749998 0.457638353125 0.18814483437500001 0.46272505468749997 0.19598149843749998 0.4712130015625 0.19732585625000001 0.47946130625 0.19019505 0.481851278125 0.175105365625 0.477513834375 0.15754396406249999 0.4807952578125 0.1468140796875 0.48053324374999995 0.128491959375 0.4707193046875 0.12553138125000002 0.46557989843750003 0.1429980015625
3 0.41862718593750003 0.42945754843749995 0.42371388750000005 0.4372942109375 0.434734 0.4376334234375 0.44363411406250003 0.4263872484375 0.4448179125 0.4139189296875 0.4426307984375 0.37279267968749996 0.43887009062500004 0.3665722359375 0.43247976875000005 0.3669663109375 0.41935407343750003 0.40988585312500003 0.41862718593750003 0.42945754843749995
3 0.51598204375 0.2592584359375 0.5088424625 0.26937725 0.50734394375 0.28882673125 0.5124306453125 0.29666339218750004 0.5269718234375 0.294747884375 0.5322086781250001 0.27167189375 0.5285454171875 0.25984207812500004 0.53289081875 0.232406290625 0.524500321875 0.225452559375 0.51769783125 0.2384371671875 0.51598204375 0.2592584359375
3 0.46162773437500004 0.5375146796875 0.4752998328125 0.5410863265625 0.48234196406249996 0.5365768859375 0.486927009375 0.5176162625 0.484687190625 0.50179329375 0.48652280000000003 0.4852096078125 0.48252245 0.4705139984375 0.47888156249999997 0.46853113593750007 0.47140488906250005 0.47578415781250005 0.45982245781250003 0.5189481312499999 0.46162773437500004 0.5375146796875
3 0.49248353125 0.73223896875 0.4979073234375 0.7429414234375 0.5087101656249999 0.7446524250000001 0.5183819109375001 0.733528465625 0.520989153125 0.7170669921874999 0.52167129375 0.6778013890625 0.5179105859375001 0.671580946875 0.51074863125 0.67185280625 0.49299314843750003 0.7140390625 0.49248353125 0.73223896875
3 0.422616134375 0.09963196875 0.4262793953125 0.11146178437500001 0.43785386718749997 0.11329500156250001 0.444558909375 0.1059197640625 0.446731609375 0.092201871875 0.4427312578125 0.0775062625 0.4478482921875 0.050192690625 0.4445221234375 0.0412286671875 0.43834907031250003 0.040250953125 0.43263293125 0.0463766125 0.42973334375 0.07966619999999999 0.422616134375 0.09963196875
2 0.49800778437500004 0.44765500625000004 0.506690628125 0.4377806203125 0.511860365625 0.3851637671875 0.5006756875 0.3608930640625 0.488471778125 0.37302217031249996 0.479346434375 0.43063732187500003 0.485444409375 0.44707136406250003 0.49800778437500004 0.44765500625000004
2 0.2575495921875 0.5375345125 0.2536387296875 0.5622267203125 0.256290715625 0.5654591578125 0.255346559375 0.586402640625 0.26387925 0.607440909375 0.27721425625 0.6081467640625 0.2841365671875 0.5993997390625 0.28917852499999996 0.5875424921875 0.2907968640625 0.572330596875 0.28713360468750004 0.56050078125 0.28675176874999997 0.537941078125 0.27537219375 0.5248891171875 0.26589534531250003 0.524794334375 0.2575495921875 0.5375345125
0 0.3601955125 0.17411760625 0.35808992812499996 0.2173763640625 0.35304797187500003 0.2292336109375 0.351332184375 0.2500548796875 0.35620161562499997 0.25926333125 0.369753890625 0.258597396875 0.37766510468750003 0.248600796875 0.379717984375 0.23064532187500003 0.3745114609375 0.218571078125 0.37584541250000003 0.17519010625 0.37020434999999996 0.165859440625 0.365357290625 0.16649794375 0.3601955125 0.17411760625
0 0.3687301421875 0.729512775 0.3749255671875 0.74033744375 0.38319624375 0.7430535921875 0.3910100078125 0.738666365625 0.3995730296875 0.7245543984375 0.400427696875 0.664223096875 0.395101353125 0.6479112687499999 0.38969993281250004 0.64705576875 0.38157145 0.6584241578125 0.36825085625 0.7125624453125 0.3687301421875 0.729512775
1 0.31910263906249997 0.32369750937499997 0.311169053125 0.3238471546875 0.30260603124999996 0.33795912031249997 0.30277059687499996 0.3618906125 0.308651303125 0.37969644375 0.29999083125000003 0.3994177828125 0.298829403125 0.42173305625 0.307122453125 0.434296159375 0.3189141953125 0.43475758593749997 0.32979211249999996 0.42101226093750005 0.33382279531250003 0.40055763593749993 0.33037680625 0.3873560296875 0.3240839328125 0.38214073125 0.32654897968749996 0.3515947234375 0.3247437015625 0.33302817500000004 0.31910263906249997 0.32369750937499997
4 0.3278908921875 0.2632165625 0.3309694578125 0.308702609375 0.32416696875 0.3216872171875 0.3260920671875 0.344491346875 0.32963550625 0.35208358125 0.34571994687499996 0.35041250156250003 0.3534138890625 0.34178769062500003 0.35645567031250003 0.3225826390625 0.350574965625 0.30477680937499996 0.350463103125 0.25554203593749997 0.34438749999999996 0.24895494999999998 0.3329328484375 0.25135931562499997 0.3278908921875 0.2632165625
9 0.57639453125 0.2224221828125 0.586425740625 0.2240109703125 0.5936851437499999 0.21812973906250002 0.596726925 0.1989246875 0.5946069281249999 0.1873393015625 0.599506690625 0.1613975171875 0.598278146875 0.154171928125 0.591768003125 0.15032841875 0.585400053125 0.16056944687500002 0.5723941796875 0.2077265734375 0.57639453125 0.2224221828125
9 0.6614897625 0.379332503125 0.6651530218749999 0.39116231875 0.6741953296875 0.3940006828125 0.6829979953125 0.388363878125 0.6866165109375 0.3804997859375 0.6864743171875001 0.3664152484375 0.6930147921875001 0.335108521875 0.690340434375 0.32202913125 0.6841673828125 0.321051415625 0.680211775 0.326049715625 0.663010653125 0.3697299765625 0.6614897625 0.379332503125
9 0.6833142203125 0.23654419531249998 0.6878465609375 0.242886853125 0.6978777703125 0.2444756421875 0.704365540625 0.23847219531250002 0.7141426953125001 0.1767416734375 0.706306559375 0.1712819484375 0.6998187875 0.1772853921875 0.6962226453125 0.194996440625 0.6835091171875 0.2253254515625 0.6833142203125 0.23654419531249998
9 0.6977211640625 0.175546959375 0.7144574140625 0.1697605125 0.7235827578125 0.112145359375 0.7223542140625 0.10491976875 0.7156268 0.10244804999999998 0.707281046875 0.115188228125 0.6937208125 0.1608513515625 0.6977211640625 0.175546959375
9 0.5426649625 0.460352815625 0.5513925515625 0.4701723390625 0.5603150390625 0.4687731171875 0.56723735 0.46002609375 0.569072959375 0.44344240625 0.5689834703125001 0.4040545890625 0.5659943921874999 0.397956359375 0.5588324390625 0.3982282203125 0.5520299484375 0.41121282656249997 0.5426649625 0.460352815625
9 0.639320253125 0.5642522078125001 0.650242915625 0.5702007906250001 0.661457925 0.559321259375 0.6697141890625 0.507193265625 0.6635187640625 0.4963685953125 0.655705 0.5007558234375 0.6383840562499999 0.5401985015624999 0.6367657171875 0.5554103984375 0.639320253125 0.5642522078125001
9 0.6343598265625 0.6604944609375 0.6452824890625 0.6664430453125 0.6564974984374999 0.6555635140625 0.6641994015625 0.6019415140625 0.655037271875 0.59486556875 0.6463544265625 0.6047399546875 0.6330865390625 0.6335749625 0.6312509281249999 0.6501586484375 0.6343598265625 0.6604944609375
9 0.6154349578125 0.76999318125 0.6183265859375 0.7817007828125 0.63100978125 0.78652200625 0.6412358890625 0.7768920500000001 0.64937233125 0.720526471875 0.6481437859375 0.71330088125 0.642405275 0.7095795875 0.633602609375 0.715216390625 0.6168360265625 0.756153071875 0.6154349578125 0.76999318125
11 0.6904333671875 0.750935328125 0.6869570453125 0.7728839578125 0.6904030359375 0.7860855625000001 0.703423321875 0.7937725796875 0.7171704953125 0.7818879015625 0.718886284375 0.7610666328125 0.7231566093749999 0.7490871718750001 0.7326110859375 0.7393350015625 0.7359675859375 0.7131487890625 0.7269029046875 0.700463471875 0.7152309828125001 0.7042396281250001 0.7054617890625 0.7209729593749999 0.7027347265625 0.73319685 0.6904333671875 0.750935328125
11 0.7410076046875 0.16693464062500002 0.746214128125 0.1790088859375 0.7577886 0.1808421015625 0.7656998125000001 0.170845503125 0.76838213125 0.1389277046875 0.778151325 0.122194371875 0.7822794578125001 0.096130375 0.7708024328125 0.0886877875 0.7616850484375 0.10130575156249999 0.7571223765624999 0.13011332656250002 0.7436148453125 0.15047317031250002 0.7410076046875 0.16693464062500002
10 0.714612515625 0.383527715625 0.713983078125 0.39749003906249997 0.7210699546875 0.41267450625 0.728449178125 0.41103085625 0.7429456109375 0.38942143906250004 0.7437923203125 0.3740873265625 0.760776171875 0.33177885625000003 0.76316614375 0.316689171875 0.7528952906249999 0.30662521875 0.742114821875 0.31476117187499997 0.7337914421875 0.3373483046875 0.7338138140625 0.347195259375 0.714612515625 0.383527715625
8 0.6953410890625 0.6799963546875001 0.7059266609375 0.6830791453125 0.71769603125 0.67369361875 0.7302897374999999 0.639127025 0.73333151875 0.6199219734375 0.7316460609375001 0.6055930093749999 0.7253531875 0.6003777109375 0.70620459375 0.6114068875 0.69447996875 0.640486321875 0.690232015625 0.6623127390625 0.6953410890625 0.6799963546875001
8 0.61218838125 0.3110572640625 0.62178505 0.3153896296875 0.6341087828124999 0.30749810625 0.6437134109375 0.2668332828125 0.6452119296875 0.24738380468750001 0.6433092031250001 0.23442662812499998 0.6381250515625 0.2321993375 0.62317170625 0.2467053796875 0.6099485625 0.2952342953125 0.61218838125 0.3110572640625
6 0.692562828125 0.5726850031249999 0.6952371859375 0.58576439375 0.7053882171875 0.5915907625 0.7199070234375 0.5798283 0.7333026921875 0.5102336859375 0.7307481546875 0.501391878125 0.7245751031250001 0.5004141625 0.71808733125 0.5064176078125 0.695604609375 0.5534799515625 0.692562828125 0.5726850031249999
6 0.7316938171875 0.335609871875 0.7468420609375 0.3098850859375 0.75487309375 0.3041260703125 0.765945909375 0.2791620015625 0.768987690625 0.25995694999999996 0.763346628125 0.250626284375 0.755967403125 0.252269934375 0.7319637906249999 0.3089348015625 0.7294763718749999 0.32963385624999997 0.7316938171875 0.335609871875
7 0.7254297703125 0.4400828625 0.708183903125 0.4640692140625 0.7061310234375 0.48202469062500003 0.7101313734375 0.49672029999999995 0.720499675 0.50117488125 0.7304110640625 0.498526084375 0.7367790140625 0.48828505624999996 0.7377007984375 0.45749461875 0.7495452453125 0.4326527640625 0.7559882703125 0.4069554109375 0.7512162874999999 0.3921375875 0.7434999734375001 0.39091544375 0.7362405703125 0.3967966734375 0.7287862703125 0.41389665000000003 0.7254297703125 0.4400828625