4 0.53046875 0.33125 0.03125 0.109375
7 0.484375 0.24375 0.03125 0.115625
9 0.64609375 0.11328125 0.025 0.078125
3 0.3546875 0.5984375 0.028125 0.075
1 0.58671875 0.0859375 0.03125 0.121875
11 0.59375 0.421875 0.03125 0.09375
3 0.5296875 0.63125 0.028125 0.075
9 0.48359375 0.11328125 0.0234375 0.078125
5 0.40703125 0.4078125 0.03125 0.0921875
9 0.65234375 0.51328125 0.028125 0.075
5 0.48203125 0.59765625 0.03125 0.0921875
3 0.37421875 0.17578125 0.025 0.075
3 0.42578125 0.10078125 0.0234375 0.075
11 0.596875 0.6 0.03125 0.090625
9 0.5796875 0.1796875 0.025 0.0796875
6 0.41484375 0.5984375 0.03125 0.090625
0 0.41953125 0.24453125 0.028125 0.096875
3 0.5375 0.4171875 0.025 0.075