0 0.6046875 0.25625 0.0375 0.1
4 0.44921875 0.16328125 0.0421875 0.1125
1 0.5015625 0.1625 0.0421875 0.1203125
5 0.6578125 0.11171875 0.0375 0.0984375
2 0.55625 0.24609375 0.0375 0.09375
6 0.52265625 0.4109375 0.0390625 0.1
11 0.60859375 0.42109375 0.0390625 0.0984375
0 0.52265625 0.61328125 0.0421875 0.096875
3 0.6421875 0.70078125 0.0390625 0.0796875
6 0.721875 0.265625 0.04375 0.1015625
8 0.41640625 0.50390625 0.0390625 0.0875
7 0.4203125 0.38515625 0.046875 0.11875
9 0.784375 0.9640625 0.046875 0.071875
2 0.565625 0.83984375 0.04375 0.0921875
8 0.29296875 0.83125 0.04375 0.0875
10 0.428125 0.29921875 0.04375 0.1140625
2 0.378125 0.9796875 0.025 0.021875
9 0.50546875 0.9921875 0.0234375 0.015625