6 0.6515625 0.440625 0.046875 0.096875
4 0.34921875 0.49765625 0.0515625 0.1046875
7 0.45546875 0.49453125 0.053125 0.1125
10 0.49609375 0.7625 0.05625 0.109375
0 0.39375 0.796875 0.05625 0.1046875
5 0.3078125 0.58828125 0.05 0.0921875
9 0.54140625 0.52421875 0.0390625 0.071875
6 0.57890625 0.4078125 0.0453125 0.09375
9 0.48828125 0.62890625 0.0421875 0.078125
9 0.6734375 0.5875 0.0421875 0.078125
3 0.46015625 0.42265625 0.0375 0.0734375
2 0.4015625 0.43984375 0.046875 0.0921875
9 0.77421875 0.7234375 0.0453125 0.0828125
9 0.4703125 0.93828125 0.0484375 0.0875
9 0.6703125 0.91484375 0.046875 0.0875
3 0.63984375 0.7296875 0.0421875 0.078125
8 0.53828125 0.93984375 0.05625 0.10625
8 0.5125 0.8390625 0.0515625 0.09375
3 0.8046875 0.89453125 0.0484375 0.0875