9 0.521875 0.5109375 0.03125 0.0734375
7 0.38125 0.64921875 0.0453125 0.1171875
5 0.44765625 0.57109375 0.0359375 0.090625
9 0.65 0.46640625 0.03125 0.075
2 0.42421875 0.31875 0.034375 0.090625
10 0.33203125 0.51640625 0.04375 0.1078125
3 0.64375 0.38984375 0.0296875 0.071875
9 0.375 0.815625 0.0375 0.0828125
6 0.4703125 0.4515625 0.034375 0.0921875
3 0.60859375 0.6734375 0.0328125 0.075
8 0.57421875 0.82890625 0.040625 0.1015625
8 0.7140625 0.58671875 0.0375 0.0875
3 0.534375 0.3921875 0.0296875 0.071875