3 0.3410659640625 0.12446998125 0.347888909375 0.13523876562499998 0.3602990890625 0.13319757968749998 0.3638365421875 0.1260582140625 0.35570519843750004 0.0903236921875 0.3546875546875 0.070905896875 0.3512033921875 0.06413451875000001 0.344109090625 0.063115521875 0.33922934531250004 0.0744976171875 0.3438038390625 0.102073775 0.3410659640625 0.12446998125
3 0.34718632031249996 0.1964705625 0.350253746875 0.2102177546875 0.356078446875 0.21686646875 0.3684159375 0.2134382984375 0.371100521875 0.2049528359375 0.3695934546875 0.19112386875 0.3616268859375 0.173461046875 0.3615348 0.1567763328125 0.35541934531249997 0.144579675 0.3492505984375 0.1462937609375 0.3465660140625 0.1547792234375 0.3511405078125 0.18235538281250002 0.34718632031249996 0.1964705625
3 0.3550318125 0.28646106875 0.36234418125 0.29164102187499996 0.372341134375 0.2883355140625 0.37644069999999996 0.27699430468749997 0.375006321875 0.2645523234375 0.362683325 0.2234742984375 0.353955975 0.2211500890625 0.35092734375 0.23799835156250002 0.3521097640625 0.275487846875 0.3550318125 0.28646106875
3 0.35694111875 0.33782041875 0.3538398 0.35328169374999996 0.35805085000000003 0.373922928125 0.3645830390625 0.37914376875 0.37457999218750004 0.3758382609375 0.378897625 0.368658009375 0.378025359375 0.35201418281249997 0.368188278125 0.3135874640625 0.36314375781249997 0.3068978625 0.35619483281250003 0.3086528359375 0.3535829375 0.3185252828125 0.35694111875 0.33782041875
3 0.3587293484375 0.46150744843749997 0.3670932546875 0.4568967296875 0.3711928203125 0.44555552187499997 0.369685753125 0.43172655468750004 0.35502221875 0.39077118906249997 0.344172396875 0.39273060000000004 0.3453742140625 0.44551782187500005 0.349929309375 0.45779625468749996 0.3587293484375 0.46150744843749997
3 0.3437848640625 0.5346119921875 0.3502637625 0.553743575 0.3567232640625 0.5575774328125 0.367500396875 0.5542310374999999 0.3715999625 0.5428898281250001 0.370727696875 0.526246003125 0.36297919375 0.5127441359375 0.355356671875 0.4867185125 0.34826236875 0.4856995140625 0.3438720484375 0.49149277968750005 0.3437848640625 0.5346119921875
3 0.354281046875 0.6453255046875 0.3669819828125 0.6488322625 0.37364015156249997 0.641529346875 0.37632473593750004 0.6330438843749999 0.3736740453125 0.612320878125 0.35951933281250004 0.5810744109375 0.348596821875 0.5816468359375 0.3466924171875 0.590091409375 0.349018459375 0.6344749453125 0.354281046875 0.6453255046875
3 0.3579542828125 0.7452702328125 0.366754321875 0.748981428125 0.375118228125 0.7443707078124999 0.37999797343749997 0.7329886125 0.37905301874999997 0.7149578015625 0.3644621734375 0.6753894234375 0.356515003125 0.6730243265625 0.3520519921875 0.67743060625 0.3514026953125 0.7247516640625 0.3579542828125 0.7452702328125
11 0.6740959531249999 0.134832515625 0.6816796796875 0.13026268593749998 0.69031494375 0.11590218125 0.6880809875 0.088203359375 0.693595534375 0.0740064046875 0.6921417578125 0.0462666953125 0.6786606421875 0.0428008265625 0.673708209375 0.0527959375 0.6741637390624999 0.07641557812500001 0.6662747625 0.11994366406250001 0.6740959531249999 0.134832515625
11 0.7396800390625 0.72943721875 0.7457228046875 0.740246890625 0.759276609375 0.74509974375 0.7703977890625 0.7333905484375001 0.7690167 0.707037825 0.7777052546875 0.6787665796875 0.774981875 0.6566565859375 0.765183590625 0.6488253234375 0.7529914765625 0.655027465625 0.7481311296875 0.6817072875 0.73851701875 0.70724545 0.7396800390625 0.72943721875
5 0.2911828765625 0.0533721125 0.29107629375 0.0811935953125 0.3120733484375 0.1385065734375 0.3195116984375 0.131162771875 0.3183486765625 0.10897100468750001 0.31101690937500004 0.088493321875 0.31219442656249996 0.066178890625 0.30849219843750003 0.0552465578125 0.3018873203125 0.04863873125 0.2911828765625 0.0533721125
5 0.28092969375 0.6936751234375 0.2874812828125 0.71419369375 0.2880095015625 0.73920031875 0.2924192203125 0.7487047796875 0.3082408734375 0.7520479875 0.3134840625 0.74760081875 0.31970609843750003 0.731975990625 0.3179809640625 0.7139860671875 0.31023246250000003 0.7004842 0.30694697031249996 0.6825760515625 0.29812753281250004 0.6635671296875 0.2819618328125 0.668586721875 0.28092969375 0.6936751234375
8 0.7206745734375 0.620560453125 0.726790028125 0.632757109375 0.7417588125 0.63475421875 0.7489790953125001 0.6232494609375 0.7541834890625 0.5882068375 0.749390928125 0.5564697203125 0.7443464078125 0.54978011875 0.739738021875 0.5514124296875 0.7248613234375 0.5661000328125 0.7192401953124999 0.608118471875 0.7206745734375 0.620560453125
8 0.6754625453124999 0.20569143906249998 0.6895784625 0.20634245 0.696018565625 0.194878578125 0.6995705125 0.14323301718749998 0.6965757765625 0.130872809375 0.6904603203125 0.11867615312499999 0.6758016890625 0.1375247125 0.675258975 0.157024284375 0.66940038125 0.1795840390625 0.6754625453124999 0.20569143906249998
2 0.288086459375 0.1286373140625 0.2869089421875 0.15095174375 0.29453146406249997 0.17697736875 0.29654735312499997 0.2005152328125 0.313439940625 0.2093654953125 0.32200251562500004 0.19361800468749998 0.319860646875 0.18260389531250001 0.3105323875 0.153886075 0.30987818906250003 0.14140320625 0.2991349484375 0.1155411328125 0.291551221875 0.1201109625 0.288086459375 0.1286373140625
2 0.276873615625 0.5714977390625 0.2734088515625 0.580024090625 0.2731568921875 0.6050716046875 0.281215546875 0.639419140625 0.28811118125 0.6515749109375 0.2991790703125 0.6537764562499999 0.3066901078125 0.6478196390625001 0.3114971640625 0.6350505578125001 0.30969934062500004 0.61567365 0.3009525921875 0.5980517125 0.2984472796875 0.5801026765625 0.2913529765625 0.5790836796875001 0.2830423609375 0.5697836546875 0.276873615625 0.5714977390625
0 0.296150015625 0.222788775 0.3020668015625 0.24612220312500002 0.3024690421875 0.2836525859375 0.3108523453125 0.2943395953125 0.3209219875 0.292421071875 0.32806958124999996 0.27952932812500003 0.3263444484375 0.26153940625 0.3152571625 0.24404013125000001 0.31180689375 0.208060284375 0.3028614765625 0.20157511874999998 0.29754559999999997 0.20463530156249998 0.296150015625 0.222788775
0 0.28829514375 0.46102636406249997 0.2879704953125 0.4846868921875 0.292816346875 0.502513265625 0.2911494046875 0.5304165234375 0.29485163281250004 0.541348859375 0.303089559375 0.549261896875 0.3176222109375 0.5429370921875 0.322356578125 0.528781025 0.3199966421875 0.5136059609375 0.30883666718749997 0.4947197015625 0.307184221875 0.47811676406250003 0.3017035703125 0.4631052484375 0.2919779734375 0.45666097031249997 0.28829514375 0.46102636406249997
4 0.28637603125 0.290059165625 0.28283857968750004 0.2971985296875 0.28334739999999997 0.3069074265625 0.2874857609375 0.326161675 0.294454084375 0.3397044296875 0.291716209375 0.362100634375 0.2992660421875 0.38673927343750003 0.31118679843749997 0.39028691718749997 0.32018550625 0.382861340625 0.3242123828125 0.37013314531249997 0.3217797578125 0.35357109531250003 0.3073536890625 0.3320744140625 0.30804178125 0.315348815625 0.30290517499999997 0.2919744984375 0.296372984375 0.28675365625000004 0.28637603125 0.290059165625
10 0.6873931062499999 0.3288469328125 0.6856340796875 0.340065478125 0.6889922609375 0.3593606109375 0.695669828125 0.3673554265625 0.703544309375 0.3683335375 0.7080606109375001 0.3500165125 0.714573403125 0.339939628125 0.7119954 0.3206036046875 0.7201024453125 0.2812364765625 0.7193755562499999 0.26736662187500004 0.7078715343749999 0.2568431625 0.6976032234375 0.26989845625000003 0.6947199703125 0.2895206890625 0.6973706625 0.31024369531249996 0.6873931062499999 0.3288469328125
6 0.68631726875 0.263535953125 0.687116846875 0.27879279375 0.6915992531249999 0.28968423906249996 0.7109728546875 0.24138188437500002 0.713928796875 0.2231466359375 0.7122036625 0.2051567125 0.7010630859375 0.20156818125 0.69745294375 0.2073205609375 0.693154709375 0.229798540625 0.6933921749999999 0.24925722343749998 0.68631726875 0.263535953125
6 0.7030840890625 0.5088279421874999 0.7052453562500001 0.535139778125 0.7128484796875 0.545867675 0.7252586609375 0.5438264921875 0.7323335656250001 0.5295477625 0.7284665625 0.5005437296874999 0.7322026828125 0.4822675921875 0.7292612375 0.4559966453125 0.7212413765625 0.45224456249999995 0.7145832078125001 0.4595474765625 0.7102122843750001 0.48063847187500003 0.710866484375 0.493121340625 0.7030840890625 0.5088279421874999
7 0.6986306718749999 0.40892410156250003 0.6962368437500001 0.42295750625000006 0.70400474375 0.45175710156250004 0.7159255 0.455304746875 0.725069584375 0.45065314062499995 0.7285343484375 0.442126790625 0.722670853125 0.40488262031250005 0.729455003125 0.3850559484375 0.7311219437500001 0.3571526890625 0.7208875265625 0.3409995140625 0.708913478125 0.3513626109375 0.705613490625 0.377960659375 0.70875360625 0.39309483749999996 0.6986306718749999 0.40892410156250003
9 0.6656452859375 0.630398390625 0.6767131734375 0.6325999375 0.6785913953125 0.607533953125 0.6827316390625 0.56830795625 0.6736408453125 0.5590488203125 0.6656403828124999 0.5705944671875 0.6580954515624999 0.605759753125 0.6596025203125 0.6195887203125 0.6656452859375 0.630398390625
1 0.284767284375 0.36385560625 0.27718355781250004 0.3684254375 0.273011303125 0.3783796609375 0.273520125 0.388088559375 0.2783659765625 0.40591493125 0.2878202140625 0.4221089953125 0.283376603125 0.44181300625000003 0.28780571875 0.46661519374999993 0.2919779734375 0.45666097031249997 0.3017762578125 0.46449223437500003 0.305405796875 0.47403758281249997 0.31298952343750003 0.46946775 0.3182860046875 0.45110984062500004 0.3158533796875 0.4345477890625 0.30420398125000003 0.421250359375 0.3004290640625 0.408931040625 0.30026428906249997 0.3908593421875 0.2928598328125 0.3689946734375 0.284767284375 0.36385560625
9 0.6869379984374999 0.7530632359375 0.6956459515625 0.7400897171875 0.6928110859375 0.6859972828124999 0.685988140625 0.6752284984375 0.6760638765625 0.6799209937499999 0.6676854750000001 0.729037909375 0.6758701109375 0.7508616890625001 0.6869379984374999 0.7530632359375
9 0.6512676046875 0.5351870437499999 0.6630429828125 0.535960715625 0.6702632656249999 0.5244559578125 0.66771915625 0.47591146718750005 0.6649424859375 0.4677122171875 0.66238388125 0.463673921875 0.6539472859375 0.46689765625 0.64413450625 0.5035725890625 0.6452248390624999 0.524377371875 0.6512676046875 0.5351870437499999
9 0.6532930875 0.45441478750000003 0.6598785687500001 0.44572488750000006 0.6544124109375 0.3862071734375 0.6448321921875 0.3825368671875 0.6386101546875 0.3981616953125 0.6361824328125001 0.44140356875000003 0.6439309359375 0.4549054359375 0.6532930875 0.45441478750000003
9 0.632872640625 0.34839376875 0.6381352265625 0.3592443265625 0.648350246875 0.3600997765625 0.6564960859375 0.35132810000000003 0.6574749343749999 0.340150440625 0.6531911953125 0.31812222343749996 0.6544414015625 0.29719477968749997 0.648325946875 0.2849981234375 0.6428646921875 0.2852843359375 0.638547059375 0.2924645875 0.6322911296875 0.3372978828125 0.632872640625 0.34839376875
9 0.637621503125 0.28973150312499996 0.643354115625 0.27969550625 0.63988445 0.22841793125 0.6330615046875 0.217649146875 0.6249156640625 0.22642082187499998 0.6188778015625 0.275415075 0.6250659453125 0.28899871718750003 0.637621503125 0.28973150312499996
9 0.6243874453125 0.20141419531250002 0.6310650125 0.209409009375 0.6411346546875001 0.20749048750000001 0.6460144 0.19610839062500002 0.6422539781250001 0.1392828734375 0.639622684375 0.13385759531250002 0.6341614296875 0.1341438078125 0.62850150625 0.145566790625 0.622880378125 0.187585228125 0.6243874453125 0.20141419531250002
9 0.6411103546875 0.132388834375 0.6379847359374999 0.07274845937499999 0.6290393187500001 0.06626329375 0.6234520828125001 0.07907326249999999 0.61790364375 0.12247868749999999 0.6250900328125 0.1401823984375 0.6411103546875 0.132388834375