1 0.41328125 0.0859375 0.0296875 0.1203125
5 0.51796875 0.5984375 0.03125 0.0921875
11 0.35234375 0.43125 0.0328125 0.09609375
9 0.346875 0.51171875 0.028125 0.0765625
7 0.51640625 0.24375 0.03203125 0.11328125
4 0.57421875 0.32109375 0.03359375 0.1078125
6 0.525 0.4109375 0.0296875 0.09765625
9 0.353125 0.1125 0.02421875 0.08125
11 0.409375 0.3296875 0.0296875 0.09140625
3 0.4625 0.41640625 0.02578125 0.07578125
3 0.40390625 0.6046875 0.02734375 0.0734375
9 0.4203125 0.18046875 0.02578125 0.08046875
3 0.6453125 0.5984375 0.0296875 0.07578125
3 0.5734375 0.1 0.02265625 0.07421875
9 0.515625 0.11328125 0.02265625 0.078125
0 0.45234375 0.09609375 0.025 0.1
5 0.70625 0.40390625 0.03515625 0.09140625
3 0.52421875 0.178125 0.02109375 0.07734375