11 0.4015625 0.41015625 0.0328125 0.09375
5 0.38984375 0.09453125 0.0296875 0.0953125
7 0.425 0.31015625 0.034375 0.1171875
10 0.5953125 0.31171875 0.034375 0.1109375
0 0.4265625 0.24140625 0.028125 0.0921875
6 0.359375 0.23359375 0.03125 0.096875
9 0.5359375 0.703125 0.0296875 0.078125
2 0.53046875 0.43046875 0.03125 0.090625
1 0.4265625 0.146875 0.0328125 0.1171875
5 0.53125 0.49609375 0.0328125 0.0953125
8 0.66484375 0.853125 0.0359375 0.084375
8 0.69921875 0.35390625 0.0328125 0.0859375
9 0.64375 0.43125 0.0296875 0.078125
9 0.65546875 0.61796875 0.0296875 0.0796875
3 0.334375 0.68359375 0.03125 0.0765625
4 0.59140625 0.16953125 0.0328125 0.1109375
6 0.2953125 0.49453125 0.0375 0.096875
0 0.46328125 0.609375 0.034375 0.0921875
3 0.409375 0.609375 0.0296875 0.075
3 0.30625 0.22578125 0.0296875 0.0765625
2 0.39375 0.8296875 0.0359375 0.0890625
2 0.5625 0.990625 0.0234375 0.01875