6 0.53203125 0.45234375 0.0296875 0.090625
9 0.47734375 0.51015625 0.02734375 0.07109375
2 0.58515625 0.32421875 0.03046875 0.0890625
7 0.61171875 0.65546875 0.03984375 0.11484375
4 0.64765625 0.36875 0.03359375 0.1015625
5 0.5484375 0.57265625 0.03203125 0.08984375
9 0.4828125 0.68046875 0.03046875 0.07734375
10 0.6671875 0.525 0.0390625 0.10546875
9 0.58671875 0.44921875 0.0265625 0.071875
9 0.35234375 0.45859375 0.02734375 0.0734375
9 0.7546875 0.74609375 0.0390625 0.0953125
9 0.3046875 0.3390625 0.028125 0.0703125
9 0.60859375 0.82265625 0.0328125 0.08046875
3 0.3625 0.3828125 0.0265625 0.0703125
0 0.47578125 0.8328125 0.03671875 0.10234375
3 0.38203125 0.66796875 0.0296875 0.07421875
3 0.4703125 0.390625 0.02578125 0.0703125
8 0.409375 0.825 0.03671875 0.09921875
8 0.28203125 0.57578125 0.0328125 0.0859375
3 0.27578125 0.75703125 0.03203125 0.07734375