11 0.6015625 0.41328125 0.0328125 0.09375
5 0.62421875 0.09921875 0.0296875 0.0953125
7 0.58125 0.31328125 0.034375 0.1171875
10 0.4109375 0.30859375 0.034375 0.1109375
0 0.5828125 0.24453125 0.028125 0.0921875
6 0.65 0.23828125 0.03125 0.096875
9 0.45625 0.7015625 0.0296875 0.078125
2 0.47265625 0.42890625 0.03125 0.090625
1 0.5859375 0.15 0.0328125 0.1171875
5 0.46875 0.49453125 0.0328125 0.0953125
8 0.32265625 0.846875 0.0359375 0.084375
8 0.30546875 0.34765625 0.0328125 0.0859375
9 0.359375 0.4265625 0.0296875 0.078125
9 0.33984375 0.61171875 0.0296875 0.0796875
3 0.659375 0.68984375 0.03125 0.0765625
4 0.41953125 0.16640625 0.0328125 0.1109375
6 0.7046875 0.50234375 0.0375 0.096875
0 0.53359375 0.6109375 0.034375 0.0921875
3 0.5875 0.6125 0.0296875 0.075
3 0.703125 0.23203125 0.0296875 0.0765625
2 0.5953125 0.8328125 0.0359375 0.0890625
2 0.4203125 0.98828125 0.0234375 0.01875