1 0.67109375 0.11328125 0.0546875 0.1234375
5 0.46171875 0.5921875 0.05 0.096875
11 0.65859375 0.46328125 0.0515625 0.1015625
9 0.64765625 0.54296875 0.04375 0.08125
7 0.5375 0.24609375 0.0546875 0.1171875
4 0.46484375 0.309375 0.0546875 0.1125
6 0.49375 0.4078125 0.05 0.1015625
9 0.72421875 0.1515625 0.040625 0.084375
11 0.62421875 0.35234375 0.0484375 0.0953125
3 0.55390625 0.42578125 0.040625 0.0796875
3 0.571875 0.62265625 0.0421875 0.078125
9 0.64453125 0.20390625 0.0421875 0.084375
3 0.3375 0.56640625 0.0453125 0.0796875
3 0.51171875 0.09375 0.0375 0.0765625
9 0.56484375 0.11875 0.0390625 0.08125
0 0.63046875 0.11484375 0.0453125 0.103125
5 0.31796875 0.36328125 0.053125 0.096875
3 0.54296875 0.18046875 0.0359375 0.0796875