2 0.4891556546875 0.4498030953125 0.49713664218750003 0.44021869999999996 0.4956901078125 0.388796734375 0.48130916875 0.3621528046875 0.47091207031250004 0.375862328125 0.46918560156250005 0.4300071109375 0.47436264531249994 0.44676668125 0.4891556546875 0.4498030953125
11 0.6925265515625 0.12413613906250001 0.6922841578125001 0.1380229125 0.6983635296874999 0.14785273125 0.71008049375 0.1480572515625 0.7164507390625 0.1412229421875 0.7182069171875 0.13014079375 0.71539750625 0.1120334484375 0.7228639953125 0.08715996875000001 0.7240814359375001 0.0621774109375 0.71092340625 0.055002234375 0.7045046828125 0.0646138984375 0.7018219375 0.084014478125 0.70401989375 0.09238744531250001 0.6925265515625 0.12413613906250001
11 0.723164178125 0.7414315234375 0.72760856875 0.7554001046875001 0.7415477296875 0.7625889156250001 0.752653240625 0.7530590593750001 0.7553359859375 0.73365848125 0.7532107484375 0.7211194812499999 0.763656325 0.704632603125 0.76333574375 0.6782341 0.752593825 0.6669337953125 0.7415610328125 0.6722976187499999 0.7315572343750001 0.7082396140625 0.723479290625 0.7233787171875 0.723164178125 0.7414315234375
5 0.32607368124999997 0.0788448671875 0.32234317031250004 0.11350726250000001 0.3299120859375 0.127530384375 0.3432397921875 0.12498481875 0.34892586406250004 0.11258216562500001 0.34018251718750003 0.0763129375 0.34291374218750004 0.054135003125000004 0.3338552828125 0.0359185828125 0.32601973281249996 0.0371709125 0.32121175 0.044032490625 0.3207996796875 0.0676400046875 0.32607368124999997 0.0788448671875
5 0.26739026875 0.6654100374999999 0.26792900625 0.6793104453125001 0.2730575703125 0.698847371875 0.2711074765625 0.721038940625 0.27557610781249997 0.73361884375 0.28797724687500004 0.739391709375 0.2974477765625 0.7340006156250001 0.3039876984375 0.7174455640625 0.3035216796875 0.699379125 0.29670965625 0.6867583171875 0.2895043328125 0.6519050359375 0.280984609375 0.647589021875 0.2707329484375 0.6529664796875 0.26739026875 0.6654100374999999
1 0.29322627031250004 0.349146103125 0.287709875 0.351828015625 0.281951084375 0.3683967 0.2847120171875 0.3892814 0.2937704765625 0.40749782031250004 0.2879874453125 0.42545518437499996 0.289894528125 0.45049228125 0.30012194999999997 0.44650350000000005 0.30615284374999996 0.4591106734375 0.310815390625 0.46058115937500005 0.3212609671875 0.44409428125000006 0.32160031875 0.4246527984375 0.3101742265625 0.40778415 0.3072678578125 0.3952315140625 0.3083398625 0.3785810203125 0.3017217546875 0.35485079375 0.29322627031250004 0.349146103125
4 0.2999546390625 0.2770303234375 0.2973203734375 0.293653546875 0.30601524062499996 0.33270012968749996 0.3010618203125 0.34789377187500004 0.3068745578125 0.3729990421875 0.3192999359375 0.37738322968750004 0.32879470624999996 0.370603459375 0.333699646875 0.3581871703125 0.332452496875 0.340107096875 0.3195368625 0.3190451453125 0.32141423750000003 0.30101961093749996 0.3186533046875 0.28013490937499996 0.3117443234375 0.2730688125 0.2999546390625 0.2770303234375
7 0.7011330328125001 0.4368339671875 0.70167176875 0.45073437656250004 0.706873053125 0.4661052703125 0.7185172984375 0.47047582343750005 0.728768959375 0.46509836406250005 0.73201468125 0.4582095171875 0.729544621875 0.42066068906250004 0.7377195249999999 0.399966875 0.740571946875 0.37084555625000004 0.7306596375 0.35678153125 0.7187729968750001 0.3662977515625 0.7124809375 0.41341733906250006 0.7036703421875 0.425765453125 0.7011330328125001 0.4368339671875
6 0.702848565625 0.2937865671875 0.7065603046875 0.3049641578125 0.7301099640625 0.25397850312500003 0.732986625 0.2234685046875 0.7221719875 0.21633423281250003 0.715704784375 0.2287232515625 0.71119314375 0.2633720109375 0.7031151999999999 0.278511115625 0.702848565625 0.2937865671875
9 0.6456211484375001 0.2149980328125 0.6588276578125 0.21939585468749997 0.6659790343750001 0.2125751796875 0.667710971875 0.20288170781249998 0.6650712375000001 0.175053621875 0.6677539828125 0.15565304375 0.664823375 0.1444890859375 0.6537663421875 0.15124158593749998 0.6509623999999999 0.1775855515625 0.643544390625 0.1996816765625 0.6456211484375001 0.2149980328125
9 0.646051990625 0.14555053125 0.6498606875 0.1511734125 0.6672394859375 0.1403639578125 0.667452171875 0.0834145515625 0.6636677140625 0.076402990625 0.658199796875 0.0763075484375 0.6517083546875 0.09008524375 0.6447321234375 0.1316364875 0.646051990625 0.14555053125
9 0.5495177953125 0.21470964218750002 0.5543500171875 0.20645938749999998 0.5539082390625001 0.18700426875 0.5501965 0.1758266765625 0.5513897015625 0.152232796875 0.5429911765625001 0.140973396875 0.5364997328125 0.1547510921875 0.5309645671875 0.203272990625 0.5362385671875 0.214477853125 0.5495177953125 0.21470964218750002
9 0.65774781875 0.37078895625 0.6664856968749999 0.362606871875 0.6682661140625 0.35013604531250003 0.665529421875 0.32786266875000003 0.6682121671875 0.308462090625 0.6606190125 0.2958276484375 0.6542487671874999 0.30266195625000003 0.6424887906250001 0.3496861 0.6468604640625 0.367820715625 0.65774781875 0.37078895625
9 0.6469065781250001 0.544237278125 0.6577696937499999 0.5485941953125 0.666507571875 0.5404121125 0.6689964015625 0.532120953125 0.6689666937500001 0.48905832031249996 0.6637411703125 0.475076103125 0.6534652703125 0.481842240625 0.6426076234375 0.52193663125 0.643146359375 0.5358370390625 0.6469065781250001 0.544237278125
9 0.6553887578125 0.6402332656249999 0.6678141359375 0.644617453125 0.675795121875 0.6350330578125 0.6767889406250001 0.5780972875 0.6667311953125 0.5723653265624999 0.6603124703125001 0.5819769906250001 0.6504056312500001 0.612364275 0.6508716484375 0.6304307171875 0.6553887578125 0.6402332656249999
9 0.6571613421875 0.762505046875 0.668829828125 0.765486921875 0.6775919453125 0.7559161624999999 0.6793668937499999 0.698994025 0.6717495 0.687748259375 0.66227896875 0.6931393531250001 0.6521539734374999 0.7360247328125 0.65264423125 0.752702496875 0.6571613421875 0.762505046875
9 0.540540625 0.46042372499999995 0.5522333515625 0.4620169234375 0.5601900984375 0.45382120625000005 0.5612378640625 0.43855939062499993 0.556400171875 0.40235833593750003 0.5519315406249999 0.3897784328125 0.5456824921875 0.38966935468749997 0.5408502703125 0.39791960937500004 0.5367804078125 0.4520234890625 0.540540625 0.46042372499999995
8 0.58558195625 0.297296071875 0.5988369437500001 0.29891653906250004 0.60684216875 0.28794346718749997 0.609374009375 0.23242364218749997 0.6049538578125 0.21706638281249999 0.5995101796875 0.21558226249999998 0.5859400796875 0.23201460156249998 0.5803564328124999 0.2833138546875 0.58558195625 0.297296071875
8 0.7161957796875 0.6482401578125 0.7278400265625 0.6526107109375 0.7397509078125 0.6417058124999999 0.7416525218750001 0.6222916 0.7474113124999999 0.6057229140625 0.747750665625 0.5862814296875001 0.74482005625 0.5751174734375 0.7371299437500001 0.5680377390625 0.7197026671875 0.58162455 0.7112126515625 0.62037116875 0.7116786703125 0.638437609375 0.7161957796875 0.6482401578125
6 0.7169174953125 0.5621285281249999 0.7240203921874999 0.558085209375 0.729682225 0.5470712328125 0.7270182515625 0.5206318249999999 0.7337278484375 0.49435603125 0.733237590625 0.47767826874999997 0.72793935 0.467862084375 0.7176876890624999 0.47323954218750003 0.701095490625 0.5285139437499999 0.70451635625 0.5563556640625 0.7169174953125 0.5621285281249999
3 0.46570842187499994 0.5396853515625 0.47107938125000004 0.545335503125 0.48362595625000004 0.5427763046875 0.48926355 0.5331510046875 0.488821771875 0.5136958875000001 0.48239757812499995 0.47885624218749995 0.476269728125 0.47180377656249994 0.47075333124999996 0.4744856890625 0.46302020781250003 0.5146346203125 0.46570842187499994 0.5396853515625
3 0.46031085781250003 0.71461779375 0.46231489843749995 0.73410018125 0.469980771875 0.7425685921875 0.48094084531250003 0.7413708015625 0.48818917968750003 0.7289954171875 0.488480053125 0.7123312890625 0.4840356625 0.69836270625 0.4821285796875 0.673325609375 0.47831988125 0.667702728125 0.46889783124999995 0.670316465625 0.46031085781250003 0.71461779375
3 0.3498938140625 0.639068134375 0.361659259375 0.6364952984375 0.36734533125 0.6240926453125 0.3661709 0.6018465390625 0.35420607187500003 0.57107748125 0.3424648671875 0.5722616390625 0.3392973328125 0.6194357640625 0.3422037015625 0.6319883984375 0.3498938140625 0.639068134375
3 0.407645928125 0.4192092265625 0.4096014890625 0.4414689703125 0.415729340625 0.448521434375 0.42668941406250005 0.4473236421875 0.43393774843750005 0.4349482578125 0.43337477187499995 0.42243652656249997 0.428125009375 0.4098429875 0.42548527500000005 0.3820149015625 0.420895446875 0.37637838437500004 0.41381678906249997 0.379033028125 0.407645928125 0.4192092265625
3 0.367724590625 0.33377727031250004 0.3635523015625 0.3489845484375 0.3656775390625 0.3615235484375 0.37178115 0.3699646890625 0.382741225 0.368766896875 0.388354578125 0.3605302765625 0.3886454515625 0.34386614843749996 0.382711515625 0.325704265625 0.380023303125 0.300653534375 0.3698928390625 0.29908760624999997 0.366550159375 0.3115311640625 0.367724590625 0.33377727031250004
3 0.4133046578125 0.1845500234375 0.41464876406249995 0.1970753890625 0.41999548437499995 0.2041142203125 0.42936905625 0.2042778359375 0.43735004218749995 0.194693440625 0.4368355453125 0.17940435625 0.4301689578125 0.15845148281250002 0.43048407031249997 0.140398678125 0.42672385312500005 0.1319984390625 0.42047480468750004 0.1318893625 0.4164237125 0.140153253125 0.41745270625 0.1707314234375 0.4133046578125 0.1845500234375
3 0.47748953437499997 0.267627303125 0.47644176875 0.2828891171875 0.48169153124999997 0.29548265625000003 0.4957518890625 0.29572808125 0.5006083515624999 0.2860891484375 0.50011809375 0.269411384375 0.49408720156249997 0.2568042109375 0.49603729375 0.23461264375000002 0.491520184375 0.22481009375 0.484465765625 0.22607605937500003 0.482001175 0.232978540625 0.4823217578125 0.2593770453125 0.47748953437499997 0.267627303125
3 0.36976853906249996 0.0823857640625 0.37191801562500004 0.0935360875 0.366891878125 0.1128957625 0.369089834375 0.12126873125 0.3752419234375 0.12693251875 0.386983128125 0.1257483609375 0.391058459375 0.11609579375000001 0.3905197234375 0.1021953859375 0.386026853125 0.0910041578125 0.3834840765625 0.057621362499999995 0.37965113906250003 0.053387157812499995 0.37257248125000003 0.0560417984375 0.36976853906249996 0.0823857640625
0 0.3159838625 0.20924419218749998 0.3188175125 0.225962859375 0.31801761093750003 0.2717892125 0.3248781140625 0.281632665625 0.3358381875 0.2804348734375 0.3438434125 0.2694618015625 0.3441585265625 0.251408996875 0.33358628281249997 0.23038794999999998 0.3318488765625 0.1956301125 0.325745265625 0.18718897031249998 0.319471978125 0.1884685703125 0.3159838625 0.20924419218749998
0 0.2915052703125 0.4477421953125 0.289506696875 0.47271111875000005 0.293902609375 0.4894570546875 0.2896818421875 0.5074416859374999 0.290220578125 0.5213420953125001 0.3001328875 0.53540611875 0.30794419687499996 0.5355424671875 0.3182685765625 0.5259989765624999 0.32095132187500003 0.5065983968750001 0.31040331875 0.48418867343749994 0.309180409375 0.464719921875 0.30544443125 0.45493100625 0.298583928125 0.44508755312500003 0.2915052703125 0.4477421953125
2 0.26837861875 0.56402295625 0.26635580625 0.59038055625 0.27129045625 0.6210269015625001 0.2765402171875 0.633620440625 0.288160225 0.6393796703125 0.2968496234375 0.6339749421875001 0.3025599359375 0.6201836109375 0.3020939171875 0.602117171875 0.29464619999999997 0.5811506640624999 0.293350571875 0.5658479421875 0.279484128125 0.5544931 0.273210840625 0.5557727 0.26837861875 0.56402295625
10 0.6996567921875 0.3423493703125 0.69709524375 0.3548065609375 0.6991477625 0.3715115953125 0.7052271343750001 0.3813414125 0.71301420625 0.3828664375 0.717991865625 0.3662841171875 0.7251917203125 0.3566860875 0.723871853125 0.3427720453125 0.7356075890625 0.297136578125 0.7358499843749999 0.2832498046875 0.7328224171875 0.27764055625 0.7227404328125 0.273297271875 0.7123190953125 0.28839547187500003 0.7088794578125001 0.306393740625 0.71010236875 0.3258624921875 0.6996567921875 0.3423493703125