9 0.5359375 0.1765625 0.040625 0.0828125
9 0.34609375 0.47421875 0.0453125 0.0828125
6 0.35703125 0.6640625 0.0515625 0.1015625
9 0.49921875 0.3328125 0.0421875 0.0828125
7 0.315625 0.36015625 0.0625 0.121875
8 0.4671875 0.240625 0.046875 0.090625
11 0.21328125 0.65 0.059375 0.1046875
5 0.7625 0.13359375 0.0515625 0.1
2 0.53984375 0.4125 0.05 0.0953125
10 0.4265625 0.38359375 0.0578125 0.115625
3 0.5703125 0.26875 0.0421875 0.0828125
1 0.715625 0.45703125 0.0671875 0.125
3 0.4140625 0.69140625 0.04375 0.078125
3 0.71640625 0.13046875 0.0421875 0.0828125
8 0.4015625 0.4796875 0.05 0.0953125
0 0.53203125 0.72265625 0.0546875 0.1046875
3 0.521875 0.5125 0.04375 0.08125
4 0.721875 0.37578125 0.0609375 0.1125
11 0.3953125 0.065625 0.0515625 0.1
6 0.346875 0.2171875 0.053125 0.103125
9 0.4703125 0.41875 0.040625 0.078125
0 0.73046875 0.28203125 0.05 0.1
3 0.653125 0.19609375 0.0421875 0.0796875
3 0.5984375 0.434375 0.0421875 0.0796875
5 0.50234375 0.5921875 0.0515625 0.096875
9 0.42578125 0.15546875 0.0390625 0.0796875
9 0.28203125 0.69140625 0.0421875 0.06875
5 0.6859375 0.64609375 0.0578125 0.0953125
9 0.4421875 0.08515625 0.0390625 0.08125