3 0.384375 0.7171875 0.046875 0.0828125
7 0.67265625 0.56015625 0.0640625 0.1203125
10 0.546875 0.29453125 0.0578125 0.115625
0 0.49140625 0.61484375 0.0515625 0.0984375
1 0.3578125 0.5265625 0.0625 0.11875
4 0.51015625 0.15859375 0.0546875 0.1125
2 0.41171875 0.25390625 0.046875 0.09375
5 0.29453125 0.1359375 0.0484375 0.0984375
8 0.58359375 0.49609375 0.0484375 0.0890625
6 0.25078125 0.29375 0.0546875 0.103125
11 0.38203125 0.434375 0.0515625 0.0984375
2 0.4765625 0.8453125 0.0546875 0.096875
8 0.7453125 0.80234375 0.0515625 0.0890625
9 0.27265625 0.97890625 0.0546875 0.0421875
9 0.553125 0.990625 0.025 0.01875
2 0.68046875 0.9609375 0.0265625 0.0234375