6 0.45859375 0.46015625 0.0484375 0.0953125
9 0.52421875 0.50546875 0.0421875 0.075
2 0.38046875 0.34609375 0.0484375 0.09375
7 0.42265625 0.675 0.0625 0.1203125
4 0.328125 0.40234375 0.0546875 0.10625
5 0.46796875 0.58125 0.05 0.0953125
9 0.5546875 0.67265625 0.0453125 0.08125
10 0.34140625 0.559375 0.059375 0.1109375
9 0.4046875 0.46796875 0.040625 0.0765625
9 0.6359375 0.42890625 0.0421875 0.078125
9 0.30234375 0.79375 0.0578125 0.1015625
9 0.6578125 0.30234375 0.0421875 0.075
9 0.4609375 0.83828125 0.0484375 0.0859375
3 0.61015625 0.35703125 0.040625 0.075
0 0.59296875 0.8203125 0.0578125 0.1078125
3 0.65 0.63984375 0.04375 0.078125
3 0.50625 0.38671875 0.0390625 0.0734375
8 0.65625 0.79921875 0.05625 0.1046875
8 0.72890625 0.52890625 0.05 0.090625
3 0.77265625 0.7046875 0.046875 0.0828125