9 0.51640625 0.33984375 0.034375 0.0796875
0 0.496875 0.0921875 0.0375 0.1046875
9 0.59765625 0.09765625 0.034375 0.0828125
5 0.36484375 0.7296875 0.0484375 0.0984375
7 0.453125 0.246875 0.0453125 0.1203125
0 0.44296875 0.72265625 0.04375 0.1015625
3 0.47421875 0.515625 0.0359375 0.0765625
11 0.64765625 0.0796875 0.04375 0.1015625
3 0.3203125 0.1125 0.0328125 0.08125
9 0.540625 0.175 0.034375 0.0828125
11 0.765625 0.6828125 0.053125 0.1015625
9 0.69453125 0.71640625 0.0375 0.0671875
6 0.6796875 0.23671875 0.04375 0.103125
9 0.653125 0.4921875 0.0375 0.0796875
9 0.43671875 0.1171875 0.0328125 0.0796875
3 0.3671875 0.61640625 0.0390625 0.078125
6 0.4640625 0.4140625 0.040625 0.1
3 0.6078125 0.5921875 0.0359375 0.0765625
0 0.28203125 0.25390625 0.04375 0.0953125
3 0.378125 0.184375 0.0328125 0.078125
1 0.2875 0.43828125 0.0578125 0.125
0 0.28984375 0.3546875 0.05 0.1109375