1 0.3921875 0.1640625 0.053125 0.121875
8 0.39921875 0.8765625 0.05 0.0875
10 0.3734375 0.33125 0.053125 0.1140625
9 0.49921875 0.70625 0.0421875 0.08125
5 0.53828125 0.08125 0.0453125 0.1
6 0.5921875 0.2125 0.046875 0.1
8 0.27890625 0.39296875 0.046875 0.090625
3 0.69453125 0.65234375 0.04375 0.08125
9 0.34609375 0.45859375 0.0421875 0.0828125
11 0.48984375 0.33203125 0.046875 0.1
9 0.3671875 0.64375 0.04375 0.0828125
7 0.509375 0.14609375 0.053125 0.121875
5 0.5828125 0.47734375 0.0484375 0.0984375
11 0.296875 0.12890625 0.046875 0.096875
4 0.24609375 0.20390625 0.0546875 0.1125
6 0.70078125 0.459375 0.053125 0.1015625
0 0.44765625 0.49375 0.046875 0.1
3 0.4140625 0.625 0.040625 0.078125
0 0.415625 0.2640625 0.046875 0.1015625
3 0.64296875 0.19609375 0.0421875 0.08125
2 0.6625 0.80625 0.0515625 0.0953125
2 0.60625 0.296875 0.0484375 0.1
2 0.52265625 0.99140625 0.0265625 0.0171875