9 0.625 0.31171875 0.0359375 0.0625
9 0.65625 0.4859375 0.040625 0.0796875
9 0.68046875 0.57890625 0.0421875 0.08125
9 0.70234375 0.69453125 0.0421875 0.0859375
7 0.7015625 0.375 0.05625 0.1140625
10 0.68046875 0.296875 0.05 0.1046875
6 0.6734375 0.228125 0.04375 0.0984375
6 0.71640625 0.4796875 0.0484375 0.096875
8 0.74453125 0.56875 0.05 0.0921875
11 0.7765625 0.66875 0.0546875 0.1015625
11 0.63515625 0.071875 0.0453125 0.1
9 0.58671875 0.090625 0.0359375 0.08125
3 0.47734375 0.51015625 0.0375 0.0796875
3 0.51015625 0.70625 0.040625 0.08125
2 0.46640625 0.40703125 0.04375 0.0953125
3 0.44609375 0.26484375 0.0359375 0.0796875
3 0.40546875 0.42734375 0.0375 0.0765625
3 0.34921875 0.35703125 0.0375 0.078125
3 0.3734375 0.62734375 0.040625 0.0765625
2 0.30390625 0.63125 0.0515625 0.09375
0 0.30625 0.525 0.046875 0.0953125
1 0.28828125 0.440625 0.0578125 0.1234375
4 0.2875 0.35859375 0.0546875 0.115625
0 0.2859375 0.2671875 0.0453125 0.103125
5 0.2640625 0.11640625 0.04375 0.096875
5 0.3234375 0.72734375 0.0515625 0.096875
3 0.309375 0.115625 0.0375 0.0796875
3 0.36796875 0.1859375 0.0359375 0.0765625
9 0.534375 0.41640625 0.0375 0.08125
9 0.48671875 0.175 0.0359375 0.08125
9 0.59765625 0.159375 0.0359375 0.0796875
9 0.5515625 0.24296875 0.0421875 0.090625