4 0.50859375 0.32890625 0.0546875 0.1140625
7 0.57265625 0.25390625 0.0578125 0.11875
9 0.44453125 0.090625 0.040625 0.0828125
3 0.61953125 0.62890625 0.0453125 0.0796875
1 0.50859375 0.07734375 0.05625 0.125
11 0.4265625 0.403125 0.053125 0.1
3 0.44140625 0.62109375 0.04375 0.0796875
9 0.603125 0.1265625 0.040625 0.08125
5 0.6109375 0.43125 0.05 0.096875
9 0.3484375 0.47890625 0.0453125 0.0796875
5 0.4953125 0.59921875 0.0515625 0.096875
3 0.6953125 0.2125 0.040625 0.0796875
3 0.6625 0.12734375 0.0390625 0.078125
11 0.3828125 0.57578125 0.0515625 0.0953125
9 0.49453125 0.1703125 0.0421875 0.0828125
6 0.5609375 0.61484375 0.0515625 0.096875
0 0.6359375 0.26953125 0.0484375 0.1
3 0.48203125 0.4109375 0.0421875 0.0796875