0 0.63359375 0.27109375 0.0484375 0.1
4 0.490625 0.159375 0.0546875 0.1140625
1 0.54296875 0.16484375 0.05625 0.1203125
5 0.70390625 0.134375 0.0484375 0.1
2 0.58671875 0.2546875 0.0484375 0.0953125
6 0.53359375 0.41484375 0.05 0.1015625
11 0.61796875 0.43515625 0.05 0.1
0 0.50859375 0.61484375 0.053125 0.1
3 0.61640625 0.7171875 0.046875 0.08125
6 0.7484375 0.29453125 0.0546875 0.1046875
8 0.41640625 0.49375 0.0484375 0.0890625
7 0.43515625 0.37578125 0.059375 0.121875
9 0.72578125 0.9796875 0.0546875 0.040625
2 0.5234375 0.8453125 0.053125 0.0953125
8 0.2546875 0.803125 0.053125 0.090625
10 0.453125 0.2921875 0.05625 0.115625
2 0.3203125 0.9609375 0.0265625 0.0234375
9 0.4453125 0.990625 0.025 0.01875