3 0.6515625 0.69453125 0.034375 0.078125
7 0.340625 0.5890625 0.0453125 0.115625
10 0.41796875 0.30546875 0.0390625 0.1140625
0 0.52890625 0.61171875 0.0375 0.0953125
1 0.64453125 0.5015625 0.04375 0.115625
4 0.43046875 0.165625 0.0359375 0.109375
2 0.54375 0.2421875 0.0328125 0.090625
5 0.6390625 0.10625 0.0328125 0.096875
8 0.4171875 0.51015625 0.034375 0.0859375
6 0.709375 0.25390625 0.0390625 0.1
11 0.6046875 0.41484375 0.0359375 0.0953125
2 0.58359375 0.8359375 0.0390625 0.09375
8 0.3109375 0.840625 0.0390625 0.0859375
9 0.809375 0.9515625 0.0421875 0.075
9 0.5328125 0.9921875 0.021875 0.015625
2 0.40234375 0.98515625 0.0234375 0.0203125