11 0.421875 0.615625 0.046875 0.09375
6 0.6 0.58203125 0.046875 0.0953125
0 0.53515625 0.234375 0.04375 0.1
3 0.5671875 0.15859375 0.0375 0.0796875
4 0.440625 0.33984375 0.05 0.1125
7 0.47109375 0.2453125 0.0515625 0.11875
3 0.66015625 0.571875 0.0421875 0.0796875
9 0.2890625 0.14375 0.0375 0.0828125
1 0.34296875 0.10703125 0.0515625 0.125
3 0.49375 0.634375 0.040625 0.078125
11 0.39296875 0.43984375 0.046875 0.1
5 0.53515625 0.59375 0.046875 0.096875
9 0.44921875 0.115625 0.0359375 0.0796875
9 0.35234375 0.53984375 0.040625 0.0796875
5 0.5765625 0.39296875 0.0453125 0.0953125
9 0.365625 0.1984375 0.0390625 0.0828125
3 0.50390625 0.09453125 0.0359375 0.078125
3 0.4484375 0.42421875 0.0390625 0.0796875