6 0.45703125 0.46171875 0.05 0.0953125
9 0.52421875 0.5046875 0.04375 0.075
2 0.375 0.35 0.0515625 0.09375
7 0.42890625 0.678125 0.0671875 0.1203125
4 0.325 0.40859375 0.0578125 0.10625
5 0.4703125 0.58203125 0.053125 0.0953125
9 0.56015625 0.67109375 0.0484375 0.0828125
10 0.34375 0.56484375 0.0640625 0.1125
9 0.40390625 0.471875 0.04375 0.0765625
9 0.63359375 0.42421875 0.04375 0.078125
9 0.3125 0.80078125 0.0609375 0.1015625
9 0.65078125 0.296875 0.04375 0.075
9 0.47265625 0.8390625 0.0515625 0.0859375
3 0.6046875 0.353125 0.0421875 0.075
0 0.60390625 0.8171875 0.0609375 0.1078125
3 0.65546875 0.634375 0.046875 0.0796875
3 0.50234375 0.38671875 0.0421875 0.075
8 0.66640625 0.79375 0.059375 0.1046875
8 0.7296875 0.52109375 0.053125 0.090625
3 0.7796875 0.6953125 0.05 0.0828125