3 0.6450750546874999 0.3995035125 0.6535849109375 0.40431901249999996 0.6638329953125 0.398132434375 0.6757054124999999 0.3467073484375 0.6748475296875001 0.336531334375 0.6675476953125 0.3334206125 0.6632530609375 0.3381308078125 0.6531982875 0.3643179265625 0.646131471875 0.3740898015625 0.642245925 0.3874469765625 0.6450750546874999 0.3995035125
3 0.6594140171875 0.4797867296875 0.6720476609375 0.42853738750000003 0.6716385734375 0.41989040781250003 0.6617426265625 0.4176057484375 0.6401900406250001 0.4553926125 0.6359920609375 0.4701030796875 0.63958241875 0.48233535781250003 0.6514496125 0.4865005375 0.6594140171875 0.4797867296875
3 0.6555457125 0.517380065625 0.6447521765625 0.5120373375 0.6224383640625 0.549648459375 0.6186891796875 0.5658879609375 0.621069515625 0.5764154609375 0.6378165015625 0.58028180625 0.647206703125 0.563919215625 0.6555457125 0.517380065625
3 0.6225642812500001 0.66371131875 0.6353342875 0.6153443015625 0.6349251984375 0.606697321875 0.6242680265625 0.6042369203125 0.6062885546875 0.6300199015625 0.59869353125 0.6524986328125 0.6019714546875 0.6660842031249999 0.612764990625 0.67142693125 0.6225642812500001 0.66371131875
3 0.4598101671875 0.70881106875 0.4561973453125 0.7279328953124999 0.46207138125 0.7406924046875 0.474875871875 0.740797709375 0.4799317328125 0.73626325625 0.4865894609375 0.7178444015625 0.4894238140625 0.67431066875 0.47939150625 0.6691436828125 0.4703137359375 0.6841529828125 0.467501846875 0.696332609375 0.4598101671875 0.70881106875
3 0.5553574171875 0.277585575 0.5514718703125 0.29094275 0.5535397734374999 0.302823540625 0.5654069671874999 0.306988721875 0.57198528125 0.30280575625 0.5781942156250001 0.282857865625 0.575365084375 0.2708013296875 0.58157401875 0.250853440625 0.5801309781249999 0.2362660640625 0.5708201890625 0.2383927671875 0.565724621875 0.2500451640625 0.563497890625 0.26663614999999996 0.5553574171875 0.277585575
3 0.697660290625 0.18215076875 0.6920365140625 0.20651002031250001 0.6837596765625 0.21457711875 0.67741438125 0.2316426828125 0.6817659640625 0.24405070312500002 0.6916619093749999 0.2463353625 0.7005636109375 0.23556168125000002 0.7033755 0.2233820546875 0.7017563906250001 0.21303029843750002 0.7110499375 0.186667434375 0.7086696015625 0.176139934375 0.7041022421875 0.1750854765625 0.697660290625 0.18215076875
3 0.721729575 0.15777373125 0.7230587171875 0.13812467343749998 0.73176710625 0.10735045000000001 0.727103090625 0.09629572187499999 0.7176162328125 0.10265804062499999 0.69871670625 0.156737059375 0.703244359375 0.1649094625 0.714662759375 0.1675456078125 0.721729575 0.15777373125
3 0.76796875 0.13515625 0.0015625 0.0015625
5 0.741072671875 0.160814015625 0.7419305546875 0.1709900296875 0.747531865625 0.17798488437499999 0.7622506546875 0.1628524921875 0.7826726328125 0.10912496093749999 0.7832008421875 0.09641810625 0.773480965625 0.089897828125 0.764755334375 0.09643589062499999 0.7602846296875 0.10538170468750001 0.7580578984375 0.1219726921875 0.741072671875 0.160814015625
5 0.6375850562500001 0.7584061703125 0.6406869109375 0.7762273578125 0.6450782015625001 0.781517434375 0.6601663703125 0.78214996875 0.6709426640625 0.7632565359375 0.6741066906250001 0.7426056734375 0.685059053125 0.7194766234375 0.6858996937499999 0.7054164765625 0.6775659078125 0.696365359375 0.6693287781249999 0.6973145125 0.644106421875 0.7371049875 0.6375850562500001 0.7584061703125
2 0.7520542953125 0.24174755312500001 0.7732772078125 0.18107781875 0.7721466 0.1651371515625 0.7685165375 0.1600228171875 0.7499519078125 0.1813944375 0.728944771875 0.230710609375 0.7341939453124999 0.2461767 0.738000078125 0.247055415625 0.7520542953125 0.24174755312500001
2 0.6663632859375 0.68237565 0.6786792734375 0.6880698656249999 0.6852575875 0.6838868984375 0.7062250171875 0.6416886734375 0.70897995625 0.61239083125 0.7049010984375 0.6057474625 0.6845809984375 0.6138849984375 0.6796217921875 0.6284197234375 0.66593695625 0.649492509375 0.662187771875 0.6657320109375 0.6663632859375 0.68237565
0 0.7076027390624999 0.3127341765625 0.7124031171875 0.3266712328125 0.72198663125 0.330309184375 0.731785921875 0.32259357187500004 0.737057559375 0.30670555625 0.7376254734375001 0.2868807578125 0.7492027 0.2610451234375 0.7499069781250001 0.24410265 0.7360288296874999 0.24517489375 0.7228497359375 0.2848949328125 0.7110394906249999 0.29784796875 0.7076027390624999 0.3127341765625
0 0.6721338703125 0.5497181921875 0.6699071390625 0.5663091796875 0.6777524234375 0.5809492078125 0.6879608015625001 0.581880575 0.6973112968749999 0.572635928125 0.7022705031250001 0.558101203125 0.70359964375 0.5384521484375 0.7105300984375 0.5257979453125 0.71632994375 0.497203075 0.7078200890625 0.49238757499999997 0.7009293421875 0.49792383281249997 0.6877899546874999 0.5305259265625 0.6721338703125 0.5497181921875
4 0.7291501031250001 0.33053757968749997 0.7153461453125 0.3729642015625 0.7080066031250001 0.3769714234375 0.699241265625 0.39062743125 0.69566815 0.40263131406249997 0.697423621875 0.41586539843750003 0.706518634375 0.4250922609375 0.71949919375 0.4209619453125 0.7295142609374999 0.4018927703125 0.7305706765625 0.3764790609375 0.7391599453125 0.367058671875 0.7465789015625 0.3488155578125 0.74907835625 0.337989225 0.7463855890625 0.328815015625 0.7368020750000001 0.32517706562500004 0.7291501031250001 0.33053757968749997
1 0.7356040734375 0.40329871562499997 0.72750330625 0.40713019375000004 0.715653353125 0.4272011765625 0.7097171453125 0.45291371874999997 0.6927146765625001 0.46751888125 0.6871306078125 0.48476018749999994 0.6918912781250001 0.5058151875 0.6969074328125 0.50839868125 0.7113137890625 0.49461958125 0.7143189890625 0.5024405 0.7172275328125 0.5002611453125 0.7234364656250001 0.4803132546875 0.7227943609375 0.4587836765625 0.73460460625 0.445830640625 0.7413986953125 0.43029411250000005 0.7418302484375 0.4075869859375 0.7356040734375 0.40329871562499997
9 0.5414275421875 0.20594933750000002 0.547795303125 0.1575296671875 0.5451422421875 0.1412375140625 0.538739996875 0.1411848609375 0.534581725 0.1487773828125 0.518414675 0.2049126640625 0.5244647796875 0.21343655312499998 0.53391193125 0.21419217812500002 0.5414275421875 0.20594933750000002
9 0.475918696875 0.4445506109375 0.48474620625 0.3924225515625 0.479945828125 0.3784854953125 0.4747536046875 0.3801376203125 0.469521675 0.388907690625 0.452633103125 0.437749284375 0.458507140625 0.4505087921875 0.46947674531250005 0.4516159015625 0.475918696875 0.4445506109375
9 0.346442778125 0.5087366156249999 0.352435934375 0.5001422875 0.3569463453125 0.48407853125000005 0.35575878906249997 0.451019646875 0.3517196375 0.4372583328125 0.344243734375 0.4383832296875 0.3393242359375 0.4458000078125 0.3280766828125 0.4945185109375 0.33242826718749996 0.5069265328125 0.346442778125 0.5087366156249999
9 0.32174340625000003 0.591410503125 0.32732747500000003 0.574169196875 0.32492989843750003 0.5394055359375 0.3214759046875 0.5300555828125 0.309569003125 0.5330083484375 0.2964468578125 0.5898466015625 0.302945759375 0.5998995265625 0.31530145468750004 0.5984757953125001 0.32174340625000003 0.591410503125
9 0.295816771875 0.648143453125 0.2864093265625 0.6402698828125 0.27782005781249997 0.6496902718750001 0.26563520937499996 0.7024686515624999 0.27119681406249996 0.71658145 0.284001303125 0.7166867546875 0.294777596875 0.6977933234375 0.295816771875 0.648143453125
9 0.398073475 0.2712075859375 0.3917109359375 0.26403698750000004 0.3834341 0.2721040875 0.3716980453125 0.32641149999999997 0.3781969453125 0.336464425 0.390552640625 0.33504069375 0.3976591640625 0.318150871875 0.398073475 0.2712075859375
9 0.4213867546875 0.1910645390625 0.431498478125 0.1819956359375 0.43544619687499997 0.130166409375 0.4298845921875 0.1160536109375 0.4214713921875 0.12123838281249999 0.41813129531250004 0.1461248625 0.408485609375 0.18095896250000001 0.4130132625 0.189131365625 0.4213867546875 0.1910645390625
9 0.424732075 0.11058779062499999 0.438530809375 0.1237514359375 0.444347896875 0.11939272812499999 0.449755896875 0.1063870390625 0.4480401328125 0.086035009375 0.4518290234375 0.0626775640625 0.44899989375000005 0.0506210296875 0.44367130781249997 0.049390828125 0.43830301406250005 0.0552785734375 0.43201466718750003 0.089462353125 0.424732075 0.11058779062499999
8 0.46599871249999997 0.2826130953125 0.472753096875 0.2741945109375 0.48099545 0.2176550921875 0.4710425546875 0.198252215625 0.45999353593750003 0.21138099531250001 0.453784603125 0.2313288859375 0.44776898125000003 0.27127731875 0.45547790312499997 0.2830350203125 0.46599871249999997 0.2826130953125
8 0.23308897968750003 0.5794955500000001 0.241246696875 0.5927822859375 0.25543727656250004 0.5903567515625 0.26250409218750004 0.5805848734375 0.2662532765625 0.5643453734375 0.2639523546875 0.539581984375 0.26676424375 0.5274023578125 0.2496478765625 0.5077710875 0.239047653125 0.5224289015625 0.23436117343750001 0.542728278125 0.23308897968750003 0.5794955500000001
11 0.3961455828125 0.0156118921875 0.3884936109375 0.02097240625 0.383318628125 0.04686069375 0.384233459375 0.07415492343749999 0.3766384359375 0.0966336546875 0.3847961515625 0.109920390625 0.39562939375 0.10814517500000001 0.40099768750000003 0.10225743125 0.4045708015625 0.0902535484375 0.4004747015625 0.0593740203125 0.40637120312499997 0.040779420312499995 0.40676305 0.025190239062499998 0.40375785000000003 0.0173693234375 0.3961455828125 0.0156118921875
11 0.22106295937499998 0.60380215 0.213763125 0.600691428125 0.201367721875 0.609233103125 0.1942214921875 0.63324086875 0.199879753125 0.6573539375 0.1954090484375 0.666299753125 0.19331868125 0.6857730656250001 0.2021012609375 0.6963532171875 0.21736550000000002 0.692750134375 0.224119884375 0.68433155 0.2296072984375 0.657089971875 0.22238687812500002 0.6397433593749999 0.22595999218750001 0.6277394765625 0.22406815781249997 0.611623065625 0.22106295937499998 0.60380215
6 0.286851325 0.5063822234375001 0.2956166640625 0.492726215625 0.29797975781249997 0.4790175546875 0.29538886875000003 0.42425335000000003 0.290861215625 0.4160809484375 0.2855326296875 0.414850746875 0.2801643359375 0.42073849062499996 0.2663379140625 0.4945192171875 0.2725243828125 0.5059254328125 0.286851325 0.5063822234375001
6 0.343890021875 0.2558475046875 0.3470712921875 0.25943280468749996 0.35306444843749996 0.25083847656249997 0.3552911796875 0.2342474890625 0.35277448125 0.2208376625 0.35625094062499996 0.198833509375 0.35547247187500003 0.1744216046875 0.349246296875 0.170133334375 0.340520665625 0.176671396875 0.3366920671875 0.2071467890625 0.343890021875 0.2558475046875
10 0.3449067328125 0.237551740625 0.3387202640625 0.22614552500000001 0.3246660453125 0.2314533875 0.320212584375 0.2646353609375 0.32313837031250003 0.2866921671875 0.316480640625 0.30511102343749996 0.3224116265625 0.3349887484375 0.330336325 0.3353928859375 0.3407604796875 0.324970690625 0.3440211625 0.3143201 0.34472543906249997 0.297377625 0.338715040625 0.2817357921875 0.343850315625 0.2629654515625 0.34240727656250003 0.24837807500000003 0.3449067328125 0.237551740625
7 0.3202073609375 0.320225628125 0.3170657984375 0.3095223859375 0.30672105781250003 0.30570869218749996 0.29750692500000003 0.317835665625 0.293990759375 0.3469577640625 0.297717478125 0.36207236875 0.2852996109375 0.40196814999999997 0.2872311515625 0.4109666140625 0.29511614375 0.4184886984375 0.3063981796875 0.4182425171875 0.31145404062500004 0.41370806406250005 0.3198102921875 0.3914050765625 0.31975334375000003 0.37428686093749997 0.31356687499999997 0.36288064375 0.320127946875 0.33446151875 0.3202073609375 0.320225628125