6 0.6546875 0.24140625 0.0328125 0.1
5 0.63125 0.1015625 0.03125 0.096875
10 0.41484375 0.30703125 0.0359375 0.1125
11 0.603125 0.41484375 0.034375 0.0953125
9 0.453125 0.70078125 0.03125 0.0796875
0 0.58671875 0.24609375 0.0296875 0.0953125
2 0.4734375 0.42890625 0.0328125 0.09375
8 0.31640625 0.84375 0.0375 0.084375
8 0.3078125 0.34453125 0.034375 0.0875
5 0.46875 0.49453125 0.034375 0.096875
7 0.58515625 0.3140625 0.0375 0.1171875
1 0.59140625 0.1515625 0.034375 0.1171875
0 0.53125 0.6109375 0.0359375 0.09375
3 0.65625 0.6921875 0.0328125 0.078125
4 0.425 0.1671875 0.034375 0.1109375
6 0.7046875 0.5046875 0.0390625 0.096875
2 0.5890625 0.834375 0.0375 0.090625
2 0.41171875 0.9875 0.021875 0.01875