11 0.39453125 0.59140625 0.0390625 0.0921875
6 0.57578125 0.60546875 0.040625 0.09375
0 0.60234375 0.25234375 0.0359375 0.0984375
3 0.65390625 0.18828125 0.03125 0.078125
4 0.484375 0.3296875 0.040625 0.1109375
7 0.53828125 0.24609375 0.0421875 0.11875
3 0.6359375 0.6109375 0.0359375 0.078125
9 0.38828125 0.1015625 0.03125 0.0828125
1 0.45 0.0796875 0.040625 0.1234375
3 0.459375 0.628125 0.034375 0.0765625
11 0.4125 0.4140625 0.0390625 0.0984375
5 0.509375 0.6 0.0390625 0.0953125
9 0.55 0.115625 0.0296875 0.078125
9 0.346875 0.5 0.034375 0.078125
5 0.6015625 0.41640625 0.0390625 0.09375
9 0.4484375 0.17421875 0.03125 0.08125
3 0.60859375 0.109375 0.0296875 0.0765625
3 0.4703125 0.41328125 0.0328125 0.078125