0 0.50859375 0.61484375 0.0515625 0.0984375
8 0.41640625 0.49609375 0.0484375 0.090625
10 0.453125 0.29375 0.0578125 0.115625
4 0.48984375 0.15859375 0.0546875 0.1125
2 0.58828125 0.25390625 0.046875 0.09375
5 0.7046875 0.13515625 0.0484375 0.0984375
11 0.6171875 0.4359375 0.0515625 0.0984375
6 0.74921875 0.29375 0.0546875 0.103125
3 0.7375 0.8359375 0.053125 0.08125
9 0.725 0.9796875 0.053125 0.040625
8 0.2546875 0.80234375 0.0515625 0.0890625
2 0.5234375 0.8453125 0.053125 0.0953125
2 0.3203125 0.9609375 0.025 0.0234375
9 0.44609375 0.990625 0.0234375 0.01875