9 0.62734375 0.17109375 0.0296875 0.0796875
8 0.678125 0.15859375 0.0375 0.09375
3 0.35234375 0.184375 0.0296875 0.0734375
2 0.30078125 0.18203125 0.034375 0.0765625
2 0.29296875 0.1421875 0.0328125 0.075
9 0.625 0.24921875 0.03125 0.08125
6 0.71796875 0.49921875 0.040625 0.096875
8 0.7375 0.58984375 0.0421875 0.090625
9 0.640625 0.3234375 0.03125 0.0796875
11 0.7609375 0.6921875 0.046875 0.1015625
5 0.30390625 0.7109375 0.0453125 0.09375
0 0.3046875 0.50859375 0.0390625 0.090625
9 0.65625 0.49921875 0.034375 0.08125
1 0.2953125 0.4234375 0.0484375 0.11875
7 0.71171875 0.39453125 0.0453125 0.109375
9 0.67265625 0.5953125 0.034375 0.078125
2 0.29375 0.6140625 0.04375 0.090625
3 0.3625 0.6140625 0.034375 0.075
6 0.69609375 0.24140625 0.0359375 0.0921875
3 0.3625 0.34453125 0.03125 0.075
4 0.30078125 0.34140625 0.0453125 0.109375
9 0.684375 0.71171875 0.0359375 0.084375
9 0.6453125 0.41484375 0.0328125 0.08125
10 0.69921875 0.3125 0.04375 0.10625
3 0.3546875 0.4265625 0.0328125 0.0734375
3 0.36875 0.71171875 0.034375 0.0796875
3 0.3578125 0.5234375 0.0328125 0.0765625
3 0.34453125 0.1015625 0.0296875 0.078125
3 0.35859375 0.25859375 0.03125 0.0765625
11 0.6734375 0.08515625 0.0375 0.0984375
9 0.62265625 0.10234375 0.0296875 0.0828125
5 0.2984375 0.09765625 0.0375 0.0984375
0 0.30703125 0.24765625 0.0375 0.1
2 0.29140625 0.31328125 0.028125 0.05
2 0.34765625 0.16171875 0.01875 0.03125
2 0.3515625 0.5046875 0.0203125 0.034375
2 0.34921875 0.4078125 0.0203125 0.0328125
2 0.35703125 0.59765625 0.01875 0.0328125
2 0.28359375 0.58515625 0.015625 0.025