9 0.54453125 0.184375 0.0375 0.0640625
9 0.34765625 0.46796875 0.046875 0.0828125
9 0.47265625 0.42109375 0.040625 0.0703125
9 0.50546875 0.3328125 0.0453125 0.0828125
11 0.41015625 0.06171875 0.0546875 0.1
11 0.20859375 0.640625 0.0609375 0.103125
7 0.32109375 0.35390625 0.065625 0.121875
6 0.3578125 0.2109375 0.05625 0.1046875
10 0.43046875 0.38203125 0.0609375 0.115625
0 0.52421875 0.7234375 0.0578125 0.1046875
5 0.5 0.59375 0.053125 0.0953125
2 0.68203125 0.6515625 0.059375 0.096875
3 0.521875 0.51328125 0.046875 0.08125
3 0.578125 0.271875 0.0453125 0.0828125
3 0.40859375 0.6875 0.046875 0.08125
1 0.71640625 0.46484375 0.071875 0.125
4 0.7265625 0.3828125 0.0640625 0.1140625
0 0.73828125 0.290625 0.0546875 0.103125
5 0.775 0.14296875 0.0546875 0.1
3 0.7296875 0.13828125 0.0453125 0.0828125
6 0.35078125 0.65859375 0.0546875 0.1015625
8 0.40234375 0.4765625 0.053125 0.0953125
8 0.47578125 0.23984375 0.05 0.090625
2 0.54296875 0.41171875 0.053125 0.096875
3 0.6640625 0.2015625 0.04375 0.0796875
3 0.60078125 0.43828125 0.0453125 0.0796875
9 0.43671875 0.153125 0.0421875 0.0796875
9 0.27578125 0.68515625 0.0453125 0.06875
9 0.45625 0.08359375 0.0421875 0.0796875