9 0.53046875 0.17578125 0.0390625 0.0828125
9 0.34609375 0.4765625 0.04375 0.0828125
6 0.36015625 0.66640625 0.05 0.1015625
9 0.49609375 0.3328125 0.040625 0.0828125
7 0.31328125 0.3640625 0.0609375 0.121875
8 0.4625 0.24140625 0.0453125 0.090625
11 0.21640625 0.65546875 0.0578125 0.1046875
5 0.75625 0.12890625 0.05 0.1
2 0.53828125 0.41171875 0.0484375 0.0953125
10 0.425 0.38515625 0.0546875 0.115625
3 0.56640625 0.2671875 0.040625 0.0828125
1 0.71484375 0.453125 0.065625 0.1234375
3 0.4171875 0.6921875 0.0421875 0.078125
3 0.71015625 0.12734375 0.040625 0.0828125
8 0.40078125 0.48125 0.05 0.09375
0 0.5359375 0.721875 0.053125 0.1046875
3 0.521875 0.51171875 0.0421875 0.08125
4 0.71953125 0.371875 0.059375 0.1125
11 0.3875 0.0671875 0.05 0.1
6 0.3421875 0.21953125 0.0515625 0.103125
9 0.46953125 0.41953125 0.0390625 0.078125
0 0.7265625 0.278125 0.0484375 0.1
3 0.64765625 0.19375 0.040625 0.0796875
3 0.59765625 0.4328125 0.0421875 0.078125
5 0.50390625 0.5921875 0.05 0.096875
9 0.41953125 0.15703125 0.0375 0.0796875
9 0.28515625 0.6953125 0.0421875 0.0671875
5 0.68828125 0.64296875 0.05625 0.09375
9 0.434375 0.0859375 0.0390625 0.08125