9 0.35078125 0.53515625 0.040625 0.08125
5 0.69375 0.68359375 0.0515625 0.1
6 0.45546875 0.525 0.04375 0.096875
9 0.43984375 0.3515625 0.0375 0.0796875
4 0.54453125 0.31171875 0.05 0.1125
0 0.390625 0.10703125 0.0421875 0.1046875
3 0.528125 0.5078125 0.0390625 0.078125
3 0.65859375 0.57421875 0.040625 0.0796875
0 0.6171875 0.6984375 0.046875 0.1
9 0.29453125 0.140625 0.0359375 0.08125
11 0.34453125 0.4546875 0.046875 0.0984375
9 0.371875 0.1984375 0.0375 0.0796875
11 0.384375 0.34609375 0.0453125 0.096875
6 0.5109375 0.40703125 0.0421875 0.1
7 0.475 0.24375 0.0484375 0.115625
3 0.421875 0.61953125 0.0390625 0.0765625
3 0.56640625 0.078125 0.0359375 0.0796875
9 0.43671875 0.3296875 0.021875 0.0359375
5 0.640625 0.20234375 0.046875 0.0953125
9 0.4875 0.71953125 0.040625 0.0828125
3 0.53125 0.16171875 0.0359375 0.0765625
9 0.36640625 0.17734375 0.0203125 0.034375
9 0.28828125 0.11953125 0.021875 0.0359375
1 0.4625 0.1609375 0.0484375 0.121875
3 0.5296875 0.1421875 0.021875 0.034375
6 0.50859375 0.38125 0.025 0.046875
3 0.52578125 0.48984375 0.0234375 0.0359375
3 0.659375 0.5546875 0.021875 0.034375
9 0.48125 0.6984375 0.021875 0.0359375
3 0.6140625 0.67265625 0.028125 0.046875
9 0.453125 0.09765625 0.0234375 0.04375
3 0.54375 0.28125 0.0296875 0.0453125
3 0.6421875 0.17578125 0.025 0.0375