6 0.63125 0.22890625 0.034375 0.1
5 0.59609375 0.09140625 0.0328125 0.096875
10 0.39765625 0.315625 0.0390625 0.1125
11 0.5953125 0.40546875 0.0359375 0.0953125
9 0.47109375 0.70390625 0.0328125 0.0796875
0 0.56484375 0.2390625 0.03125 0.0953125
2 0.4671875 0.43125 0.034375 0.09375
8 0.34765625 0.85859375 0.0390625 0.084375
8 0.29453125 0.3625 0.0359375 0.0875
5 0.46875 0.496875 0.0359375 0.096875
7 0.56875 0.30703125 0.0390625 0.1171875
1 0.56015625 0.14453125 0.0359375 0.1171875
0 0.540625 0.6078125 0.0375 0.09375
3 0.671875 0.678125 0.034375 0.078125
4 0.39609375 0.175 0.0375 0.1109375
6 0.70390625 0.48671875 0.040625 0.096875
2 0.61796875 0.82578125 0.0390625 0.090625
2 0.45390625 0.9921875 0.0234375 0.015625