10 0.4390625 0.5796875 0.046875 0.1078125
5 0.30078125 0.43046875 0.0421875 0.0890625
9 0.5375 0.50625 0.034375 0.0765625
9 0.6484375 0.478125 0.0328125 0.075
9 0.41796875 0.440625 0.034375 0.0734375
6 0.56484375 0.67265625 0.0421875 0.1
7 0.271875 0.7828125 0.0546875 0.125
5 0.36640625 0.35390625 0.04375 0.1046875
3 0.53984375 0.3953125 0.0328125 0.071875
5 0.325 0.578125 0.0453125 0.103125
9 0.21875 0.71796875 0.0484375 0.096875
8 0.41953125 0.83046875 0.046875 0.1
3 0.496875 0.315625 0.0328125 0.071875
8 0.42421875 0.72890625 0.04375 0.0890625
9 0.7109375 0.36015625 0.034375 0.0734375
9 0.35625 0.809375 0.0421875 0.084375
2 0.4328125 0.31640625 0.040625 0.0921875
9 0.55234375 0.84296875 0.040625 0.084375
3 0.684375 0.8625 0.0421875 0.0828125