6 0.6453125 0.2359375 0.028125 0.0984375
5 0.6171875 0.096875 0.028125 0.0953125
10 0.4078125 0.31015625 0.0328125 0.1109375
11 0.6 0.4109375 0.03125 0.09375
9 0.46015625 0.70234375 0.028125 0.078125
0 0.578125 0.24296875 0.0265625 0.09375
2 0.47109375 0.4296875 0.0296875 0.0921875
8 0.32890625 0.85 0.034375 0.0828125
8 0.30234375 0.3515625 0.03125 0.0875
5 0.46875 0.4953125 0.03125 0.0953125
7 0.57890625 0.3109375 0.0328125 0.115625
1 0.57890625 0.1484375 0.03125 0.115625
0 0.53515625 0.61015625 0.03125 0.09375
3 0.6625 0.68671875 0.03125 0.0765625
4 0.41328125 0.1703125 0.03125 0.109375
6 0.7046875 0.49765625 0.034375 0.0953125
2 0.60078125 0.83125 0.034375 0.0890625
2 0.42890625 0.990625 0.021875 0.01875