0 0.4734375 0.6125 0.0375 0.0953125
8 0.5828125 0.509375 0.0359375 0.0875
10 0.57890625 0.303125 0.040625 0.1140625
4 0.56328125 0.1640625 0.0390625 0.1109375
2 0.4515625 0.24375 0.034375 0.0921875
5 0.35546875 0.1078125 0.034375 0.096875
11 0.39375 0.41796875 0.0375 0.096875
6 0.28671875 0.25703125 0.040625 0.1
3 0.2125 0.7953125 0.0421875 0.078125
9 0.19921875 0.95703125 0.04375 0.075
2 0.30234375 0.9859375 0.0484375 0.028125
8 0.6953125 0.8375 0.040625 0.084375
2 0.42265625 0.8375 0.040625 0.0921875
2 0.60546875 0.98359375 0.0234375 0.0203125
9 0.475 0.9921875 0.021875 0.015625