9 0.54921875 0.18515625 0.025 0.0609375
9 0.6546875 0.5140625 0.03125 0.0796875
9 0.54921875 0.43203125 0.0265625 0.0671875
9 0.54375 0.3390625 0.028125 0.0796875
11 0.7140625 0.10703125 0.034375 0.096875
11 0.7375 0.7203125 0.040625 0.0984375
7 0.7140625 0.4125 0.0421875 0.1171875
6 0.72109375 0.265625 0.034375 0.1
10 0.60078125 0.40703125 0.0359375 0.1125
0 0.41171875 0.70625 0.0375 0.1015625
5 0.47265625 0.58984375 0.0328125 0.090625
2 0.28203125 0.59140625 0.040625 0.090625
3 0.47578125 0.50625 0.0296875 0.078125
3 0.4921875 0.25859375 0.028125 0.0796875
3 0.5328125 0.70625 0.03125 0.0765625
1 0.303125 0.403125 0.046875 0.1203125
4 0.31796875 0.321875 0.040625 0.109375
0 0.33359375 0.2296875 0.034375 0.1
5 0.34140625 0.078125 0.034375 0.096875
3 0.3859375 0.0875 0.028125 0.0796875
6 0.59609375 0.6953125 0.034375 0.0984375
8 0.60078125 0.50625 0.0328125 0.090625
8 0.59921875 0.2578125 0.03125 0.0875
2 0.484375 0.403125 0.0328125 0.09375
3 0.43046875 0.1671875 0.028125 0.0765625
3 0.421875 0.4109375 0.0296875 0.0765625
9 0.66171875 0.18671875 0.025 0.0765625
9 0.66015625 0.7421875 0.03125 0.0640625
9 0.66328125 0.11484375 0.025 0.0765625