1 0.58984375 0.159375 0.046875 0.121875
8 0.62109375 0.8703125 0.0453125 0.0875
10 0.61796875 0.325 0.0484375 0.1140625
9 0.5109375 0.70625 0.0375 0.0796875
5 0.43984375 0.08359375 0.040625 0.0984375
6 0.39296875 0.2171875 0.0421875 0.1
8 0.715625 0.38125 0.0421875 0.090625
3 0.3140625 0.6625 0.040625 0.0796875
9 0.6515625 0.45 0.0390625 0.0828125
11 0.5015625 0.33125 0.0421875 0.1
9 0.63984375 0.63671875 0.0390625 0.08125
7 0.471875 0.14765625 0.046875 0.121875
5 0.415625 0.48203125 0.04375 0.0984375
11 0.68359375 0.11875 0.0421875 0.0953125
4 0.73828125 0.19140625 0.0484375 0.1125
6 0.29765625 0.4703125 0.0484375 0.1015625
0 0.5515625 0.490625 0.0421875 0.1
3 0.59296875 0.6203125 0.0375 0.0765625
0 0.571875 0.26015625 0.0421875 0.1
3 0.34140625 0.20390625 0.0390625 0.0796875
2 0.35390625 0.8140625 0.046875 0.09375
2 0.38359375 0.303125 0.04375 0.0984375
2 0.50234375 0.9921875 0.0265625 0.015625