9 0.38515625 0.1953125 0.0421875 0.0828125
9 0.3515625 0.546875 0.046875 0.0828125
6 0.446875 0.7109375 0.053125 0.1015625
9 0.4234375 0.3515625 0.04375 0.0828125
7 0.27265625 0.459375 0.0640625 0.1234375
8 0.35234375 0.28359375 0.0484375 0.090625
11 0.31328125 0.7640625 0.0609375 0.1046875
5 0.5671875 0.05390625 0.053125 0.1
2 0.4953125 0.40390625 0.0515625 0.0953125
10 0.38203125 0.4296875 0.059375 0.115625
3 0.4578125 0.26171875 0.04375 0.0828125
1 0.671875 0.3640625 0.06875 0.125
3 0.51015625 0.709375 0.0453125 0.078125
3 0.52578125 0.07265625 0.04375 0.0828125
8 0.403125 0.5265625 0.0515625 0.0953125
0 0.6296875 0.68359375 0.05625 0.1046875
3 0.525 0.50078125 0.04375 0.08125
4 0.64140625 0.28828125 0.0625 0.1125
11 0.209375 0.16015625 0.053125 0.1
6 0.23515625 0.3171875 0.0546875 0.103125
9 0.43671875 0.440625 0.0421875 0.078125
0 0.60703125 0.2015625 0.0515625 0.1
3 0.4984375 0.16015625 0.0421875 0.0796875
3 0.5578125 0.396875 0.04375 0.0796875
5 0.54375 0.58125 0.053125 0.096875
9 0.27734375 0.22734375 0.040625 0.0796875
9 0.39296875 0.7703125 0.04375 0.06875
5 0.73203125 0.54609375 0.0578125 0.0953125
9 0.26015625 0.15625 0.040625 0.0828125