6 0.65 0.23828125 0.03125 0.0984375
5 0.62421875 0.09921875 0.0296875 0.0953125
10 0.4109375 0.30859375 0.034375 0.1109375
11 0.6015625 0.4125 0.0328125 0.0953125
9 0.45625 0.7015625 0.0296875 0.0796875
0 0.5828125 0.24453125 0.028125 0.09375
2 0.47265625 0.42890625 0.03125 0.0921875
8 0.32265625 0.846875 0.0359375 0.0828125
8 0.3046875 0.3484375 0.0328125 0.0875
5 0.46875 0.49453125 0.0328125 0.0953125
7 0.58203125 0.3125 0.034375 0.1171875
1 0.58515625 0.15 0.0328125 0.1171875
0 0.53359375 0.6109375 0.034375 0.09375
3 0.659375 0.68984375 0.03125 0.0765625
4 0.41875 0.16875 0.0328125 0.1109375
6 0.7046875 0.5015625 0.0375 0.0953125
2 0.5953125 0.8328125 0.0359375 0.0890625
2 0.4203125 0.9890625 0.021875 0.01875