9 0.47578125 0.50703125 0.0375 0.075
7 0.58828125 0.66953125 0.05625 0.1203125
5 0.5375 0.5796875 0.04375 0.09375
9 0.359375 0.43828125 0.0375 0.0765625
2 0.609375 0.3359375 0.0421875 0.09375
10 0.66171875 0.54765625 0.053125 0.109375
3 0.38046875 0.36484375 0.0359375 0.0734375
9 0.5625 0.83359375 0.04375 0.084375
6 0.53828125 0.4578125 0.0421875 0.0953125
3 0.3609375 0.64921875 0.0390625 0.0765625
8 0.3640625 0.80859375 0.05 0.1046875
8 0.2734375 0.54453125 0.04375 0.0890625
3 0.48671875 0.3875 0.0359375 0.0734375