4 0.55390625 0.3375 0.0453125 0.1125
7 0.5203125 0.24375 0.0484375 0.11875
9 0.6984375 0.1375 0.034375 0.08125
3 0.3421875 0.57734375 0.0390625 0.0796875
1 0.64375 0.10234375 0.046875 0.1234375
11 0.60390625 0.4359375 0.0453125 0.0984375
3 0.5109375 0.634375 0.0375 0.078125
9 0.5375 0.11484375 0.034375 0.0796875
5 0.42109375 0.39609375 0.04375 0.0953125
9 0.64921875 0.534375 0.0390625 0.078125
5 0.46875 0.59453125 0.04375 0.0953125
3 0.4203125 0.16171875 0.034375 0.078125
3 0.48203125 0.09453125 0.034375 0.078125
11 0.58203125 0.6125 0.04375 0.09375
9 0.6234375 0.19375 0.0359375 0.0828125
6 0.40234375 0.5859375 0.04375 0.0953125
0 0.45625 0.2359375 0.040625 0.0984375
3 0.5484375 0.4234375 0.0359375 0.078125