6 0.6625 0.50390625 0.046875 0.096875
4 0.36171875 0.4390625 0.053125 0.1046875
7 0.4609375 0.47734375 0.0546875 0.1125
10 0.39375 0.73984375 0.0578125 0.1109375
0 0.2859375 0.73203125 0.0578125 0.10625
5 0.28828125 0.50625 0.0515625 0.0921875
9 0.528125 0.5390625 0.0390625 0.071875
6 0.60859375 0.44609375 0.046875 0.0953125
9 0.4390625 0.6140625 0.04375 0.078125
9 0.62578125 0.6484375 0.04375 0.078125
3 0.49375 0.41328125 0.0390625 0.0734375
2 0.4328125 0.40625 0.0484375 0.0921875
9 0.66484375 0.81328125 0.0453125 0.0828125
9 0.3015625 0.8921875 0.05 0.0875
9 0.49453125 0.9484375 0.0484375 0.0890625
3 0.5390625 0.76640625 0.04375 0.078125
8 0.36328125 0.91953125 0.0578125 0.10625
8 0.37890625 0.8171875 0.053125 0.09375
3 0.625 0.96875 0.05 0.0625