6 0.378125 0.22421875 0.0375 0.1
5 0.41875 0.08828125 0.0359375 0.096875
10 0.60859375 0.31875 0.0421875 0.1140625
11 0.4078125 0.40234375 0.0390625 0.096875
9 0.521875 0.7046875 0.034375 0.08125
0 0.44453125 0.2375 0.034375 0.0953125
2 0.53515625 0.4328125 0.0375 0.09375
8 0.63984375 0.86328125 0.0421875 0.0859375
8 0.71015625 0.36953125 0.0390625 0.0890625
5 0.53125 0.4984375 0.0390625 0.0984375
7 0.4375 0.3046875 0.0421875 0.11875
1 0.45234375 0.14296875 0.040625 0.11875
0 0.45546875 0.60703125 0.040625 0.0953125
3 0.321875 0.671875 0.0375 0.0796875
4 0.61484375 0.17890625 0.040625 0.1125
6 0.29609375 0.4796875 0.04375 0.0984375
2 0.37109375 0.82109375 0.0421875 0.0921875
2 0.52734375 0.9921875 0.0234375 0.015625