0 0.28515625 0.2671875 0.0453125 0.1015625
3 0.309375 0.11640625 0.0375 0.08125
7 0.69375 0.37265625 0.0546875 0.121875
9 0.48671875 0.175 0.0359375 0.08125
3 0.47734375 0.51171875 0.0375 0.0796875
8 0.6 0.48671875 0.0453125 0.09375
8 0.55078125 0.24375 0.040625 0.090625
10 0.58125 0.38828125 0.05 0.115625
9 0.5359375 0.42578125 0.034375 0.0671875
9 0.5125 0.33359375 0.0375 0.0828125
4 0.2875 0.36015625 0.053125 0.1125
6 0.63125 0.6734375 0.046875 0.1
0 0.45234375 0.71953125 0.0484375 0.103125
3 0.44609375 0.2640625 0.0375 0.0828125
9 0.6546875 0.484375 0.040625 0.08125
5 0.26328125 0.115625 0.0453125 0.0984375
3 0.571875 0.696875 0.0390625 0.078125
11 0.775 0.6703125 0.053125 0.103125
1 0.2875 0.44296875 0.0609375 0.1234375
2 0.4671875 0.4078125 0.04375 0.0953125
6 0.671875 0.22734375 0.0453125 0.103125
3 0.36796875 0.1859375 0.0359375 0.0796875
3 0.40625 0.428125 0.0390625 0.078125
2 0.303125 0.63203125 0.0515625 0.0953125
9 0.5984375 0.16171875 0.0359375 0.0796875
5 0.49140625 0.590625 0.0453125 0.0953125
9 0.7046875 0.70625 0.0390625 0.0671875
11 0.6359375 0.07265625 0.0453125 0.1
9 0.58671875 0.0953125 0.034375 0.075