11 0.3890625 0.4265625 0.04375 0.096875
5 0.328125 0.1171875 0.040625 0.096875
7 0.39609375 0.32421875 0.0484375 0.1203125
10 0.56484375 0.29921875 0.0484375 0.1140625
0 0.38671875 0.25625 0.0390625 0.09375
6 0.31953125 0.25859375 0.0421875 0.0984375
9 0.56796875 0.69453125 0.0390625 0.08125
2 0.51875 0.4265625 0.0421875 0.09375
1 0.371875 0.16328125 0.046875 0.1203125
5 0.53046875 0.490625 0.04375 0.0984375
8 0.71796875 0.82265625 0.046875 0.0875
8 0.67421875 0.325 0.0421875 0.0890625
9 0.63125 0.41015625 0.0390625 0.08125
9 0.671875 0.59140625 0.0390625 0.0828125
3 0.36484375 0.7078125 0.040625 0.0796875
4 0.5390625 0.159375 0.046875 0.1140625
6 0.296875 0.5265625 0.0484375 0.1
0 0.48046875 0.6140625 0.04375 0.0953125
3 0.42734375 0.621875 0.0390625 0.078125
3 0.265625 0.259375 0.0390625 0.0796875
2 0.44609375 0.8421875 0.046875 0.09375
2 0.63828125 0.975 0.025 0.0203125