3 0.63671875 0.3638888890625 0.63671875 0.3111111109375 0.63359375 0.3013888890625 0.62578125 0.3 0.62265625 0.30555555624999997 0.61875 0.3333333328125 0.6140625 0.34444444375 0.61328125 0.3583333328125 0.61875 0.36944444375 0.628125 0.372222221875 0.63671875 0.3638888890625
3 0.65078125 0.44444444375 0.6515625 0.3916666671875 0.64921875 0.38333333281250004 0.6390625 0.38333333281250004 0.6265625 0.425 0.62578125 0.440277778125 0.63203125 0.4513888890625 0.64453125 0.45277777812500003 0.65078125 0.44444444375
3 0.6578125 0.5291666671875 0.65546875 0.48194444374999995 0.64375 0.4791666671875 0.63046875 0.5208333328125 0.63046875 0.5375 0.63515625 0.547222221875 0.65234375 0.547222221875 0.6578125 0.5291666671875
3 0.65625 0.6319444437499999 0.6578125 0.58194444375 0.65546875 0.5736111109375 0.64453125 0.5736111109375 0.6328125 0.602777778125 0.63046875 0.6263888890625 0.63671875 0.6388888890625 0.6484375 0.6416666671875 0.65625 0.6319444437499999
3 0.5171875 0.7430555562500001 0.5296875 0.7402777781250001 0.53359375 0.734722221875 0.5359375 0.715277778125 0.52890625 0.672222221875 0.51796875 0.66944444375 0.5125 0.6861111109375 0.5125 0.6986111109375 0.5078125 0.7125 0.50859375 0.73194444375 0.5171875 0.7430555562500001
3 0.52578125 0.2916666671875 0.52734375 0.2708333328125 0.521875 0.259722221875 0.5234375 0.2388888890625 0.51875 0.225 0.51015625 0.22916666718749998 0.5078125 0.2416666671875 0.509375 0.25833333281250004 0.50390625 0.2708333328125 0.503125 0.28472222187499996 0.5078125 0.2958333328125 0.5203125 0.29722222187499997 0.52578125 0.2916666671875
3 0.61953125 0.20972222187499998 0.6296875 0.20972222187499998 0.6359375 0.197222221875 0.6359375 0.184722221875 0.63203125 0.175 0.63515625 0.147222221875 0.63046875 0.1375 0.62578125 0.1375 0.62109375 0.1458333328125 0.62109375 0.1708333328125 0.61484375 0.18055555625 0.6125 0.1986111109375 0.61953125 0.20972222187499998
3 0.6390625 0.1166666671875 0.6359375 0.097222221875 0.6375 0.06527777812499999 0.63046875 0.055555556250000006 0.62265625 0.0638888890625 0.61640625 0.1208333328125 0.62265625 0.127777778125 0.634375 0.127777778125 0.6390625 0.1166666671875
3 0.67890625 0.084375 0.00078125 0.00078125
5 0.66875 0.13055555624999998 0.6796875 0.1125 0.6875 0.055555556250000006 0.68515625 0.04305555625 0.67421875 0.0388888890625 0.6671875 0.047222221875 0.66484375 0.05694444375 0.66640625 0.0736111109375 0.65859375 0.115277778125 0.66171875 0.125 0.66875 0.13055555624999998
5 0.71953125 0.7388888890625 0.72578125 0.7180555562500001 0.72421875 0.6972222218749999 0.7296875 0.672222221875 0.72734375 0.6583333328125 0.7171875 0.6513888890625 0.709375 0.6541666671875 0.69375 0.6986111109375 0.6921875 0.7208333328125 0.69921875 0.7375 0.7046875 0.7416666671875001 0.71953125 0.7388888890625
2 0.6875 0.1916666671875 0.69453125 0.127777778125 0.68984375 0.1125 0.68515625 0.10833333281249999 0.671875 0.13333333281249998 0.6625 0.1861111109375 0.67109375 0.2 0.675 0.2 0.6875 0.1916666671875
2 0.721875 0.6375 0.7328125 0.5916666671875 0.72890625 0.5625 0.7234375 0.55694444375 0.70546875 0.5694444437499999 0.70390625 0.584722221875 0.6953125 0.6083333328125 0.6953125 0.625 0.703125 0.640277778125 0.71640625 0.64305555625 0.721875 0.6375
0 0.6859375 0.275 0.6875 0.25833333281250004 0.68359375 0.2388888890625 0.6890625 0.21111111093749999 0.6859375 0.19444444375 0.67265625 0.1986111109375 0.66875 0.240277778125 0.66015625 0.25555555625 0.66015625 0.2708333328125 0.66796875 0.2833333328125 0.678125 0.28472222187499996 0.6859375 0.275
0 0.70859375 0.5263888890625 0.71015625 0.5111111109375 0.70703125 0.4916666671875 0.7109375 0.477777778125 0.71015625 0.4486111109375 0.70078125 0.4458333328125 0.6953125 0.45277777812500003 0.68984375 0.4875 0.67890625 0.5097222218749999 0.68046875 0.5263888890625 0.69140625 0.5388888890625 0.7015625 0.5375 0.70859375 0.5263888890625
4 0.69609375 0.3736111109375 0.7015625 0.352777778125 0.696875 0.32777777812500003 0.703125 0.3166666671875 0.70625 0.29722222187499997 0.70625 0.28611111093749997 0.7015625 0.27777777812500004 0.69140625 0.27638888906250003 0.68515625 0.2833333328125 0.68125 0.32777777812500003 0.675 0.3333333328125 0.66953125 0.34861111093749997 0.66875 0.3611111109375 0.6734375 0.3736111109375 0.684375 0.38055555625 0.69609375 0.3736111109375
1 0.7046875 0.447222221875 0.709375 0.45416666718750004 0.71171875 0.4513888890625 0.71328125 0.43055555625 0.7078125 0.40972222187499996 0.71640625 0.39444444375 0.71953125 0.377777778125 0.71484375 0.35555555625 0.7078125 0.352777778125 0.70078125 0.3583333328125 0.69375 0.38055555625 0.69375 0.40694444374999994 0.68046875 0.425 0.67890625 0.44305555625000004 0.68828125 0.4625 0.69375 0.46388888906250003 0.7046875 0.447222221875
9 0.47421875 0.20416666718749998 0.46953125 0.15555555625 0.46328125 0.140277778125 0.45703125 0.1416666671875 0.4546875 0.15 0.4515625 0.20833333281250002 0.459375 0.215277778125 0.46875 0.2138888890625 0.47421875 0.20416666718749998
9 0.4640625 0.4513888890625 0.4609375 0.3986111109375 0.453125 0.3861111109375 0.4484375 0.3888888890625 0.4453125 0.3986111109375 0.43984375 0.45 0.4484375 0.4611111109375 0.459375 0.459722221875 0.4640625 0.4513888890625
9 0.35625 0.5333333328125 0.35703125 0.5166666671875 0.3484375 0.48472222187499997 0.34140625 0.47222222187499996 0.334375 0.475 0.33125 0.48333333281249996 0.33125 0.5333333328125 0.33828125 0.54444444375 0.35234375 0.54305555625 0.35625 0.5333333328125
9 0.346875 0.6291666671875 0.3484375 0.6111111109375 0.33828125 0.577777778125 0.3328125 0.5694444437499999 0.321875 0.575 0.321875 0.6333333328124999 0.33046875 0.6416666671875 0.3421875 0.6375 0.346875 0.6291666671875
9 0.34453125 0.7388888890625 0.334375 0.690277778125 0.3234375 0.684722221875 0.3171875 0.6958333328124999 0.3171875 0.75 0.32578125 0.7625 0.33828125 0.7597222218749999 0.34453125 0.7388888890625
9 0.359375 0.3458333328125 0.34921875 0.3 0.34140625 0.29444444375 0.33515625 0.30416666718749996 0.3359375 0.35972222187499997 0.34453125 0.36805555624999997 0.35625 0.3638888890625 0.359375 0.3458333328125
9 0.35390625 0.2166666671875 0.36171875 0.20555555625 0.35390625 0.1541666671875 0.3453125 0.1416666671875 0.33828125 0.14861111093749999 0.340625 0.17361111093749998 0.3390625 0.20972222187499998 0.3453125 0.2166666671875 0.35390625 0.2166666671875
9 0.36015625 0.1416666671875 0.3625 0.127777778125 0.35625 0.10833333281249999 0.3546875 0.084722221875 0.34921875 0.0736111109375 0.34375 0.0736111109375 0.33984375 0.08055555625000001 0.34140625 0.115277778125 0.3390625 0.1375 0.35546875 0.147222221875 0.36015625 0.1416666671875
8 0.41796875 0.2958333328125 0.42265625 0.28611111093749997 0.41796875 0.22916666718749998 0.40390625 0.2125 0.39609375 0.22777777812500002 0.39453125 0.2486111109375 0.39765625 0.2888888890625 0.4078125 0.2986111109375 0.41796875 0.2958333328125
8 0.28203125 0.64305555625 0.28671875 0.6319444437499999 0.28671875 0.6152777781250001 0.27890625 0.5916666671875 0.27890625 0.5791666671875 0.2578125 0.5638888890625 0.25078125 0.58055555625 0.25078125 0.6013888890625 0.2578125 0.6375 0.26875 0.6486111109375 0.28203125 0.64305555625
11 0.3 0.1458333328125 0.31015625 0.1416666671875 0.3140625 0.134722221875 0.31484375 0.12222222187500001 0.30390625 0.09305555625 0.30546875 0.0736111109375 0.30234375 0.058333332812500006 0.29765625 0.0513888890625 0.28984375 0.0513888890625 0.28359375 0.058333332812500006 0.284375 0.084722221875 0.29140625 0.1111111109375 0.2890625 0.134722221875 0.3 0.1458333328125
11 0.24296875 0.75 0.25390625 0.7583333328124999 0.26796875 0.7513888890625 0.27265625 0.7416666671875001 0.271875 0.7138888890625 0.2609375 0.6986111109375 0.26171875 0.6861111109375 0.25625 0.6708333328125 0.2515625 0.6638888890625 0.24375 0.6625 0.23359375 0.6736111109375 0.23203125 0.6986111109375 0.24296875 0.7208333328125 0.240625 0.73055555625 0.24296875 0.75
6 0.29921875 0.5388888890625 0.2984375 0.525 0.28359375 0.47222222187499996 0.27734375 0.46527777812500004 0.271875 0.46527777812500004 0.26796875 0.47222222187499996 0.27109375 0.547222221875 0.2796875 0.55694444375 0.29375 0.5541666671875001 0.29921875 0.5388888890625
6 0.30078125 0.290277778125 0.29921875 0.2736111109375 0.29375 0.2611111109375 0.2921875 0.2388888890625 0.2859375 0.215277778125 0.27890625 0.2125 0.271875 0.2208333328125 0.275 0.2513888890625 0.29296875 0.29722222187499997 0.296875 0.3 0.30078125 0.290277778125
10 0.28984375 0.3791666671875 0.29765625 0.377777778125 0.30546875 0.365277778125 0.30625 0.3541666671875 0.303125 0.3375 0.29375 0.3236111109375 0.29453125 0.30416666718749996 0.28984375 0.290277778125 0.28984375 0.2791666671875 0.28125 0.26944444375 0.26875 0.27777777812500004 0.271875 0.3111111109375 0.2796875 0.33194444375 0.27734375 0.3513888890625 0.28984375 0.3791666671875
7 0.27265625 0.4611111109375 0.28203125 0.46666666718750005 0.29296875 0.46388888906250003 0.296875 0.4583333328125 0.3 0.434722221875 0.29609375 0.41805555625 0.2875 0.40833333281249995 0.2875 0.3791666671875 0.284375 0.365277778125 0.27890625 0.35555555625 0.26796875 0.3541666671875 0.26171875 0.36805555624999997 0.26484375 0.397222221875 0.271875 0.41111111093749997 0.26875 0.45277777812500003 0.27265625 0.4611111109375