3 0.696875 0.6484375 0.0453125 0.08125
7 0.36875 0.62734375 0.0625 0.1203125
10 0.3703125 0.33359375 0.0546875 0.115625
0 0.55625 0.60078125 0.0515625 0.0984375
1 0.63984375 0.4640625 0.0609375 0.11875
4 0.34609375 0.19453125 0.053125 0.1125
2 0.47578125 0.23984375 0.0453125 0.0921875
5 0.53203125 0.08359375 0.046875 0.0984375
8 0.42265625 0.53125 0.046875 0.0890625
6 0.63828125 0.2078125 0.053125 0.103125
11 0.57890625 0.390625 0.05 0.0984375
2 0.6671875 0.803125 0.053125 0.096875
8 0.40546875 0.878125 0.0515625 0.0890625
9 0.915625 0.85546875 0.053125 0.0796875
9 0.659375 0.96875 0.0234375 0.021875
2 0.53046875 0.990625 0.0265625 0.01875