1 0.5015625 0.07734375 0.0546875 0.1234375
5 0.496875 0.6 0.05 0.096875
11 0.36953125 0.40234375 0.0515625 0.1015625
9 0.34765625 0.4796875 0.04375 0.08125
7 0.56953125 0.253125 0.0546875 0.1171875
4 0.61015625 0.340625 0.0546875 0.1125
6 0.54296875 0.41796875 0.05 0.1015625
9 0.43671875 0.090625 0.040625 0.084375
11 0.446875 0.31484375 0.0484375 0.0953125
3 0.48046875 0.41015625 0.040625 0.0796875
3 0.384375 0.58203125 0.0421875 0.078125
9 0.48828125 0.17109375 0.0421875 0.084375
3 0.621875 0.6265625 0.0453125 0.0796875
3 0.6546875 0.12421875 0.0375 0.0765625
9 0.5953125 0.125 0.0390625 0.08125
0 0.5375 0.0953125 0.0453125 0.103125
5 0.721875 0.44921875 0.053125 0.096875
3 0.590625 0.18984375 0.0359375 0.0796875