11 0.578125 0.615625 0.046875 0.09375
6 0.4 0.58203125 0.046875 0.0953125
0 0.46484375 0.234375 0.04375 0.1
3 0.4328125 0.15859375 0.0375 0.0796875
4 0.559375 0.33984375 0.05 0.1125
7 0.52890625 0.2453125 0.0515625 0.11875
3 0.33984375 0.571875 0.0421875 0.0796875
9 0.7109375 0.14375 0.0375 0.0828125
1 0.65703125 0.10703125 0.0515625 0.125
3 0.50625 0.634375 0.040625 0.078125
11 0.60703125 0.43984375 0.046875 0.1
5 0.46484375 0.59375 0.046875 0.096875
9 0.55078125 0.115625 0.0359375 0.0796875
9 0.64765625 0.53984375 0.040625 0.0796875
5 0.4234375 0.39296875 0.0453125 0.0953125
9 0.634375 0.1984375 0.0390625 0.0828125
3 0.49609375 0.09453125 0.0359375 0.078125
3 0.5515625 0.42421875 0.0390625 0.0796875