9 0.35546875 0.55078125 0.046875 0.0828125
5 0.71171875 0.6625 0.059375 0.1015625
6 0.45859375 0.5296875 0.053125 0.0984375
9 0.425 0.35859375 0.0453125 0.08125
4 0.525 0.3078125 0.0609375 0.1140625
0 0.35 0.1203125 0.0515625 0.10625
3 0.52890625 0.50546875 0.0453125 0.0796875
3 0.665625 0.5578125 0.0484375 0.08125
0 0.63671875 0.68515625 0.05625 0.1015625
9 0.2578125 0.1640625 0.04375 0.08125
11 0.340625 0.471875 0.05625 0.1
9 0.340625 0.21328125 0.04375 0.08125
11 0.36875 0.35859375 0.053125 0.0984375
6 0.50078125 0.40703125 0.0515625 0.1015625
7 0.4484375 0.24765625 0.059375 0.115625
3 0.434375 0.6265625 0.046875 0.078125
3 0.521875 0.0734375 0.04375 0.08125
9 0.41953125 0.3375 0.025 0.0375
5 0.60859375 0.18984375 0.0546875 0.096875
9 0.51015625 0.71953125 0.0484375 0.084375
3 0.4953125 0.1609375 0.0421875 0.078125
9 0.33359375 0.19296875 0.0234375 0.034375
9 0.24921875 0.14453125 0.025 0.0359375
1 0.4265625 0.1671875 0.059375 0.121875
3 0.4921875 0.14140625 0.0234375 0.0359375
6 0.496875 0.38125 0.0296875 0.046875
3 0.525 0.48671875 0.0265625 0.0375
3 0.66484375 0.5375 0.025 0.0359375
9 0.50234375 0.69921875 0.025 0.0375
3 0.63203125 0.659375 0.03125 0.0484375
9 0.4109375 0.1046875 0.0265625 0.04375
3 0.5203125 0.278125 0.0328125 0.046875
3 0.6078125 0.16328125 0.028125 0.0390625