8 0.32265625 0.846875 0.0359375 0.0828125
10 0.38515625 0.82109375 0.0421875 0.1046875
11 0.25859375 0.84140625 0.0421875 0.09375
6 0.459375 0.83125 0.0359375 0.0921875
3 0.475 0.51640625 0.028125 0.078125
4 0.57578125 0.39375 0.0359375 0.1109375
1 0.41640625 0.23125 0.034375 0.115625
2 0.59296875 0.834375 0.0359375 0.090625
0 0.678125 0.83203125 0.0390625 0.090625
5 0.73984375 0.8234375 0.0421875 0.0921875
7 0.5234375 0.23984375 0.034375 0.1171875
9 0.6375 0.17421875 0.025 0.0796875
0 0.4203125 0.98828125 0.021875 0.0203125
9 0.5484375 0.990625 0.021875 0.01875