9 0.54140625 0.34453125 0.028125 0.078125
0 0.5609375 0.09609375 0.0296875 0.103125
9 0.659375 0.11796875 0.0265625 0.08125
5 0.33046875 0.70625 0.040625 0.096875
7 0.49296875 0.24296875 0.0359375 0.11875
0 0.409375 0.7109375 0.0359375 0.0984375
3 0.471875 0.51171875 0.0296875 0.075
11 0.71171875 0.1078125 0.0359375 0.0984375
3 0.3828125 0.0890625 0.0265625 0.0796875
9 0.590625 0.18515625 0.028125 0.08125
11 0.73359375 0.72265625 0.0453125 0.0984375
9 0.6578125 0.74375 0.03125 0.0640625
6 0.71875 0.26875 0.034375 0.1015625
9 0.65234375 0.51640625 0.03125 0.078125
9 0.496875 0.1125 0.0265625 0.078125
3 0.35078125 0.59375 0.0328125 0.0765625
6 0.478125 0.409375 0.0328125 0.0984375
3 0.5921875 0.6078125 0.0296875 0.075
0 0.3234375 0.22265625 0.0359375 0.09375
3 0.42890625 0.16953125 0.0265625 0.0765625
1 0.3 0.40546875 0.046875 0.121875
0 0.315625 0.32421875 0.040625 0.109375