6 0.54296875 0.46171875 0.05 0.0953125
9 0.47578125 0.5046875 0.04375 0.075
2 0.625 0.35 0.0515625 0.09375
7 0.57109375 0.678125 0.0671875 0.1203125
4 0.675 0.40859375 0.0578125 0.10625
5 0.5296875 0.58203125 0.053125 0.0953125
9 0.43984375 0.67109375 0.0484375 0.0828125
10 0.65625 0.56484375 0.0640625 0.1125
9 0.59609375 0.471875 0.04375 0.0765625
9 0.36640625 0.42421875 0.04375 0.078125
9 0.6875 0.80078125 0.0609375 0.1015625
9 0.34921875 0.296875 0.04375 0.075
9 0.52734375 0.8390625 0.0515625 0.0859375
3 0.3953125 0.353125 0.0421875 0.075
0 0.39609375 0.8171875 0.0609375 0.1078125
3 0.34453125 0.634375 0.046875 0.0796875
3 0.49765625 0.38671875 0.0421875 0.075
8 0.33359375 0.79375 0.059375 0.1046875
8 0.2703125 0.52109375 0.053125 0.090625
3 0.2203125 0.6953125 0.05 0.0828125