1 0.4984375 0.14765625 0.0453125 0.1203125
8 0.7125 0.8265625 0.04375 0.0859375
10 0.56875 0.3 0.0453125 0.1140625
9 0.5640625 0.69609375 0.0359375 0.0796875
5 0.334375 0.11328125 0.0390625 0.0984375
6 0.3234375 0.2546875 0.040625 0.1
8 0.67734375 0.3296875 0.040625 0.0890625
3 0.3625 0.7046875 0.0390625 0.0796875
9 0.63359375 0.4125 0.0375 0.08125
11 0.4578125 0.33671875 0.040625 0.1
9 0.67109375 0.5953125 0.0375 0.08125
7 0.38203125 0.16640625 0.0453125 0.1203125
5 0.4140625 0.50390625 0.0421875 0.096875
11 0.57890625 0.084375 0.040625 0.0953125
4 0.65 0.13984375 0.046875 0.1125
6 0.296875 0.5234375 0.046875 0.1
0 0.54765625 0.47734375 0.040625 0.0984375
3 0.62109375 0.5921875 0.0359375 0.0765625
0 0.50703125 0.25 0.0390625 0.1
3 0.2703125 0.25546875 0.0375 0.0796875
2 0.440625 0.84140625 0.0453125 0.09375
2 0.3359375 0.33984375 0.0421875 0.0984375
2 0.63046875 0.97734375 0.025 0.021875