9 0.653125 0.503125 0.0328125 0.078125
11 0.64375 0.42265625 0.0375 0.096875
7 0.47109375 0.24296875 0.0375 0.1171875
5 0.3484375 0.7203125 0.0421875 0.096875
4 0.4171875 0.325 0.0390625 0.1109375
1 0.29140625 0.42265625 0.0484375 0.121875
6 0.5484375 0.51484375 0.034375 0.0953125
9 0.52734375 0.34140625 0.03125 0.078125
9 0.6265625 0.10546875 0.028125 0.0796875
0 0.42734375 0.71875 0.0375 0.0984375
3 0.47421875 0.51328125 0.03125 0.0765625
0 0.52578125 0.09375 0.03125 0.103125
11 0.58125 0.32421875 0.0359375 0.0953125
9 0.46328125 0.1140625 0.028125 0.0796875
3 0.35859375 0.6046875 0.034375 0.078125
6 0.4703125 0.4125 0.0328125 0.096875
9 0.56328125 0.17890625 0.0296875 0.0796875
3 0.34765625 0.10234375 0.028125 0.0796875
3 0.60078125 0.59921875 0.03125 0.0734375
9 0.55859375 0.7109375 0.0328125 0.08125
3 0.4 0.1765625 0.028125 0.075
5 0.3 0.23828125 0.0390625 0.09375