9 0.73515625 0.76484375 0.0328125 0.078125
4 0.3515625 0.47421875 0.0375 0.1015625
6 0.659375 0.46484375 0.03125 0.0953125
7 0.45703125 0.48828125 0.0359375 0.109375
10 0.45546875 0.759375 0.040625 0.10625
0 0.3484375 0.7765625 0.040625 0.1
9 0.65703125 0.6140625 0.0328125 0.075
5 0.29609375 0.55703125 0.0375 0.0875
9 0.5375 0.53125 0.028125 0.06875
9 0.46875 0.625 0.03125 0.0765625
6 0.59296875 0.421875 0.0328125 0.0921875
3 0.4734375 0.4171875 0.028125 0.071875
9 0.6046875 0.93671875 0.0359375 0.084375
2 0.4125 0.425 0.0328125 0.0890625
9 0.40234375 0.92890625 0.0359375 0.0828125
0 0.5828125 0.59375 0.040625 0.115625
8 0.46953125 0.940625 0.040625 0.1015625
3 0.603125 0.7484375 0.03125 0.0765625
8 0.459375 0.8375 0.0375 0.0890625
3 0.7390625 0.9375 0.0359375 0.084375