9 0.65390625 0.4984375 0.034375 0.0796875
5 0.35625 0.725 0.0453125 0.0984375
6 0.54921875 0.5140625 0.0375 0.0953125
9 0.521875 0.34140625 0.0328125 0.078125
4 0.4109375 0.328125 0.0421875 0.1109375
0 0.51171875 0.0921875 0.034375 0.1046875
3 0.475 0.51484375 0.034375 0.0765625
3 0.3640625 0.6109375 0.0359375 0.078125
0 0.434375 0.7203125 0.040625 0.0984375
9 0.6125 0.1015625 0.03125 0.0796875
11 0.640625 0.41875 0.040625 0.096875
9 0.5515625 0.1765625 0.03125 0.0796875
11 0.575 0.32265625 0.0390625 0.0953125
6 0.4671875 0.4125 0.0359375 0.0984375
7 0.46171875 0.2453125 0.0421875 0.1140625
3 0.6046875 0.596875 0.034375 0.075
3 0.33359375 0.10703125 0.03125 0.0796875
9 0.5203125 0.31953125 0.0203125 0.034375
5 0.2921875 0.2453125 0.040625 0.09375
9 0.565625 0.71015625 0.0359375 0.08125
3 0.38828125 0.1796875 0.03125 0.0765625
9 0.5515625 0.1546875 0.01875 0.0328125
9 0.6140625 0.0796875 0.01875 0.034375
1 0.4546875 0.16171875 0.040625 0.1203125
3 0.38515625 0.16015625 0.01875 0.0328125
6 0.4625 0.3875 0.021875 0.0453125
3 0.471875 0.49609375 0.0203125 0.034375
3 0.35859375 0.59140625 0.0203125 0.034375
9 0.565625 0.68828125 0.0203125 0.0359375
3 0.43046875 0.6953125 0.025 0.046875
9 0.4484375 0.0984375 0.0203125 0.0421875
3 0.4046875 0.2984375 0.0265625 0.0453125
3 0.28359375 0.2203125 0.021875 0.0375