7 0.40234375 0.32109375 0.04375 0.11875
11 0.39140625 0.42265625 0.040625 0.096875
10 0.571875 0.3015625 0.04375 0.1140625
6 0.328125 0.2515625 0.0390625 0.1
9 0.5609375 0.696875 0.0359375 0.08125
2 0.52109375 0.4265625 0.0375 0.09375
8 0.70703125 0.83046875 0.04375 0.0859375
0 0.3953125 0.25234375 0.0359375 0.0953125
5 0.34140625 0.11171875 0.0375 0.096875
5 0.53046875 0.4921875 0.040625 0.0984375
8 0.68046875 0.33125 0.040625 0.0890625
1 0.38515625 0.15859375 0.0421875 0.11875
9 0.66875 0.5984375 0.0359375 0.08125
3 0.35859375 0.70234375 0.0390625 0.0796875
4 0.55078125 0.1609375 0.0421875 0.1125
9 0.63359375 0.41328125 0.0375 0.08125
0 0.4765625 0.61328125 0.0421875 0.09375
6 0.29609375 0.51953125 0.0453125 0.0984375
3 0.42265625 0.61953125 0.0359375 0.078125
3 0.27421875 0.25078125 0.0359375 0.0796875
2 0.434375 0.83984375 0.04375 0.0921875
2 0.621875 0.9796875 0.025 0.0203125