0 0.3703125 0.26875 0.046875 0.1
4 0.515625 0.159375 0.053125 0.1140625
1 0.46328125 0.1640625 0.0546875 0.1203125
5 0.30234375 0.13046875 0.046875 0.1
2 0.4171875 0.253125 0.046875 0.09375
6 0.46796875 0.4140625 0.0484375 0.1015625
11 0.38359375 0.4328125 0.0484375 0.1
0 0.4890625 0.61484375 0.0515625 0.0984375
3 0.3796875 0.71484375 0.0453125 0.08125
6 0.2546875 0.28984375 0.053125 0.1046875
8 0.58359375 0.4953125 0.046875 0.0890625
7 0.5671875 0.37734375 0.0578125 0.1203125
9 0.2640625 0.97734375 0.053125 0.0453125
2 0.4703125 0.8453125 0.0515625 0.0953125
8 0.740625 0.8078125 0.0515625 0.0890625
10 0.55 0.29296875 0.0546875 0.115625
2 0.67109375 0.9640625 0.0265625 0.0234375
9 0.5453125 0.990625 0.025 0.01875