3 0.3359375 0.7953125 0.0484375 0.084375
6 0.52109375 0.446875 0.0484375 0.09375
9 0.48046875 0.5140625 0.0421875 0.0765625
7 0.64375 0.6265625 0.0625 0.1203125
4 0.61875 0.33984375 0.053125 0.10625
10 0.67109375 0.48828125 0.059375 0.1109375
9 0.57578125 0.43125 0.0421875 0.0765625
3 0.44921875 0.40078125 0.0390625 0.0734375
9 0.80234375 0.68671875 0.059375 0.1
3 0.484375 0.31640625 0.0390625 0.0734375
9 0.52265625 0.67890625 0.0453125 0.0828125
2 0.54765625 0.31015625 0.0484375 0.09375
9 0.35 0.49453125 0.040625 0.0765625
9 0.67578125 0.7921875 0.05 0.0859375
0 0.56328125 0.5625 0.05 0.09375
3 0.3875 0.359375 0.040625 0.075
0 0.54921875 0.83203125 0.05625 0.10625
9 0.275 0.38515625 0.0421875 0.075
8 0.4515625 0.66875 0.0515625 0.0921875
8 0.48125 0.8375 0.05625 0.1046875
3 0.38125 0.6625 0.0453125 0.0796875
3 0.353125 0.41171875 0.040625 0.0734375
3 0.40859375 0.8796875 0.0484375 0.0859375