5 0.43606169375 0.6014338312499999 0.4360698453125 0.614318534375 0.4404541796875 0.6225687093750001 0.45182483281249997 0.62540373125 0.464617384375 0.6128477890624999 0.4735952671875 0.560692728125 0.47105487031250004 0.53858821875 0.460106259375 0.5372898312500001 0.45286997656250005 0.5469368859375 0.44724397031249996 0.5727309125 0.43606169375 0.6014338312499999
5 0.42535672968749993 0.0533984046875 0.4138384515625 0.08344895625 0.4173008171875 0.09862629843750001 0.4297655171875 0.10030268906249999 0.439947934375 0.0885273734375 0.4385794734375 0.05526379687500001 0.447237653125 0.030225775 0.44250916562500003 0.0104385296875 0.43088854843749996 0.0118354078125 0.42659840156250006 0.0193542015625 0.42231640625000005 0.039757696875 0.42535672968749993 0.0533984046875
3 0.49682565156249997 0.14135659218750002 0.4960757578125 0.1540522921875 0.48715946250000003 0.17043751093749998 0.484979521875 0.1856394765625 0.48936385624999995 0.1938896546875 0.497702334375 0.1959686703125 0.5065407421875 0.1895838859375 0.510236771875 0.1747599234375 0.5074464109375 0.156887315625 0.51165051875 0.14648425468749998 0.5129863796875 0.12820901875 0.5034678171875 0.1244043671875 0.49682565156249997 0.14135659218750002
3 0.42508501406250004 0.4226338765625 0.42946935 0.4308840515625 0.4404179609375 0.432182440625 0.45026437656249996 0.42175475625000003 0.45253035781250006 0.4094370578125 0.4539359546875 0.3682766859375 0.45073170312500005 0.361752146875 0.44433135312500005 0.36158776718749996 0.42751492031250005 0.403200009375 0.42508501406250004 0.4226338765625
3 0.5369032359375 0.2615674578125 0.5289089109375 0.2710255109375 0.5257209609375 0.290270375 0.5301052953125 0.2985205515625 0.5447580875 0.2978796796875 0.55198621875 0.275347921875 0.5493679359375 0.26324384843750004 0.5560879875 0.23629119062499998 0.5483354765625 0.22863263906250003 0.5404271890625 0.24097496093749998 0.5369032359375 0.2615674578125
3 0.4585041328125 0.5340275609375 0.4718129140625 0.5387772203125001 0.4792212734375 0.5348987000000001 0.48544139687500004 0.5164098421875 0.4845891640625 0.500451871875 0.487863153125 0.4840912734375 0.48515883125 0.46910293281250004 0.481704615625 0.4668102921875 0.47362425156250004 0.47338407812499994 0.45832390624999997 0.5153743234375 0.4585041328125 0.5340275609375
3 0.4722711734375 0.730700125 0.47674154687500003 0.74183456875 0.48735415625 0.744480590625 0.497958615625 0.7342419078125 0.5019906468750001 0.7180703125 0.506092415625 0.6790135796875 0.502888165625 0.6724890390625 0.4957297703125 0.6721356593750001 0.47436507812500006 0.7126138921875 0.4722711734375 0.730700125
3 0.45780497656249997 0.0944110421875 0.46042326093749997 0.106515115625 0.4717939140625 0.1093501375 0.479116234375 0.10258735000000001 0.4824762609375 0.089111021875 0.4797719390625 0.0741226796875 0.487250034375 0.047359021875000004 0.48471778906249996 0.038139215625 0.47865344062500004 0.036627203125 0.4724251671875 0.042231359375 0.466635234375 0.0751415546875 0.45780497656249997 0.0944110421875
2 0.50257753125 0.44768056093749997 0.51208794375 0.43860051093749997 0.5218238703125 0.386634453125 0.5127970859375 0.36148129687499997 0.4995824921875 0.3725006078125 0.48547038281250005 0.4291011921875 0.4901128328125 0.44600417031250006 0.50257753125 0.44768056093749997
2 0.25520084062500004 0.5162607359375 0.24915279375 0.5405181296875 0.2515129625 0.5439694015625001 0.248747053125 0.5647509000000001 0.25541366875 0.586452784375 0.2686364125 0.5883181765625001 0.2762947359375 0.5802077546875 0.2823509328125 0.5688350640625 0.28528891875 0.5538221015625 0.282670634375 0.541718028125 0.284256459375 0.5192108921874999 0.274057740625 0.505216803125 0.264625215625 0.50429641875 0.25520084062500004 0.5162607359375
0 0.38913003281249997 0.1631729234375 0.3832622125 0.2060835546875 0.3772060140625 0.21745624531250002 0.3736820625 0.2380487421875 0.3777303953125 0.2476465515625 0.391289140625 0.24816431093750002 0.400041509375 0.238895259375 0.40365149999999994 0.22118702968749998 0.3995171296875 0.20870495312499998 0.40462690625000003 0.1656053203125 0.39982052968750004 0.155818509375 0.394936265625 0.15603213437500002 0.38913003281249997 0.1631729234375
0 0.3492263078125 0.7171984874999999 0.3544547234375 0.7285219328125 0.36245720000000003 0.7319485828125 0.370623603125 0.7282590640625 0.38038397968750004 0.7149471140625 0.3864936140625 0.65491988125 0.38260920781249996 0.638205903125 0.37730290312500003 0.6368828921875 0.36821453125 0.6474995781249999 0.3502261640625 0.7002708875 0.3492263078125 0.7171984874999999
1 0.3351567828125 0.30860215 0.3272403453125 0.3080597671875 0.3174799671875 0.3213717171875 0.315558140625 0.34522648437500003 0.3198645875 0.36347709687499996 0.30951824375000003 0.3823685796875 0.30641633125 0.4044977125 0.3135828765625 0.4177357953125 0.3252895328125 0.419223184375 0.337324040625 0.4064782390625 0.34312212343750004 0.386452746875 0.34083984218749996 0.3730010390625 0.335025459375 0.3672571265625 0.3401433859375 0.3370421984375 0.339963159375 0.318388959375 0.3351567828125 0.30860215
4 0.3491828546875 0.2491172984375 0.3482853375 0.29469857187500004 0.34037704999999996 0.30704089218749997 0.3403073125 0.3299260296875 0.343175559375 0.33779820312500003 0.3593444390625 0.337535334375 0.3677608046875 0.32961391562500003 0.3724648421875 0.310747053125 0.3681583953125 0.2924964421875 0.3723380515625 0.2434392734375 0.3668596703125 0.2363477296875 0.355239053125 0.2377446078125 0.3491828546875 0.2491172984375
9 0.6002963265625 0.23013667187500003 0.61015089375 0.23259369218749998 0.6178952546875001 0.2273675375 0.6225992921875 0.208500678125 0.6214970953125001 0.19677460625 0.6286391890624999 0.17135858125 0.6280450703125 0.1640534125 0.6218946843750001 0.1596571328125 0.6146584015625 0.1693041875 0.5975920046875001 0.21514833125 0.6002963265625 0.23013667187500003
9 0.6713921093749999 0.393866440625 0.6740103937499999 0.40597051406249995 0.6827709140625 0.40958616406250004 0.6920313625000001 0.4047380140625 0.6963215093749999 0.39721922187500003 0.6974074046875 0.3831758875 0.7066515515625 0.35255833124999997 0.7051273140625 0.3392956265625 0.6990629671875 0.3377836140625 0.6946867812499999 0.342418140625 0.673744128125 0.3844330078125 0.6713921093749999 0.393866440625
9 0.705578340625 0.2535236109375 0.7095406343749999 0.260237153125 0.7193952 0.2626941734375 0.72638151875 0.2572790171875 0.7415016375000001 0.196635534375 0.7341711656250001 0.19051362031250002 0.7271848484375 0.195928775 0.7220587703125 0.2132590015625 0.706750275 0.24236454375 0.705578340625 0.2535236109375
9 0.7252467203124999 0.1940141359375 0.74242360625 0.18970836875 0.7565357171875 0.13310778437499998 0.7559416 0.125802615625 0.7494552109375 0.12275396875 0.7400308359375 0.13471828749999998 0.7225423984375 0.1790257953125 0.7252467203124999 0.1940141359375
9 0.5459580890625 0.46422218125 0.5537966390625 0.474764996875 0.5628071234375 0.4741487484375 0.570465446875 0.46603832812499996 0.5737394359375 0.44967772968749997 0.5770831609375 0.41043199531249996 0.574636953125 0.40409645781250003 0.567478559375 0.4037430765625 0.559570271875 0.4160853984375 0.5459580890625 0.46422218125
9 0.63319015 0.57615026875 0.6435527953125 0.5830281890625 0.655673340625 0.5731675109375 0.668441440625 0.521957459375 0.6632130234375 0.5106340125 0.655046621875 0.51432353125 0.6343539328125 0.5521065000000001 0.631415946875 0.5671194625 0.63319015 0.57615026875
9 0.619860534375 0.6715939609375 0.630223178125 0.6784718828125 0.642343725 0.6686112046875 0.654689784375 0.6158645171875 0.6461792281250001 0.608016965625 0.636668815625 0.6170970171875 0.6209382796875 0.644665925 0.617664290625 0.661026521875 0.619860534375 0.6715939609375
9 0.5914642359375 0.7790265953125 0.5933244765625 0.7909416671875 0.6055392109375 0.7968499578125 0.6165657109375 0.7881479109375 0.629583775 0.7327059578124999 0.6289896578125 0.7254007890625 0.623597315625 0.7211935109375001 0.614336865625 0.7260416625 0.59406621875 0.7653612640625 0.5914642359375 0.7790265953125
11 0.66783825625 0.7665778046875 0.6624622140625 0.7881399328125 0.66474449375 0.8015916390625 0.6770452671875 0.8103841968750001 0.691775946875 0.7997428890625 0.6952999 0.7791503921875 0.700598053125 0.7675887 0.7108665109375 0.7586976515625 0.7164925171875 0.7329036234374999 0.708567928125 0.7194765390625 0.6966113078125 0.7222210515625 0.6854208828125 0.738039265625 0.6816388156250001 0.7499789609375 0.66783825625 0.7665778046875
11 0.76911905625 0.1892072515625 0.7732534281250001 0.20168932968750003 0.7846240812499999 0.2045243515625 0.79337645 0.1952553 0.7988303796875 0.1636927375 0.8100208062500001 0.147874521875 0.8164048562499999 0.1222694953125 0.8056201703125 0.11385494062499998 0.7954377515625 0.12563025781249998 0.7883816968749999 0.1539305484375 0.7731510875 0.17303565781250002 0.76911905625 0.1892072515625
10 0.7239470781249999 0.40267564218749996 0.7221031390625 0.4165299734375 0.7278396359375 0.43227432187500003 0.7353340328125 0.43128006875 0.7516586875 0.4110163296875 0.753838628125 0.3958143640625 0.774445278125 0.3551471296875 0.7781413078125 0.340323165625 0.7687866703124999 0.3294023453125 0.7573381296874999 0.336567759375 0.7470778234375001 0.3583435109375 0.7462418921875 0.36815494375 0.7239470781249999 0.40267564218749996
8 0.6789100421875001 0.6963365125000001 0.6891866484375 0.700330165625 0.7017292359375 0.692006121875 0.7172876953125 0.658668678125 0.7219917328125 0.639801815625 0.721561540625 0.6253804796875 0.7157471578125 0.6196365671875 0.6957101734375 0.6289548640625 0.6814957234375 0.656901775 0.6753616375 0.6782749031249999 0.6789100421875001 0.6963365125000001
8 0.628228915625 0.321554109375 0.6374114750000001 0.3267063953125 0.6503761031249999 0.3199189859375 0.66348835625 0.2802460015625 0.6666763062500001 0.2610011390625 0.6659101125 0.24792743437500003 0.6609398109375 0.245256790625 0.64477908125 0.2584043625 0.6273766828125 0.3055961390625 0.628228915625 0.321554109375
6 0.685495153125 0.5891913718749999 0.687019390625 0.6024540765624999 0.6966239921875 0.6091429953125 0.712112715625 0.5986906890625 0.7315229796875 0.5305284140625 0.729748778125 0.521497609375 0.7236844296875 0.519985596875 0.7166981125 0.5254007515625 0.690199190625 0.570324509375 0.685495153125 0.5891913718749999
6 0.7451396953125 0.35642887343749996 0.7624723578125 0.332122234375 0.7709747625000001 0.3270850828125 0.7841812046875 0.3031810703125 0.7888852421875 0.2843142078125 0.784078865625 0.27452739843749996 0.77658446875 0.27552165 0.747733528125 0.3298788390625 0.7434515328125 0.350282334375 0.7451396953125 0.35642887343749996
7 0.7297940640625 0.4599583640625 0.710523275 0.4823503640625 0.7069132828125 0.5000585937500001 0.7096176062499999 0.5150469359375001 0.7195582093749999 0.5203882234375 0.729662740625 0.518613340625 0.736899021875 0.5089662859375 0.7405008625 0.478373353125 0.7544653484375 0.4546583421875 0.7631235281250001 0.429620321875 0.7596611625 0.41444297812500003 0.7520807281249999 0.4125529640625 0.7443363656249999 0.417779115625 0.7354200703125 0.43416433593750003 0.7297940640625 0.4599583640625