8 0.3921875 0.87421875 0.0484375 0.0875
10 0.4484375 0.8375 0.0578125 0.109375
11 0.328125 0.88125 0.05625 0.1
6 0.52265625 0.8328125 0.0484375 0.096875
3 0.478125 0.52109375 0.040625 0.08125
4 0.5546875 0.38125 0.053125 0.115625
1 0.36640625 0.25234375 0.0515625 0.11875
2 0.6546875 0.8109375 0.0484375 0.0953125
0 0.73828125 0.7921875 0.053125 0.0953125
5 0.796875 0.771875 0.05625 0.0984375
7 0.4734375 0.240625 0.0515625 0.1203125
9 0.5734375 0.15390625 0.0375 0.08125
0 0.51484375 0.99140625 0.0234375 0.0171875
9 0.6421875 0.9734375 0.025 0.021875