6 0.53125 0.4515625 0.03125 0.090625
9 0.47734375 0.5109375 0.028125 0.071875
2 0.58203125 0.32265625 0.03125 0.0890625
7 0.6140625 0.653125 0.0421875 0.115625
4 0.6453125 0.36640625 0.0359375 0.1015625
5 0.55 0.571875 0.034375 0.090625
9 0.4859375 0.68046875 0.03125 0.078125
10 0.66796875 0.521875 0.040625 0.10625
9 0.5859375 0.44765625 0.028125 0.071875
9 0.3515625 0.4609375 0.028125 0.0734375
9 0.75859375 0.74140625 0.040625 0.0953125
9 0.3015625 0.3421875 0.0296875 0.0703125
9 0.6140625 0.82109375 0.034375 0.08125
3 0.36015625 0.38515625 0.028125 0.0703125
0 0.48125 0.8328125 0.0390625 0.103125
3 0.38515625 0.6703125 0.03125 0.075
3 0.46875 0.39140625 0.0265625 0.0703125
8 0.41484375 0.8265625 0.0390625 0.1
8 0.28359375 0.5796875 0.034375 0.0859375
3 0.28046875 0.7609375 0.0328125 0.078125