6 0.528125 0.45 0.0375 0.0921875
9 0.478125 0.51171875 0.0328125 0.0734375
2 0.56953125 0.3171875 0.0375 0.090625
7 0.625 0.6453125 0.05 0.1171875
4 0.6359375 0.35625 0.0421875 0.1046875
5 0.5546875 0.56796875 0.0390625 0.0921875
9 0.4984375 0.68125 0.0375 0.0796875
10 0.66875 0.51015625 0.0484375 0.1078125
9 0.58203125 0.4421875 0.0328125 0.0734375
9 0.34921875 0.471875 0.034375 0.075
9 0.775 0.72265625 0.046875 0.0984375
9 0.29140625 0.35703125 0.034375 0.071875
9 0.6359375 0.81171875 0.0390625 0.0828125
3 0.353125 0.3953125 0.0328125 0.071875
0 0.5046875 0.83359375 0.0453125 0.1046875
3 0.396875 0.67734375 0.0359375 0.0765625
3 0.4609375 0.39375 0.03125 0.071875
8 0.43828125 0.83203125 0.0453125 0.1015625
8 0.28984375 0.59453125 0.040625 0.0890625
3 0.29921875 0.77578125 0.0390625 0.0796875