3 0.3109375 0.7796875 0.0421875 0.0828125
6 0.52578125 0.4484375 0.040625 0.0921875
9 0.4796875 0.51171875 0.0359375 0.075
7 0.63203125 0.6390625 0.053125 0.11875
4 0.63203125 0.35078125 0.0453125 0.1046875
10 0.67109375 0.503125 0.0515625 0.109375
9 0.58125 0.43828125 0.0359375 0.075
3 0.4578125 0.396875 0.034375 0.071875
9 0.78515625 0.7125 0.0515625 0.0984375
3 0.5 0.315625 0.0328125 0.0734375
9 0.50703125 0.68046875 0.0390625 0.08125
2 0.5640625 0.31484375 0.040625 0.0921875
9 0.3515625 0.48125 0.034375 0.075
9 0.64921875 0.80703125 0.04375 0.084375
0 0.5578125 0.56796875 0.04375 0.0921875
3 0.40078125 0.35 0.034375 0.075
0 0.51953125 0.83515625 0.0484375 0.1046875
9 0.2859375 0.365625 0.0359375 0.0734375
8 0.4375 0.66328125 0.04375 0.090625
8 0.45234375 0.83515625 0.0484375 0.1015625
3 0.3671875 0.6515625 0.0390625 0.078125
3 0.36171875 0.39921875 0.034375 0.071875
3 0.3765625 0.8703125 0.0421875 0.084375