7 0.39921875 0.32265625 0.0453125 0.11875
11 0.38984375 0.42421875 0.0421875 0.096875
10 0.56875 0.3 0.0453125 0.1140625
6 0.3234375 0.2546875 0.040625 0.1
9 0.5640625 0.69609375 0.0375 0.08125
2 0.5203125 0.42578125 0.0390625 0.09375
8 0.7125 0.8265625 0.0453125 0.0859375
0 0.39140625 0.2546875 0.0375 0.0953125
5 0.334375 0.1140625 0.0390625 0.096875
5 0.53046875 0.49140625 0.0421875 0.0984375
8 0.67734375 0.328125 0.0421875 0.090625
1 0.37890625 0.1609375 0.04375 0.11875
9 0.67109375 0.5953125 0.0375 0.08125
3 0.3625 0.7046875 0.0390625 0.08125
4 0.54453125 0.16015625 0.04375 0.1125
9 0.63203125 0.41171875 0.0375 0.08125
0 0.47890625 0.61328125 0.0421875 0.0953125
6 0.296875 0.5234375 0.046875 0.0984375
3 0.425 0.62109375 0.0375 0.078125
3 0.2703125 0.25546875 0.0375 0.0796875
2 0.440625 0.84140625 0.0453125 0.0921875
2 0.63046875 0.97734375 0.025 0.021875