11 0.4 0.41171875 0.03125 0.09375
5 0.3828125 0.096875 0.028125 0.09375
7 0.421875 0.31171875 0.03125 0.1171875
10 0.5921875 0.31015625 0.0328125 0.109375
0 0.421875 0.24296875 0.0265625 0.090625
6 0.3546875 0.2359375 0.028125 0.096875
9 0.53984375 0.70234375 0.028125 0.078125
2 0.52890625 0.4296875 0.0296875 0.090625
1 0.4203125 0.1484375 0.03125 0.115625
5 0.53125 0.4953125 0.03125 0.09375
8 0.67109375 0.85 0.034375 0.084375
8 0.696875 0.35078125 0.03125 0.0859375
9 0.6421875 0.42890625 0.028125 0.078125
9 0.6578125 0.61484375 0.028125 0.078125
3 0.3375 0.68671875 0.03125 0.0765625
4 0.5859375 0.16796875 0.03125 0.1109375
6 0.2953125 0.4984375 0.034375 0.096875
0 0.46484375 0.61015625 0.03125 0.090625
3 0.4109375 0.6109375 0.028125 0.075
3 0.3015625 0.22890625 0.028125 0.0765625
2 0.39921875 0.83125 0.034375 0.0890625
2 0.57109375 0.98984375 0.0234375 0.01875