1 0.52890625 0.1484375 0.0359375 0.11875
8 0.68359375 0.84375 0.0375 0.084375
10 0.58515625 0.30703125 0.0359375 0.1109375
9 0.546875 0.70078125 0.0296875 0.078125
5 0.36875 0.10078125 0.03125 0.096875
6 0.3453125 0.240625 0.0328125 0.0984375
8 0.69140625 0.3453125 0.0328125 0.0875
3 0.34453125 0.6921875 0.0328125 0.078125
9 0.640625 0.425 0.03125 0.0796875
11 0.47265625 0.33359375 0.0328125 0.0984375
9 0.66171875 0.61015625 0.03125 0.0796875
7 0.41171875 0.1578125 0.0359375 0.11875
5 0.4140625 0.496875 0.034375 0.0953125
11 0.61484375 0.09296875 0.0328125 0.09375
4 0.68125 0.1546875 0.0375 0.109375
6 0.2953125 0.50546875 0.0390625 0.0984375
0 0.54921875 0.48203125 0.0328125 0.096875
3 0.6125 0.60234375 0.0296875 0.075
0 0.52890625 0.2515625 0.03125 0.0984375
3 0.2921875 0.2359375 0.03125 0.078125
2 0.4109375 0.834375 0.0375 0.090625
2 0.35078125 0.3265625 0.034375 0.096875
2 0.58828125 0.98671875 0.0234375 0.0203125