9 0.38125 0.20390625 0.0375 0.0640625
9 0.35234375 0.5484375 0.046875 0.0828125
9 0.43671875 0.4453125 0.040625 0.0703125
9 0.42109375 0.353125 0.0453125 0.0828125
11 0.203125 0.165625 0.0546875 0.1
11 0.31796875 0.76796875 0.0609375 0.103125
7 0.271875 0.46328125 0.065625 0.121875
6 0.23203125 0.32109375 0.05625 0.1046875
10 0.38046875 0.4328125 0.0609375 0.115625
0 0.6328125 0.68125 0.0578125 0.1046875
5 0.546875 0.58125 0.053125 0.0953125
2 0.7328125 0.53984375 0.059375 0.096875
3 0.525 0.50078125 0.046875 0.08125
3 0.45390625 0.26328125 0.0453125 0.0828125
3 0.51484375 0.7078125 0.046875 0.08125
1 0.6703125 0.36171875 0.071875 0.125
4 0.6375 0.28515625 0.0640625 0.1140625
0 0.6015625 0.19921875 0.0546875 0.103125
5 0.559375 0.053125 0.0546875 0.1
3 0.51796875 0.071875 0.0453125 0.0828125
6 0.45 0.7125 0.0546875 0.1015625
8 0.403125 0.528125 0.053125 0.0953125
8 0.34921875 0.28671875 0.05 0.090625
2 0.49296875 0.40234375 0.053125 0.096875
3 0.49296875 0.159375 0.04375 0.0796875
3 0.55625 0.39609375 0.0453125 0.0796875
9 0.271875 0.23125 0.0421875 0.0796875
9 0.3984375 0.77265625 0.0453125 0.06875
9 0.25390625 0.16171875 0.0421875 0.0796875