0 0.37734375 0.2078125 0.0484375 0.103125
3 0.45234375 0.07421875 0.0390625 0.08125
7 0.725 0.446875 0.059375 0.121875
9 0.5984375 0.18984375 0.0375 0.08125
3 0.475 0.503125 0.040625 0.0796875
8 0.5984375 0.521875 0.0484375 0.0953125
8 0.6359375 0.2765625 0.04375 0.090625
10 0.61484375 0.42265625 0.053125 0.1171875
9 0.55859375 0.4421875 0.0359375 0.06875
9 0.56875 0.34765625 0.040625 0.084375
4 0.34765625 0.29609375 0.0578125 0.1125
6 0.5640625 0.7078125 0.05 0.1015625
0 0.38046875 0.68984375 0.0515625 0.103125
3 0.5296875 0.26015625 0.0390625 0.0828125
9 0.65078125 0.53828125 0.04375 0.08125
5 0.409375 0.0578125 0.0484375 0.1
3 0.5 0.709375 0.0421875 0.0796875
11 0.70078125 0.75390625 0.05625 0.103125
1 0.3203125 0.3734375 0.0640625 0.125
2 0.50078125 0.40234375 0.046875 0.096875
6 0.7546875 0.303125 0.0484375 0.1046875
3 0.48359375 0.16015625 0.0390625 0.0796875
3 0.43671875 0.4 0.040625 0.078125
2 0.2703125 0.55703125 0.0546875 0.096875
9 0.7078125 0.215625 0.0375 0.0796875
5 0.4609375 0.58203125 0.0484375 0.096875
9 0.62109375 0.7640625 0.040625 0.0671875
11 0.7734375 0.14453125 0.0484375 0.1015625
9 0.7203125 0.15 0.0359375 0.075