9 0.4765625 0.50703125 0.034375 0.0734375
5 0.53828125 0.5796875 0.04375 0.0921875
7 0.5921875 0.66796875 0.053125 0.11875
9 0.35859375 0.440625 0.0359375 0.0765625
2 0.60625 0.334375 0.040625 0.0921875
3 0.378125 0.36640625 0.034375 0.0734375
10 0.66328125 0.5453125 0.0515625 0.109375
9 0.56875 0.83359375 0.0421875 0.084375
6 0.5375 0.45703125 0.040625 0.09375
3 0.3625 0.653125 0.0390625 0.0765625
8 0.36953125 0.8109375 0.0484375 0.103125
3 0.484375 0.38828125 0.034375 0.0734375
8 0.27421875 0.54765625 0.0421875 0.0875