4 0.4265625 0.34453125 0.0578125 0.1140625
7 0.4484375 0.2484375 0.0609375 0.11875
9 0.25859375 0.1640625 0.04375 0.0828125
3 0.665625 0.5578125 0.046875 0.08125
1 0.309375 0.12265625 0.0609375 0.125
11 0.3890625 0.4484375 0.0546875 0.1
3 0.50546875 0.634375 0.0453125 0.0796875
9 0.415625 0.121875 0.0421875 0.08125
5 0.565625 0.38671875 0.053125 0.096875
9 0.35625 0.55234375 0.046875 0.0796875
5 0.54296875 0.58984375 0.0546875 0.096875
3 0.5375 0.15390625 0.04375 0.0796875
3 0.46875 0.0953125 0.0421875 0.078125
11 0.43203125 0.621875 0.0546875 0.0953125
9 0.33984375 0.2109375 0.0453125 0.0828125
6 0.6078125 0.57265625 0.0546875 0.096875
0 0.51171875 0.23203125 0.0515625 0.1
3 0.4421875 0.4296875 0.04375 0.0796875