0 0.7109375 0.2640625 0.04375 0.1015625
3 0.68359375 0.11328125 0.0359375 0.08125
7 0.3046875 0.3765625 0.053125 0.121875
9 0.5078125 0.17421875 0.034375 0.08125
3 0.52265625 0.5109375 0.0375 0.0796875
8 0.4 0.48828125 0.04375 0.09375
8 0.44453125 0.24453125 0.040625 0.0890625
10 0.4171875 0.38984375 0.0484375 0.115625
9 0.46328125 0.42578125 0.0328125 0.0671875
9 0.484375 0.33359375 0.0359375 0.0828125
4 0.71015625 0.35703125 0.0515625 0.1125
6 0.371875 0.67578125 0.0453125 0.1
0 0.5515625 0.71875 0.046875 0.103125
3 0.55 0.26328125 0.0359375 0.0828125
9 0.34453125 0.48671875 0.0390625 0.08125
5 0.7296875 0.11171875 0.04375 0.0984375
3 0.43203125 0.69765625 0.0390625 0.078125
11 0.22734375 0.675 0.0515625 0.1015625
1 0.71171875 0.4390625 0.0578125 0.1234375
2 0.53125 0.40703125 0.0421875 0.0953125
6 0.3234375 0.23046875 0.04375 0.103125
3 0.6265625 0.184375 0.0359375 0.0796875
3 0.5921875 0.4265625 0.0375 0.0765625
2 0.69921875 0.62890625 0.05 0.0953125
9 0.39609375 0.16328125 0.034375 0.0796875
5 0.51015625 0.590625 0.04375 0.0953125
9 0.29921875 0.71015625 0.0375 0.0671875
11 0.35703125 0.075 0.04375 0.1
9 0.40625 0.096875 0.0328125 0.075