3 0.45234375 0.33203125 0.034375 0.0734375
2 0.5609375 0.3140625 0.0390625 0.0921875
5 0.5109375 0.3921875 0.040625 0.0875
4 0.4953125 0.48125 0.046875 0.10625
9 0.76328125 0.63671875 0.0421875 0.078125
8 0.28671875 0.4171875 0.0390625 0.0828125
7 0.39921875 0.37890625 0.046875 0.1140625
10 0.64375 0.42109375 0.046875 0.1046875
9 0.2875 0.3546875 0.0359375 0.0765625
3 0.559375 0.6 0.0375 0.075
6 0.4875 0.58359375 0.0421875 0.0953125
6 0.65625 0.5109375 0.04375 0.096875
8 0.6453125 0.7046875 0.05 0.096875
9 0.49609375 0.67265625 0.0375 0.0765625
9 0.5265625 0.83671875 0.040625 0.0828125
0 0.3578125 0.4671875 0.034375 0.0734375