9 0.65078125 0.52734375 0.0359375 0.08125
5 0.31640625 0.69375 0.046875 0.0984375
6 0.5453125 0.52265625 0.0390625 0.096875
9 0.55234375 0.3484375 0.034375 0.078125
4 0.4453125 0.3140625 0.0453125 0.1109375
0 0.5890625 0.1015625 0.0359375 0.1046875
3 0.47265625 0.509375 0.034375 0.078125
3 0.3453125 0.5828125 0.0375 0.078125
0 0.39375 0.70390625 0.0421875 0.0984375
9 0.68671875 0.1296875 0.0328125 0.0796875
11 0.653125 0.446875 0.0421875 0.096875
9 0.6125 0.1921875 0.0328125 0.0796875
11 0.60703125 0.33984375 0.040625 0.0953125
6 0.484375 0.4078125 0.0375 0.1
7 0.5109375 0.24296875 0.04375 0.1140625
3 0.584375 0.61484375 0.0359375 0.0765625
3 0.41171875 0.08203125 0.0328125 0.0796875
9 0.5546875 0.3265625 0.0203125 0.0359375
5 0.34453125 0.21015625 0.0421875 0.09375
9 0.52421875 0.71875 0.0375 0.08125
3 0.4515625 0.1640625 0.03125 0.0765625
9 0.61640625 0.1703125 0.01875 0.0328125
9 0.6921875 0.109375 0.0203125 0.034375
1 0.5203125 0.159375 0.0421875 0.121875
3 0.4515625 0.14453125 0.0203125 0.0328125
6 0.48515625 0.38203125 0.0234375 0.0453125
3 0.4734375 0.490625 0.021875 0.0359375
3 0.34296875 0.5625 0.0203125 0.034375
9 0.52890625 0.696875 0.0203125 0.0359375
3 0.39453125 0.678125 0.025 0.046875
9 0.52578125 0.09609375 0.0203125 0.0421875
3 0.4453125 0.28359375 0.0265625 0.0453125
3 0.340625 0.18359375 0.0234375 0.0375