7 0.62109375 0.3359375 0.059375 0.1203125
11 0.61875 0.43828125 0.0515625 0.0984375
10 0.45625 0.29375 0.059375 0.115625
6 0.7046875 0.278125 0.0515625 0.1015625
9 0.4125 0.68671875 0.046875 0.0828125
2 0.4890625 0.42421875 0.05 0.0953125
8 0.24921875 0.7984375 0.0546875 0.0875
0 0.63828125 0.26953125 0.0484375 0.096875
5 0.7109375 0.1375 0.05 0.0984375
5 0.47109375 0.48828125 0.053125 0.1
8 0.3453125 0.3078125 0.0515625 0.0921875
1 0.66171875 0.178125 0.0578125 0.1203125
9 0.31875 0.57421875 0.046875 0.0828125
3 0.61171875 0.7203125 0.0484375 0.0828125
4 0.496875 0.15703125 0.05625 0.1140625
9 0.3796875 0.39609375 0.046875 0.0828125
0 0.5078125 0.615625 0.053125 0.096875
6 0.69921875 0.54765625 0.0578125 0.1015625
3 0.559375 0.62890625 0.046875 0.0796875
3 0.7578125 0.28515625 0.0453125 0.08125
2 0.51796875 0.84609375 0.0546875 0.0953125
2 0.3125 0.9578125 0.0265625 0.0234375