2 0.4856805125 0.4506818359375 0.49297348437500005 0.4405640625 0.487943459375 0.3893682625 0.4717389640625 0.3637924 0.462323521875 0.3781937921875 0.46437820625 0.43232711406249996 0.47071172812500006 0.4486847265625 0.4856805125 0.4506818359375
11 0.6658386296875001 0.11162175 0.6665655171875 0.12549160625 0.6733157734375 0.134873403125 0.6850184640625 0.13426009218749999 0.6908964546874999 0.126998065625 0.6918753015625 0.11582040625000001 0.6878096296875 0.0979531453125 0.6935228453125 0.07261941875 0.6929946250000001 0.04761279375 0.6793681328125001 0.041372953125 0.6736355203125 0.051408951562500006 0.672312625 0.0709494109375 0.675089296875 0.0791486609375 0.6658386296875001 0.11162175
11 0.7394619734375001 0.7252762625 0.7448699375000001 0.7389007921874999 0.759276609375 0.74509974375 0.7696902984375 0.734818421875 0.7710131921875 0.7152779640625 0.7680184546875 0.70291775625 0.7772885203125 0.68574239375 0.775127253125 0.6594305578124999 0.76362323125 0.6489070984375 0.7529914765625 0.655027465625 0.745519234375 0.6915797359375 0.73851701875 0.70724545 0.7394619734375001 0.7252762625
5 0.297119059375 0.0920032671875 0.29581556249999996 0.12684145468750002 0.30434424375 0.140302434375 0.317461915625 0.1368333765625 0.322268971875 0.1240642953125 0.31101690937500004 0.088493321875 0.31219442656249996 0.066178890625 0.3018873203125 0.04863873125 0.294158215625 0.050434590625 0.2898405828125 0.0576148421875 0.29107629375 0.0811935953125 0.297119059375 0.0920032671875
5 0.279495315625 0.6812331406250001 0.2810023828125 0.6950621078125 0.2874812828125 0.71419369375 0.2870839453125 0.7364672359375 0.2924192203125 0.7487047796875 0.3051928453125 0.7535985234375 0.31426424062499997 0.74755993125 0.319633409375 0.7305890046875 0.3179082765625 0.7125990828125001 0.31023246250000003 0.7004842 0.3006134484375 0.6662184390625 0.291813409375 0.66250724375 0.2819618328125 0.668586721875 0.279495315625 0.6812331406250001
1 0.283206925 0.36393738125 0.2778910484375 0.366997565625 0.2733020578125 0.3839276015625 0.2775131078125 0.40456883593750004 0.2878202140625 0.4221089953125 0.2833039140625 0.4404260203125 0.2869528515625 0.4652690953125 0.29687711562499997 0.4605766015625 0.30377275 0.472732371875 0.3085265140625 0.4738740328125 0.3177965796875 0.45669866875 0.3167789359375 0.4372808734375 0.30420398125000003 0.421250359375 0.3004290640625 0.408931040625 0.3003369765625 0.39224632656249997 0.292079653125 0.3690355609375 0.283206925 0.36393738125
4 0.28488836093750003 0.29152792656250004 0.2834200890625 0.3082944125 0.294817528125 0.34663935625 0.2909360296875 0.36214152187500004 0.2984858640625 0.3867801609375 0.31118679843749997 0.39028691718749997 0.32018550625 0.382861340625 0.3242123828125 0.37013314531249997 0.3217070703125 0.3521841109375 0.3073536890625 0.3320744140625 0.3079690921875 0.3139618296875 0.30375804375 0.293320596875 0.296372984375 0.28675365625000004 0.28488836093750003 0.29152792656250004
7 0.6962368437500001 0.42295750625000006 0.6977439109375 0.4367864734375 0.70400474375 0.45175710156250004 0.7159255 0.455304746875 0.725777075 0.4492252671875 0.7285343484375 0.442126790625 0.7234510328125 0.40484173281249997 0.73016249375 0.38362807499999996 0.730976565625 0.35437871875 0.720107346875 0.34104040156250004 0.708913478125 0.3513626109375 0.70592364375 0.398806328125 0.6979958703125 0.41173895937499994 0.6962368437500001 0.42295750625000006
6 0.6879697140625 0.280138890625 0.6924521218749999 0.29103033749999996 0.7123878359375 0.23852613906250003 0.71312921875 0.2078897953125 0.7018432640625 0.20152729374999998 0.6962560296875 0.21433726250000001 0.694172353125 0.2492163359375 0.6871701375 0.2648820515625 0.6879697140625 0.280138890625
9 0.625385690625 0.20553426562500002 0.63886680625 0.209000134375 0.6455249750000001 0.20169721875 0.6465765125 0.191906546875 0.64200201875 0.1643303875 0.6433249125 0.144789928125 0.639622684375 0.13385759531250002 0.6290636187499999 0.141364946875 0.62810416875 0.1678403328125 0.6222455765625 0.19040008749999998 0.625385690625 0.20553426562500002
9 0.6209710703125 0.1362258796875 0.625162721875 0.1415693828125 0.6417451562500001 0.129573975 0.6379847359374999 0.07274845937499999 0.6337203953125 0.06601796875 0.6282591390625 0.06630418125000001 0.62274459375 0.0805011359375 0.6186838234375001 0.1224378 0.6209710703125 0.1362258796875
9 0.5294963234375001 0.21195040937499998 0.533741265625 0.20338317187500002 0.5319434421875 0.18400626250000002 0.5274610359375 0.173114815625 0.5270055046875 0.149495175 0.5178420218750001 0.1388490546875 0.512327475 0.1530460078125 0.5101905078125 0.201835825 0.516233275 0.21264549531250002 0.5294963234375001 0.21195040937499998
9 0.648350246875 0.3600997765625 0.6564960859375 0.35132810000000003 0.6574022453125 0.33876345625000004 0.6531185078124999 0.3167352390625 0.6544414015625 0.29719477968749997 0.6459854093749999 0.2851207859375 0.64010741875 0.2923828125 0.6316563281249999 0.3401127421875 0.637282359375 0.3578982296875 0.648350246875 0.3600997765625
9 0.6496345578125 0.5338818328125 0.660775134375 0.5374703640625 0.6689209734375 0.528698690625 0.670825378125 0.520254115625 0.6677918453125 0.47729845312499997 0.6616037015625 0.463714809375 0.651824815625 0.471181275 0.643790459375 0.5119353890625 0.645297528125 0.5257643562500001 0.6496345578125 0.5338818328125
9 0.6647924171875 0.6290522921874999 0.677493353125 0.63255905 0.6847863249999999 0.6224412765625 0.6818060828125 0.5655748734375 0.6713729953125 0.5605584671875 0.6656403828124999 0.5705944671875 0.6578773859375 0.6015987953125 0.6596025203125 0.6195887203125 0.6647924171875 0.6290522921874999
9 0.6750899312499999 0.7509025765625 0.6869379984374999 0.7530632359375 0.69501115 0.7429045750000001 0.6928110859375 0.6859972828124999 0.6844277828124999 0.6753102734375 0.6753563859375 0.681348865625 0.6682475875 0.7248360640625 0.6699000328125 0.741439003125 0.6750899312499999 0.7509025765625
9 0.53768116875 0.4576921609375 0.5494565484375 0.458465834375 0.5568222078125 0.449735046875 0.5568028109375 0.43443731874999997 0.5494516453125 0.398661909375 0.5441163703125 0.38642436562500004 0.5378749359375 0.386751465625 0.5336299921875 0.39531870156250004 0.533344140625 0.4495746859375 0.53768116875 0.4576921609375
8 0.571233571875 0.2918199515625 0.584569309375 0.2925118515625 0.591789590625 0.2810070921875 0.590442396875 0.22544590000000003 0.58496174375 0.210434384375 0.5794278 0.2093336109375 0.5670370171875 0.2266725234375 0.565045428125 0.278236309375 0.571233571875 0.2918199515625
8 0.7260098484374999 0.632797996875 0.7379306046874999 0.6363456421875 0.749051784375 0.6246364468750001 0.7495944999999999 0.6051368765625 0.7541834890625 0.5882068375 0.7531658453125 0.568789040625 0.7494636171875 0.5578567062500001 0.7412983796875 0.5513306546875001 0.7248613234375 0.5661000328125 0.7190948171875 0.6053445015625 0.7208199515625 0.6233344234375 0.7260098484374999 0.632797996875
6 0.7207229625 0.5468457859375 0.727526509375 0.54231684375 0.7324062546875 0.5309347484375 0.72790445 0.5047455734375 0.732764796875 0.47806575 0.7311123515625 0.4614628109375 0.7251422734374999 0.452040125 0.7152906984375 0.458119603125 0.7025946640625 0.514416771875 0.7079493375 0.5419520437500001 0.7207229625 0.5468457859375
3 0.468560265625 0.541980740625 0.47431227500000006 0.54724246875 0.48664976718749997 0.5438143 0.4916022 0.5338191875 0.489804378125 0.5144422796875 0.48096554375 0.4801356296875 0.4743606640625 0.4735278015625 0.4690447875 0.47658798593749996 0.4641311484375 0.5171785515625 0.468560265625 0.541980740625
3 0.47537851875000003 0.7168635703125 0.4787367015625 0.7361587046875 0.4869746265625 0.74407174375 0.49782444843749996 0.7421123328125 0.5041918640625 0.7292614765625001 0.503319596875 0.7126176515625 0.49791163281250006 0.6989931203124999 0.494262696875 0.6741500453125 0.49007104375 0.668806540625 0.4808542703125 0.6720711609375 0.47537851875000003 0.7168635703125
3 0.35996036875000004 0.6492002484375 0.3715176796875 0.645812965625 0.37632473593750004 0.6330438843749999 0.37360135625 0.6109338921874999 0.35951933281250004 0.5810744109375 0.34788933125 0.5830747078125 0.3480202140625 0.6303548765625 0.35179513125 0.6426741953125 0.35996036875000004 0.6492002484375
3 0.4022352171875 0.4258483234375 0.4057387765625 0.4479174296875 0.41234365625 0.45452525781249997 0.42319347812499997 0.45256584687499996 0.4295608921875 0.439714990625 0.4281265125 0.427273009375 0.42201105781250003 0.4150763515625 0.4174365640625 0.3875001921875 0.41246473281249996 0.3821975765625 0.405588496875 0.385339534375 0.4022352171875 0.4258483234375
3 0.3564516953125 0.34340924687499996 0.353350375 0.358870525 0.3563451125 0.37123073125 0.36302268125000003 0.37922554375 0.373872503125 0.3772661328125 0.378897625 0.368658009375 0.378025359375 0.35201418281249997 0.37083896875 0.33431047187499996 0.366409853125 0.309508284375 0.35619483281250003 0.3086528359375 0.353728315625 0.3212992546875 0.3564516953125 0.34340924687499996
3 0.39151116406250003 0.19136600625 0.3937257234375 0.2037671 0.399550421875 0.210415815625 0.4089125734375 0.209925165625 0.41620554531250004 0.19980739218750002 0.41462578906249997 0.184591440625 0.4065138421875 0.16415464531249999 0.40556888750000003 0.146123834375 0.4012318578125 0.13800635781249998 0.3949904234375 0.1383334578125 0.391525659375 0.146859809375 0.3946851734375 0.1772917140625 0.39151116406250003 0.19136600625
3 0.46133486875 0.2697636015625 0.4613542671875 0.28506132812499996 0.467469721875 0.2972579859375 0.48151294843750003 0.2965220109375 0.48568520312499996 0.2865677875 0.4840327578125 0.26996485 0.4771371234375 0.2578090796875 0.47753446093749996 0.23553553749999998 0.4723445640625 0.226071965625 0.4653956390625 0.2278269375 0.46341854531250004 0.2348845265625 0.46557981093749995 0.2611963625 0.46133486875 0.2697636015625
3 0.34095447968750003 0.0924875390625 0.34387652812499997 0.10346076093750001 0.3402130953125 0.1231238828125 0.3429897671875 0.13132313281250002 0.34952195625 0.13654397499999998 0.3611519578125 0.134543678125 0.3645440328125 0.12463034218749999 0.3630369640625 0.11080137500000001 0.357774378125 0.0999508171875 0.3529091296875 0.0668267140625 0.348790165625 0.06287019687499999 0.3419139296875 0.066012153125 0.34095447968750003 0.0924875390625
0 0.296150015625 0.222788775 0.300143 0.2392690515625 0.30254173125 0.285039571875 0.3100721671875 0.2943804828125 0.3209219875 0.292421071875 0.3281422703125 0.2809163140625 0.327197315625 0.26288550312500003 0.3151844734375 0.24265314531249998 0.3110267140625 0.20810117187500002 0.30434914687500003 0.20010635937500001 0.2981804015625 0.20182044375000002 0.296150015625 0.222788775
0 0.2883678328125 0.46241335 0.288115871875 0.4874608625 0.2936692140625 0.5038593640625 0.29071327187499996 0.5220946125 0.292220340625 0.5359235796874999 0.303089559375 0.549261896875 0.310891353125 0.5488530218750001 0.3205248625 0.5386125875000001 0.32184775625 0.519072128125 0.309762225 0.49745278437499996 0.307184221875 0.47811676406250003 0.3027745046875 0.4686123015625 0.29524406875000003 0.459271390625 0.2883678328125 0.46241335
2 0.2734088515625 0.580024090625 0.27322958124999996 0.6064585874999999 0.280289990625 0.6366860562500001 0.2864054453125 0.6488827140625 0.298398890625 0.65381734375 0.3066901078125 0.6478196390625001 0.31142447500000003 0.6336635734375 0.30969934062500004 0.61567365 0.300807215625 0.5952777421875 0.2984472796875 0.5801026765625 0.283822540625 0.5697427671875 0.2776537953125 0.5714568515625 0.2734088515625 0.580024090625
10 0.6881732859375 0.3288060453125 0.686486946875 0.3414115765625 0.6896997515625001 0.357932740625 0.6964500078125 0.3673145390625 0.7043244890625 0.36829265 0.7081333 0.35140349843749996 0.7146460921875 0.3413266140625 0.7123588453125 0.3275385328125 0.7208826234375 0.28119558906250003 0.7201557359375 0.267325734375 0.7167442625 0.2619413421875 0.706383865625 0.25831192187499996 0.6970411109375 0.2741002984375 0.6948653484375 0.2922946609375 0.6974433515625 0.31163068125 0.6881732859375 0.3288060453125