11 0.61640625 0.434375 0.0484375 0.096875
5 0.6984375 0.1296875 0.046875 0.0984375
7 0.615625 0.33203125 0.05625 0.121875
10 0.44921875 0.2953125 0.0546875 0.1140625
0 0.6296875 0.26484375 0.0453125 0.0953125
6 0.696875 0.271875 0.0484375 0.1
9 0.41875 0.68984375 0.04375 0.08125
2 0.48671875 0.425 0.0484375 0.0953125
1 0.65078125 0.17265625 0.0546875 0.1203125
5 0.4703125 0.4890625 0.05 0.0984375
8 0.26015625 0.80703125 0.0515625 0.0890625
8 0.33828125 0.31328125 0.0484375 0.090625
9 0.37578125 0.40078125 0.04375 0.08125
9 0.321875 0.5796875 0.0453125 0.0828125
3 0.6203125 0.71640625 0.0453125 0.08125
4 0.48515625 0.15703125 0.053125 0.115625
6 0.70078125 0.54140625 0.0546875 0.1015625
0 0.51171875 0.61484375 0.05 0.0953125
3 0.5640625 0.62734375 0.04375 0.0796875
3 0.75078125 0.27578125 0.04375 0.08125
2 0.5296875 0.8453125 0.0515625 0.09375
2 0.32890625 0.9640625 0.0265625 0.021875