11 0.58203125 0.6125 0.04375 0.09375
6 0.403125 0.5859375 0.04375 0.0953125
0 0.45625 0.2359375 0.040625 0.1
3 0.4203125 0.16171875 0.0359375 0.0796875
4 0.55390625 0.33828125 0.046875 0.1125
7 0.5203125 0.24375 0.0484375 0.11875
3 0.3421875 0.57734375 0.0390625 0.0796875
9 0.6984375 0.13671875 0.0359375 0.0828125
1 0.64375 0.10234375 0.046875 0.125
3 0.5109375 0.634375 0.0375 0.078125
11 0.6046875 0.4359375 0.04375 0.0984375
5 0.46875 0.5953125 0.04375 0.0953125
9 0.5375 0.1140625 0.0328125 0.0796875
9 0.64921875 0.534375 0.0390625 0.0796875
5 0.4203125 0.3953125 0.04375 0.0953125
9 0.6234375 0.19375 0.0359375 0.0828125
3 0.48203125 0.0953125 0.034375 0.078125
3 0.5484375 0.42265625 0.0359375 0.0796875