8 0.66484375 0.853125 0.0359375 0.0828125
10 0.60390625 0.825 0.0421875 0.1046875
11 0.72890625 0.84921875 0.0421875 0.09375
6 0.5296875 0.8328125 0.0359375 0.0921875
3 0.525 0.51796875 0.028125 0.078125
4 0.42734375 0.390625 0.0359375 0.1109375
1 0.59296875 0.234375 0.034375 0.115625
2 0.39609375 0.83125 0.0359375 0.090625
0 0.3109375 0.82578125 0.0390625 0.090625
5 0.24921875 0.81484375 0.0421875 0.0921875
7 0.4859375 0.23984375 0.034375 0.1171875
9 0.3734375 0.16953125 0.025 0.0796875
0 0.5625 0.98984375 0.021875 0.0203125
9 0.43359375 0.98984375 0.021875 0.01875