7 0.45546875 0.49453125 0.0515625 0.1125
0 0.3890625 0.7953125 0.0546875 0.103125
10 0.49140625 0.76328125 0.0546875 0.1109375
6 0.65234375 0.44296875 0.0453125 0.096875
9 0.76875 0.728125 0.04375 0.08125
4 0.34921875 0.49453125 0.05 0.103125
5 0.30546875 0.58515625 0.0484375 0.090625
9 0.67109375 0.590625 0.0421875 0.078125
6 0.58046875 0.40859375 0.04375 0.0953125
5 0.42578125 0.62734375 0.046875 0.090625
9 0.4859375 0.6296875 0.040625 0.078125
9 0.540625 0.525 0.0375 0.0703125
0 0.546875 0.66875 0.05 0.1
2 0.4015625 0.43828125 0.0453125 0.0921875
3 0.46171875 0.421875 0.0375 0.075
1 0.59453125 0.58125 0.0546875 0.1171875
9 0.66328125 0.91796875 0.046875 0.0875
9 0.4625 0.93828125 0.046875 0.0859375
3 0.63671875 0.73125 0.0421875 0.0796875
8 0.50703125 0.840625 0.05 0.0921875
8 0.53046875 0.940625 0.0546875 0.10625
3 0.796875 0.89921875 0.046875 0.0875