2 0.5007254421875 0.4486501921875 0.5106578953125 0.44110677656249997 0.5208158625 0.3906773515625 0.5127970859375 0.36148129687499997 0.4995824921875 0.3725006078125 0.485720346875 0.42486929218749997 0.4869946203125 0.442363896875 0.5007254421875 0.4486501921875
11 0.7721430812500001 0.17707855625 0.7687830546875001 0.1905548859375 0.772495384375 0.201500328125 0.7838660375 0.20433534999999997 0.7916103984375 0.199109196875 0.7958145062499999 0.1887061375 0.7971503671875 0.17043090156250001 0.8100208062500001 0.147874521875 0.8168268968750001 0.12380613124999999 0.8056201703125 0.11385494062499998 0.797203803125 0.121776359375 0.7902256359375001 0.14007621718750002 0.79048375 0.14872901875 0.7721430812500001 0.17707855625
11 0.66313421875 0.785444665625 0.6643224531249999 0.8000550046875 0.676287225 0.8101951953125001 0.6892518515625 0.8034077859375 0.69623001875 0.7851079296875 0.6969799125 0.772412228125 0.7108665109375 0.7586976515625 0.7164925171875 0.7329036234374999 0.708567928125 0.7194765390625 0.6966113078125 0.7222210515625 0.6787787171875 0.7549914906249999 0.667502253125 0.7679254375 0.66313421875 0.785444665625
5 0.4252706921875 0.0505141375 0.4138384515625 0.08344895625 0.41805886093750005 0.0988153 0.43161760625 0.099333059375 0.439947934375 0.0885273734375 0.43958748124999997 0.051220898437499995 0.447237653125 0.030225775 0.44250916562500003 0.0104385296875 0.434592728125 0.0098961484375 0.42836445312500004 0.015500303125 0.4226524078125 0.038410062499999995 0.4252706921875 0.0505141375
5 0.23614287968749997 0.608844784375 0.233540896875 0.622510115625 0.23414316406250002 0.6426999875 0.227251034375 0.6638841125 0.22877527187500002 0.6771468171875 0.2395599578125 0.6855613734375 0.2500004921875 0.682438859375 0.26009687187499997 0.667779275 0.26370686249999997 0.6500710453125 0.25990849374999997 0.6362413359375 0.26072812500000003 0.600660496875 0.253397653125 0.5945385812499999 0.2421990765625 0.59747209375 0.23614287968749997 0.608844784375
1 0.3324606109375 0.30649851093749997 0.3264823015625 0.30787076562500004 0.317143965625 0.32271934999999996 0.31513610000000003 0.3436898515625 0.3198645875 0.36347709687499996 0.3101902484375 0.379673315625 0.30641633125 0.4044977125 0.31727890625 0.4029118328125 0.32031923125 0.41655254218750004 0.3245314890625 0.4190341828125 0.3384180875 0.40531960624999996 0.34312212343750004 0.386452746875 0.33578350156250003 0.367446128125 0.3357753515625 0.354561425 0.3405654265625 0.33857883125 0.3394550796875 0.31396805781250003 0.3324606109375 0.30649851093749997
4 0.355239053125 0.2377446078125 0.348932890625 0.253349196875 0.34862133906250004 0.29335093749999996 0.34037704999999996 0.30704089218749997 0.34039335 0.332810296875 0.3515140390625 0.3398772203125 0.362290575 0.335407071875 0.369862859375 0.32441238437500003 0.37271480625 0.3065151546875 0.36486810625 0.283087634375 0.3707522265625 0.265946409375 0.3727600921875 0.2449759078125 0.3676177140625 0.2365367296875 0.355239053125 0.2377446078125
7 0.710187271875 0.483697996875 0.7075852890625 0.49736332812499995 0.7091955640625 0.5135103015625 0.7195582093749999 0.5203882234375 0.7307567859375 0.517454709375 0.7354689734375001 0.5114725515625 0.7415088703125 0.47433045625 0.7541293453125 0.45600597499999995 0.76345953125 0.4282726890625 0.7569649921875 0.4123393390625 0.7432423203125 0.4189377484375 0.7265119265625 0.4634342578125 0.7151494234375 0.4734839375 0.710187271875 0.483697996875
6 0.7440374984375 0.3447028015625 0.7451396953125 0.35642887343749996 0.77955505625 0.312047496875 0.7892212453125 0.282966575 0.7802886484375 0.273582390625 0.7712002765625 0.28419907499999997 0.7590099921875 0.316944890625 0.747733528125 0.3298788390625 0.7440374984375 0.3447028015625
9 0.70600038125 0.2550602453125 0.7178791140625 0.2623161703125 0.72638151875 0.2572790171875 0.7302496234375 0.24822359062500002 0.7339375031250001 0.22051492499999997 0.7409156703125 0.20221506875 0.7405715171875 0.190678 0.72827889375 0.1947701421875 0.7196207140624999 0.21980816406249998 0.7074222796875 0.239669278125 0.70600038125 0.2550602453125
9 0.72204246875 0.187489596875 0.7244886765625 0.1938251359375 0.74385365625 0.1872021046875 0.7568717203124999 0.131760153125 0.754761515625 0.1240769796875 0.7494552109375 0.12275396875 0.7400308359375 0.13471828749999998 0.723886409375 0.17363526406250002 0.72204246875 0.187489596875
9 0.6124250234375 0.23316069687500002 0.6189893 0.22620890781249997 0.62293529375 0.20715304375 0.621833096875 0.19542697343749998 0.6283031859375 0.1727062140625 0.622652728125 0.159846134375 0.613228353125 0.171810453125 0.59692 0.21784359687500002 0.599538284375 0.2299476703125 0.6124250234375 0.23316069687500002
9 0.6827709140625 0.40958616406250004 0.6931254078125 0.40357938281249994 0.6976655187499999 0.3918286890625 0.7000093875 0.36951055625 0.7069875546875 0.3512107 0.7024311421875 0.33719198906250003 0.6946867812499999 0.342418140625 0.6726500828125 0.385591640625 0.672830309375 0.404244878125 0.6827709140625 0.40958616406250004
9 0.63319015 0.57615026875 0.6427947515625 0.5828391875000001 0.6531492453125 0.57683240625 0.6574393921875 0.5693136140624999 0.6670974296875001 0.527347990625 0.6651511515624999 0.51254865 0.653616571875 0.516829796875 0.6340179296875 0.55345413125 0.631415946875 0.5671194625 0.63319015 0.57615026875
9 0.619860534375 0.6715939609375 0.630981221875 0.6786608843749999 0.6409136765625 0.6711174671875 0.654689784375 0.6158645171875 0.6461792281250001 0.608016965625 0.6377628625 0.6159383859374999 0.6212742812500001 0.6433182921875 0.617664290625 0.661026521875 0.619860534375 0.6715939609375
9 0.5940825203125 0.7911306687499999 0.6047811671875001 0.79666095625 0.6154716640625 0.7893065421875 0.630005815625 0.7342425921875 0.6251134015625001 0.7215715140625 0.6146728687499999 0.724694028125 0.595160265625 0.76420263125 0.5918862765624999 0.7805632296875 0.5940825203125 0.7911306687499999
9 0.548404296875 0.47055772031250004 0.5594389468750001 0.474740375 0.5690353984375001 0.4685445921875 0.5734894703125 0.45390963125 0.576919234375 0.41754816406249995 0.575394996875 0.40428545937499993 0.5693306484375 0.40277344687500005 0.562766371875 0.4097252359375 0.5466300953125 0.46152691562500003 0.548404296875 0.47055772031250004
8 0.6289869578125 0.3217431109375 0.6415376953124999 0.32630376875 0.6518061515625 0.3174127203125 0.66676234375 0.26388540625 0.6659101125 0.24792743437500003 0.6609398109375 0.245256790625 0.6440210390625001 0.2582153625 0.6270406796875 0.30694377031250003 0.6289869578125 0.3217431109375
8 0.6773079171874999 0.693074240625 0.6876705609375 0.6999521625 0.7017292359375 0.692006121875 0.7079493593749999 0.6735172640625 0.7172876953125 0.658668678125 0.7219917328125 0.639801815625 0.7216475796874999 0.628264746875 0.7157471578125 0.6196365671875 0.6957101734375 0.6289548640625 0.6787216640625 0.6647985734375 0.6751116734375 0.6825068015625 0.6773079171874999 0.693074240625
6 0.6973820359375 0.6093319968750001 0.7052124359375 0.6069901125 0.7132067609375 0.597532059375 0.7165586375 0.5711710265625001 0.7290070359375 0.5470780125 0.7322810234375 0.5307174156250001 0.7293267375 0.5199609749999999 0.7181281609375 0.5228944859375 0.6895271843749999 0.573019775 0.68659735 0.6009174421875 0.6973820359375 0.6093319968750001
3 0.45766005156249995 0.5309542921875 0.4616223453125 0.537667834375 0.474423046875 0.5379965921875 0.48208137031250003 0.529886171875 0.48602736406249997 0.510830309375 0.4876050375 0.475438471875 0.48322070312500004 0.46718829531250006 0.47724239375 0.46856055 0.460675925 0.50594089375 0.45766005156249995 0.5309542921875
3 0.4130495890625 0.700189040625 0.41061968281250005 0.7196229046875 0.416184103125 0.7295987187499999 0.4271327140625 0.73089710625 0.4369791296875 0.7204694234375 0.4410111625 0.7042978265625 0.4398229265625 0.6896874890625 0.44359684374999997 0.664863090625 0.44115063593750004 0.658527553125 0.431382109375 0.6589548 0.4130495890625 0.700189040625
3 0.322457503125 0.6017372812499999 0.3345001609375 0.6018770375 0.3428304890625 0.5910713515625 0.34669044531250004 0.569131221875 0.34195380625 0.536459271875 0.33024715 0.5349718828125 0.31654893125 0.5802243984375 0.31655708125 0.5931091015625001 0.322457503125 0.6017372812499999
3 0.42818692656249996 0.40050474375 0.42508501406250004 0.4226338765625 0.42946935 0.4308840515625 0.4404179609375 0.432182440625 0.45026437656249996 0.42175475625000003 0.45253035781250006 0.4094370578125 0.4502480765625 0.3959853515625 0.4539359546875 0.3682766859375 0.45073170312500005 0.361752146875 0.44323730625 0.36274639999999997 0.42818692656249996 0.40050474375
3 0.40850677968750004 0.3082820546875 0.4010205328125 0.3221610109375 0.4002706390625 0.33485671093749997 0.404318971875 0.3444545203125 0.415267584375 0.3457529078125 0.4225899046875 0.338990121875 0.42662193593750003 0.322818525 0.42492562187500005 0.30378728593750004 0.42794149531250003 0.2787738875 0.41842293125 0.274969234375 0.41236673437500004 0.286341925 0.40850677968750004 0.3082820546875
3 0.48648745781249997 0.173132778125 0.484979521875 0.1856394765625 0.4886058125 0.193700653125 0.497702334375 0.1959686703125 0.5076347890624999 0.1884252546875 0.5105727734375 0.17341229062500002 0.508790421875 0.1514967828125 0.51315845625 0.1339775546875 0.5113842546875 0.1249467484375 0.50531990625 0.1234347375 0.49951367187500006 0.130575528125 0.49363770156250003 0.1606014546875 0.48648745781249997 0.173132778125
3 0.5303389593750001 0.268519246875 0.5258848875 0.28315420625 0.52816716875 0.29660591406250003 0.5418119515625001 0.30000794062499997 0.54871223125 0.29170851875000003 0.55198621875 0.275347921875 0.5489458953125 0.2617072125 0.5558380234375 0.2405230890625 0.55364178125 0.22995565 0.5464833859375 0.22960227031249997 0.54252924375 0.23577342968749998 0.5369032359375 0.2615674578125 0.5303389593750001 0.268519246875
3 0.46704912500000006 0.0637934859375 0.466635234375 0.0751415546875 0.4573829359375 0.0928744078125 0.45764105156249996 0.101527209375 0.4623613890625 0.108429753125 0.47406804375 0.1099171421875 0.48021028125000004 0.10142871875 0.4828122640625 0.0877633875 0.48095202343750004 0.075848315625 0.48598391249999995 0.042749118749999995 0.48320170312500005 0.0377612125 0.47570730625 0.0387554640625 0.46704912500000006 0.0637934859375
0 0.386106009375 0.17530162031250002 0.3851061515625 0.192229221875 0.374018065625 0.236701109375 0.37848843906249996 0.247835553125 0.38943705 0.249133940625 0.39970550625 0.2402428921875 0.40407354062499995 0.22272366406250002 0.398500971875 0.1998631484375 0.40462690625000003 0.1656053203125 0.40057857343750003 0.1560075109375 0.39417822343750003 0.1558431328125 0.386106009375 0.17530162031250002
0 0.308604425 0.40218045 0.301040290625 0.42605984062499996 0.30155651875 0.44336544531250005 0.2933982671875 0.459939665625 0.290796284375 0.47360499687499996 0.29729082500000004 0.48953834531249996 0.304871259375 0.49142835937499996 0.31707784375000003 0.48445194843749995 0.3240560125 0.46615209062499996 0.31881944375 0.44194394375 0.32200739375 0.4226990796875 0.3205691953125 0.41232064062499996 0.316098821875 0.401186196875 0.308604425 0.40218045
2 0.259913028125 0.510278578125 0.252012890625 0.5355056 0.2499271375 0.5664765359375 0.25220941875 0.57992824375 0.26223606093749996 0.5881537984375 0.27191855 0.58484228125 0.28058488125 0.5726889625 0.284194871875 0.5549807328125 0.2816544765625 0.5328762234375 0.28383441875000004 0.5176742578125 0.27287765625 0.5034911671875 0.2664773046875 0.5033267890625 0.259913028125 0.510278578125
10 0.7300032765625 0.3913029515625 0.724705121875 0.4028646421875 0.7229472203125 0.41960324375 0.7266595515625001 0.43054868593749995 0.733903984375 0.43378633281249995 0.7424842765624999 0.41874874687499997 0.7516586875 0.4110163296875 0.7535026265625 0.397161996875 0.7752033218750001 0.35533613124999996 0.7785633484375001 0.3418598015625 0.7768751859374999 0.3357132625 0.7680286265625 0.32921334375 0.7544780328125 0.34158028749999997 0.7470778234375001 0.3583435109375 0.7438898734375 0.37758837343749996 0.7300032765625 0.3913029515625