9 0.59296875 0.1953125 0.0328125 0.0625
9 0.6515625 0.53515625 0.040625 0.08125
9 0.55859375 0.43984375 0.0359375 0.0703125
9 0.565625 0.346875 0.0390625 0.0828125
11 0.76640625 0.140625 0.046875 0.1
11 0.7046875 0.75078125 0.053125 0.103125
7 0.72421875 0.44375 0.0578125 0.121875
6 0.7515625 0.2984375 0.0484375 0.103125
10 0.6125 0.42265625 0.0515625 0.115625
0 0.38359375 0.6921875 0.05 0.1046875
5 0.46015625 0.58515625 0.0453125 0.09375
2 0.27109375 0.56015625 0.053125 0.0953125
3 0.475 0.50234375 0.040625 0.08125
3 0.52578125 0.26015625 0.0390625 0.0828125
3 0.50390625 0.70859375 0.040625 0.0796875
1 0.31875 0.3765625 0.0625 0.125
4 0.34453125 0.29765625 0.05625 0.1125
0 0.37265625 0.209375 0.046875 0.103125
5 0.4015625 0.06015625 0.046875 0.0984375
3 0.44453125 0.075 0.0390625 0.0828125
6 0.56796875 0.70703125 0.046875 0.1015625
8 0.59921875 0.51953125 0.0453125 0.09375
8 0.63203125 0.27421875 0.0421875 0.0890625
2 0.4984375 0.40234375 0.0453125 0.0953125
3 0.47734375 0.16015625 0.0375 0.0796875
3 0.43515625 0.4015625 0.040625 0.078125
9 0.70390625 0.2125 0.0359375 0.0796875
9 0.625 0.7625 0.040625 0.0671875
9 0.715625 0.14140625 0.0359375 0.078125