2 0.49624725 0.4487823671875 0.5054844562499999 0.4404019859375 0.5112085546875 0.38927913593749996 0.5006756875 0.3608930640625 0.488471778125 0.37302217031249996 0.47922661250000004 0.42639974062499997 0.48202079218750005 0.4437167140625 0.49624725 0.4487823671875
11 0.7429630359375 0.15458853749999998 0.740790334375 0.16830643125 0.745442496875 0.17888667187500001 0.75701696875 0.1807198875 0.7642763718750001 0.17483865781250002 0.7675577953125 0.164108771875 0.7672957796875 0.14578665156249998 0.778151325 0.122194371875 0.78283381875 0.097624378125 0.7708024328125 0.0886877875 0.763108490625 0.097312596875 0.7577518140625 0.11615100468749999 0.7587630890625 0.124748384375 0.7429630359375 0.15458853749999998
11 0.6873915859374999 0.770140378125 0.6898486734375 0.784591559375 0.702651690625 0.793650365625 0.714975421875 0.7857588421874999 0.7203320984375 0.766920434375 0.719972634375 0.7542076875 0.7326110859375 0.7393350015625 0.7359675859375 0.7131487890625 0.7269029046875 0.700463471875 0.7152309828125001 0.7042396281250001 0.7003223828125 0.738439578125 0.690216096875 0.7523071171875 0.6873915859374999 0.770140378125
5 0.3863797859375 0.058737654687499995 0.3778615078125 0.0925435328125 0.383405121875 0.1074835703125 0.396957396875 0.1068176359375 0.4043142484375 0.0953270328125 0.40070369218749996 0.0581939375 0.406494909375 0.0366119484375 0.4000598421875 0.017312115625 0.39212625624999997 0.0174617609375 0.38641011718749996 0.0235874203125 0.38271652500000003 0.0469078390625 0.3863797859375 0.058737654687499995
5 0.24663338281249997 0.6314272609375 0.24523231406249998 0.64526736875 0.247591953125 0.665327921875 0.24257236875000002 0.687032121875 0.24524672656250002 0.7001115125 0.2567237515625 0.7075541015625 0.266852409375 0.7035335171875 0.275632703125 0.688049759375 0.2776855828125 0.670094284375 0.2726963296875 0.65664825 0.27041176718750004 0.621131371875 0.26257562968750003 0.6156716453125 0.25167534062499997 0.6195700140625 0.24663338281249997 0.6314272609375
1 0.3162333828125 0.3218368625 0.31039742187499997 0.323724940625 0.3023887609375 0.3393309109375 0.3022162359375 0.360396609375 0.308651303125 0.37969644375 0.3004253703125 0.3966742046875 0.298829403125 0.42173305625 0.3095124234375 0.419206475 0.3137300453125 0.4325302953125 0.3181425640625 0.43463537187499995 0.3307810140625 0.4197626859375 0.33382279531250003 0.40055763593749993 0.3248555640625 0.382262946875 0.32372446875 0.369427984375 0.3271033421875 0.3530887265625 0.32385225 0.3286683765625 0.3162333828125 0.3218368625
4 0.3329328484375 0.25135931562499997 0.32801071249999997 0.26745414375 0.331186728125 0.3073308203125 0.32416696875 0.3216872171875 0.326429159375 0.347357140625 0.33812345312500003 0.353427940625 0.34846938125000004 0.348035565625 0.3550546015625 0.33642274843750003 0.35633585 0.3183450578125 0.34647716562499997 0.295690571875 0.3508449390625 0.2781017390625 0.35101746562499997 0.25703604062499996 0.34515913125000003 0.24907716406249997 0.3329328484375 0.25135931562499997
7 0.7079666328124999 0.46544100312500003 0.7065655625 0.47928111093750003 0.7095770124999999 0.49522629531250006 0.720499675 0.50117488125 0.731399965625 0.49727650937499995 0.7355728421875 0.490906421875 0.7383526078125 0.4533792515625 0.749327975 0.4340245546875 0.756205540625 0.40558362187499997 0.7483470328124999 0.390276940625 0.7352516687499999 0.39804624843749997 0.722463065625 0.4438315859375 0.7120196875 0.45483333125 0.7079666328124999 0.46544100312500003
6 0.7295738203125001 0.3240244859375 0.7316938171875 0.335609871875 0.762110125 0.288397884375 0.7692049609375 0.2585851609375 0.7594884703125 0.25001521250000003 0.7513599875 0.2613836015625 0.742070078125 0.29506726250000004 0.7319637906249999 0.3089348015625 0.7295738203125001 0.3240244859375
9 0.6838685812499999 0.23803819843750001 0.69633450625 0.2442312125 0.704365540625 0.23847219531250002 0.7074296953125 0.22911409843750002 0.7086885703125 0.20118945312499997 0.714045246875 0.1823510453125 0.7126968812500001 0.1708878734375 0.7008076890625 0.1760358171875 0.6943646625000001 0.201733171875 0.6839436578125 0.22258187187499998 0.6838685812499999 0.23803819843750001
9 0.6939604546875 0.1693265171875 0.69694953125 0.17542474531250002 0.7156635859375 0.1671391484375 0.723800028125 0.11077357031249999 0.7210282203125 0.1033035515625 0.7156268 0.10244804999999998 0.707281046875 0.115188228125 0.6945898921875 0.15536419375 0.6939604546875 0.1693265171875
9 0.588740634375 0.2243776140625 0.5946740453125 0.2168801640625 0.59694419375 0.19755289843749999 0.594824196875 0.1859675109375 0.5992894203125 0.16276930625 0.592539634375 0.150450634375 0.5841938812499999 0.1631908125 0.5719596390625 0.210470153125 0.5756229 0.22229996875000002 0.588740634375 0.2243776140625
9 0.6741953296875 0.3940006828125 0.683986896875 0.387114303125 0.6874855906249999 0.375012628125 0.6878753875 0.352575140625 0.6932320625 0.333736734375 0.687471178125 0.32016848593749997 0.680211775 0.326049715625 0.6620217515625 0.3709795515625 0.6638270296875 0.3895461015625 0.6741953296875 0.3940006828125
9 0.639320253125 0.5642522078125001 0.649471284375 0.5700785765624999 0.6592628515625 0.5631922 0.6628813671875 0.5553281078125 0.6688451078125001 0.5126804218750001 0.6656163890625 0.498107028125 0.654498828125 0.5033771875 0.6381667859375 0.541570290625 0.6367657171875 0.5554103984375 0.639320253125 0.5642522078125001
9 0.6343598265625 0.6604944609375 0.646054121875 0.6665652609375 0.6552913265625 0.6581848781249999 0.6641994015625 0.6019415140625 0.655037271875 0.59486556875 0.6473433281250001 0.6034903796875 0.6333038078125 0.632203171875 0.6312509281249999 0.6501586484375 0.6343598265625 0.6604944609375
9 0.6190982171875 0.781822996875 0.63023815 0.7863997921875 0.6402469875000001 0.7781416250000001 0.6499266921875 0.722020475 0.6439485375 0.709824015625 0.6338198796875 0.7138446015625 0.617824928125 0.754903496875 0.61598931875 0.771487184375 0.6190982171875 0.781822996875
9 0.545654040625 0.46645104374999996 0.5570112421875 0.46965605000000005 0.566031178125 0.46264745781250005 0.5691927812500001 0.4476799890625 0.5694403828125 0.411157965625 0.566766025 0.398078575 0.560592971875 0.397100859375 0.5546595625 0.40459830781250006 0.543099503125 0.4576092359375 0.545654040625 0.46645104374999996
8 0.6129600125 0.311179478125 0.625860478125 0.3146289125 0.6353149546875 0.3048767421875 0.6455490203124999 0.250249596875 0.6433092031250001 0.23442662812499998 0.6381250515625 0.2321993375 0.622400075 0.24658316406249997 0.6097312921875 0.2966060828125 0.6129600125 0.311179478125
8 0.6934607359375 0.6768861328125 0.704383396875 0.6828347171875 0.71769603125 0.67369361875 0.7222810749999999 0.654732996875 0.7302897374999999 0.639127025 0.73333151875 0.6199219734375 0.7319831531250001 0.6084588015625 0.7253531875 0.6003777109375 0.70620459375 0.6114068875 0.6924047156250001 0.6485948453125 0.6903518359375 0.6665503203124999 0.6934607359375 0.6768861328125
6 0.7061598499999999 0.591712978125 0.71375634375 0.588697540625 0.720895925 0.5785787265625 0.7219375296874999 0.5520258703125 0.7322387140625 0.5269395875 0.7340743234375 0.5103559015625 0.73019379375 0.499897875 0.7192935031250001 0.50379624375 0.69517006875 0.5562235296875 0.694682825 0.584270390625 0.7061598499999999 0.591712978125
3 0.4605190125 0.5345266718749999 0.46505135312499996 0.5408693296875 0.477831996875 0.5400811828125 0.48475430781249995 0.53133415625 0.4870244578125 0.5120068921875001 0.48551152656249996 0.47661222812500004 0.48042482499999994 0.468775565625 0.4745888640625 0.47066364375 0.4613433484375 0.5093456046875 0.4605190125 0.5345266718749999
3 0.43082808593750005 0.7070054875 0.4301012 0.7265771812499999 0.43651389375000005 0.7360300625 0.4475340046875 0.736369275 0.4564341203125 0.7251231015624999 0.45904136093750003 0.708661628125 0.45658427343749997 0.6942104484375 0.45818024062499996 0.6691515953125 0.45519116249999997 0.6630533671875 0.44549704375 0.664330371875 0.43082808593750005 0.7070054875
3 0.33200009375 0.6168239890625 0.3440091078125 0.6159136265625 0.3513659578125 0.6044230234375 0.3532990171875 0.5822299640625 0.3457328546875 0.5500951671875 0.33394111249999997 0.549633740625 0.324239034375 0.595907934375 0.3253701296875 0.608742896875 0.33200009375 0.6168239890625
3 0.4197886140625 0.407142275 0.41862718593750003 0.42945754843749995 0.42371388750000005 0.4372942109375 0.434734 0.4376334234375 0.44363411406250003 0.4263872484375 0.4448179125 0.4139189296875 0.4413719234375 0.400717325 0.4426307984375 0.37279267968749996 0.43887009062500004 0.3665722359375 0.431490865625 0.3682158859375 0.4197886140625 0.407142275
3 0.39214561875 0.316985759375 0.3858974890625 0.3314643703125 0.386256953125 0.34417711875 0.3911263859375 0.35338556875 0.40214649687500004 0.35372478125 0.40885153750000003 0.346349546875 0.411458778125 0.3298880734375 0.40811023750000003 0.31107709843750003 0.40893457343749995 0.28589603124999996 0.399120634375 0.2829354546875 0.3940786765625 0.2947927015625 0.39214561875 0.316985759375
3 0.458050521875 0.17555430156250001 0.457638353125 0.18814483437500001 0.4619534234375 0.1958592828125 0.4712130015625 0.19732585625000001 0.48045020781250003 0.18894547343749998 0.482068546875 0.173733578125 0.478382915625 0.15205680625 0.48120742656250004 0.1342235453125 0.47865288906250003 0.1253817359375 0.4724798375 0.12440402187499999 0.467318059375 0.1320236859375 0.4640813796875 0.1624474796875 0.458050521875 0.17555430156250001
3 0.5100486328125 0.2667558875 0.50688703125 0.2817233546875 0.5103330203125 0.29492495937499996 0.5242223874999999 0.29712481875 0.5303730671875 0.28825557968750004 0.5322086781250001 0.27167189375 0.52799105625 0.2583480734375 0.5330106406249999 0.23664387343749999 0.5299017421875 0.22630806093750003 0.5227397890625001 0.2265799203125 0.51933854375 0.2330722234375 0.51598204375 0.2592584359375 0.5100486328125 0.2667558875
3 0.4291566109375 0.0683252421875 0.42973334375 0.07966619999999999 0.42206177343749995 0.098137965625 0.4230730484375 0.10673534375 0.42837701875 0.1132002171875 0.44016876250000003 0.11366164375000001 0.4455478109375 0.104670190625 0.44694887968749997 0.0908300828125 0.4440572515625 0.07912248125 0.44618520781250004 0.045710678125 0.44297886093749994 0.0409842390625 0.4355996359375 0.0426278875 0.4291566109375 0.0683252421875
0 0.35824008125 0.1864637109375 0.3587193671875 0.2034140421875 0.35154945312499997 0.248683090625 0.356973246875 0.2593855453125 0.3679933578125 0.25972475781250004 0.37744783437499996 0.2499725875 0.3802723453125 0.23213932656249997 0.3727285546875 0.2098514828125 0.37584541250000003 0.17519010625 0.37097598125000003 0.16598165468749998 0.364585659375 0.166375728125 0.35824008125 0.1864637109375
0 0.30080720625 0.41923390625 0.2953530828125 0.4436816859375 0.2973756296875 0.46087644531249994 0.2906929609375 0.47809863437500005 0.2892918921875 0.4919387421875 0.2971504015625 0.5072454234375 0.304866715625 0.50846756875 0.31641881562499996 0.5004538296875001 0.3217754921875 0.48161542187500006 0.314448971875 0.45795579062499997 0.315947490625 0.43850631093750003 0.3136102234375 0.42829271249999995 0.30818643125 0.41759025781250003 0.30080720625 0.41923390625
2 0.26172246875 0.5311644234374999 0.2560510734375 0.5569839921875 0.2566725515625 0.588018859375 0.26011854218749997 0.6012204640625 0.27082393437499996 0.6085408390625 0.2801809609375 0.6043980390625 0.2877550828125 0.5915356468749999 0.28980796249999996 0.573580171875 0.2853506984375 0.5517811859374999 0.28619740625 0.5364470734375 0.2740462 0.5232728984375 0.26765587812499997 0.5236669734375 0.26172246875 0.5311644234374999
10 0.719654471875 0.37167046875 0.715384146875 0.38364993125 0.7150917999999999 0.400478046875 0.7197439625000001 0.41105828750000006 0.7272430078125 0.4136522203125 0.7344800375 0.397924034375 0.7429456109375 0.38942143906250004 0.74357505 0.3754591171875 0.761547803125 0.3319010703125 0.7637205046875 0.3181831765625 0.7615030593750001 0.3122071609375 0.752123659375 0.3065030046875 0.739702478125 0.3200039 0.7337914421875 0.3373483046875 0.7322929234375 0.356797784375 0.719654471875 0.37167046875