9 0.4796875 0.51484375 0.040625 0.075
5 0.56171875 0.5625 0.05 0.09375
7 0.64140625 0.62890625 0.0625 0.1203125
9 0.346875 0.48984375 0.040625 0.078125
2 0.54609375 0.30859375 0.0484375 0.09375
3 0.340625 0.41328125 0.040625 0.075
10 0.66953125 0.48984375 0.059375 0.1109375
9 0.6734375 0.79296875 0.0484375 0.0859375
6 0.521875 0.44765625 0.0484375 0.0953125
3 0.41953125 0.68984375 0.04375 0.078125
8 0.478125 0.8359375 0.05625 0.1046875
3 0.44921875 0.39921875 0.0390625 0.0734375
8 0.30234375 0.61875 0.0484375 0.0890625