3 0.54140625 0.33046875 0.03125 0.0734375
2 0.4328125 0.31640625 0.0359375 0.090625
5 0.48515625 0.39296875 0.0375 0.0875
4 0.50390625 0.48046875 0.04375 0.10625
9 0.24140625 0.64609375 0.040625 0.0765625
8 0.71015625 0.41015625 0.0359375 0.0828125
7 0.59609375 0.375 0.04375 0.1125
10 0.35390625 0.42578125 0.04375 0.103125
9 0.70703125 0.346875 0.034375 0.075
3 0.44375 0.6015625 0.034375 0.075
6 0.515625 0.5828125 0.0390625 0.0953125
6 0.34375 0.51640625 0.040625 0.096875
8 0.36171875 0.71015625 0.046875 0.0953125
9 0.51015625 0.67265625 0.034375 0.0765625
9 0.48515625 0.8375 0.0375 0.08125
0 0.64140625 0.4625 0.0328125 0.071875