7 0.45546875 0.49609375 0.0546875 0.1125
0 0.39921875 0.79921875 0.0578125 0.1046875
10 0.50078125 0.76328125 0.059375 0.1109375
6 0.65078125 0.4375 0.0484375 0.096875
9 0.7765625 0.71875 0.0453125 0.08125
4 0.34921875 0.5 0.053125 0.103125
5 0.30859375 0.59140625 0.0515625 0.0921875
9 0.67421875 0.584375 0.04375 0.078125
6 0.57734375 0.40625 0.046875 0.0953125
5 0.43046875 0.6296875 0.05 0.0921875
9 0.490625 0.6296875 0.04375 0.078125
9 0.5421875 0.52421875 0.0390625 0.0703125
0 0.553125 0.6671875 0.053125 0.1
2 0.4 0.44140625 0.046875 0.0921875
3 0.45859375 0.4234375 0.0390625 0.075
1 0.596875 0.57734375 0.0578125 0.11875
9 0.678125 0.91171875 0.05 0.0890625
9 0.47734375 0.9390625 0.05 0.0875
3 0.64453125 0.7265625 0.0453125 0.0796875
8 0.51875 0.840625 0.053125 0.0921875
8 0.54609375 0.9390625 0.0578125 0.10625
3 0.8109375 0.88828125 0.05 0.0875