0 0.46015625 0.60859375 0.0359375 0.0953125
8 0.58125 0.51875 0.034375 0.0875
10 0.60234375 0.31484375 0.0390625 0.1140625
4 0.60390625 0.17421875 0.0375 0.109375
2 0.4828125 0.2390625 0.0328125 0.090625
5 0.40390625 0.09296875 0.0328125 0.096875
11 0.4046875 0.40546875 0.0359375 0.0953125
6 0.31796875 0.2328125 0.0390625 0.1
3 0.17890625 0.7578125 0.040625 0.0765625
9 0.1453125 0.9171875 0.0421875 0.0734375
2 0.24375 0.96640625 0.046875 0.0421875
8 0.65234375 0.85859375 0.0390625 0.084375
2 0.38203125 0.82578125 0.0390625 0.0921875
2 0.54453125 0.99140625 0.0234375 0.0171875
9 0.1546875 0.97421875 0.0296875 0.01875
9 0.415625 0.9875 0.021875 0.01875