9 0.47734375 0.5109375 0.0296875 0.071875
5 0.55 0.57265625 0.0359375 0.090625
7 0.6171875 0.6515625 0.04375 0.115625
9 0.35078125 0.4640625 0.0296875 0.075
2 0.57890625 0.31953125 0.0328125 0.090625
3 0.35859375 0.38671875 0.0296875 0.071875
10 0.66875 0.51875 0.0421875 0.10625
9 0.61953125 0.81875 0.0359375 0.0828125
6 0.53046875 0.45234375 0.034375 0.0921875
3 0.38828125 0.67265625 0.0328125 0.075
8 0.4203125 0.82734375 0.0390625 0.1
3 0.4671875 0.39140625 0.028125 0.071875
8 0.28515625 0.5828125 0.034375 0.0859375