11 0.38359375 0.434375 0.0484375 0.096875
5 0.3015625 0.1296875 0.046875 0.0984375
7 0.384375 0.33203125 0.05625 0.121875
10 0.55078125 0.2953125 0.0546875 0.1140625
0 0.3703125 0.26484375 0.0453125 0.0953125
6 0.303125 0.271875 0.0484375 0.1
9 0.58125 0.68984375 0.04375 0.08125
2 0.51328125 0.425 0.0484375 0.0953125
1 0.34921875 0.17265625 0.0546875 0.1203125
5 0.5296875 0.4890625 0.05 0.0984375
8 0.73984375 0.80703125 0.0515625 0.0890625
8 0.66171875 0.31328125 0.0484375 0.090625
9 0.62421875 0.40078125 0.04375 0.08125
9 0.678125 0.5796875 0.0453125 0.0828125
3 0.3796875 0.71640625 0.0453125 0.08125
4 0.51484375 0.15703125 0.053125 0.115625
6 0.29921875 0.54140625 0.0546875 0.1015625
0 0.48828125 0.61484375 0.05 0.0953125
3 0.4359375 0.62734375 0.04375 0.0796875
3 0.24921875 0.27578125 0.04375 0.08125
2 0.4703125 0.8453125 0.0515625 0.09375
2 0.67109375 0.9640625 0.0265625 0.021875