3 0.3765625 0.71328125 0.0453125 0.08125
7 0.6703125 0.56640625 0.0609375 0.1203125
10 0.55390625 0.29609375 0.053125 0.115625
0 0.4875 0.61484375 0.05 0.0984375
1 0.35703125 0.52109375 0.059375 0.11875
4 0.521875 0.159375 0.05 0.1125
2 0.4203125 0.2515625 0.0453125 0.0921875
5 0.3078125 0.12890625 0.0453125 0.0984375
8 0.58359375 0.49921875 0.0453125 0.0890625
6 0.25859375 0.28515625 0.0515625 0.103125
11 0.384375 0.43046875 0.0484375 0.0984375
2 0.4640625 0.84453125 0.0515625 0.096875
8 0.734375 0.8109375 0.05 0.0890625
9 0.25546875 0.975 0.0515625 0.05
9 0.53515625 0.99140625 0.0234375 0.0171875
2 0.6640625 0.9671875 0.0265625 0.0234375