9 0.69296875 0.2046875 0.0359375 0.08125
8 0.7453125 0.203125 0.04375 0.0953125
3 0.42109375 0.1609375 0.034375 0.075
2 0.37109375 0.14765625 0.0390625 0.078125
2 0.371875 0.10703125 0.0375 0.075
9 0.67421875 0.28046875 0.0359375 0.0828125
6 0.71328125 0.54453125 0.046875 0.0984375
8 0.71328125 0.6375 0.0484375 0.0921875
9 0.67421875 0.35625 0.0375 0.08125
11 0.71484375 0.7421875 0.0546875 0.103125
5 0.26484375 0.665625 0.05 0.0953125
0 0.30703125 0.46796875 0.0453125 0.0921875
9 0.653125 0.53203125 0.0390625 0.0828125
1 0.315625 0.3828125 0.05625 0.1203125
7 0.72890625 0.440625 0.053125 0.1109375
9 0.64921875 0.62890625 0.0390625 0.0796875
2 0.27421875 0.56875 0.05 0.0921875
3 0.34140625 0.5828125 0.0390625 0.0765625
6 0.74609375 0.2875 0.0421875 0.09375
3 0.39765625 0.31953125 0.0359375 0.0765625
4 0.33828125 0.30390625 0.0515625 0.1109375
9 0.63671875 0.7453125 0.0421875 0.0859375
9 0.659375 0.446875 0.0375 0.0828125
10 0.73359375 0.3578125 0.05 0.1078125
3 0.3734375 0.39765625 0.0375 0.075
3 0.32734375 0.6796875 0.040625 0.08125
3 0.35546875 0.49296875 0.0375 0.078125
3 0.43046875 0.07734375 0.034375 0.0796875
3 0.41171875 0.234375 0.0359375 0.0765625
11 0.75546875 0.13046875 0.04375 0.1
9 0.70234375 0.13671875 0.034375 0.084375
5 0.38671875 0.0640625 0.04375 0.1
0 0.36328125 0.21328125 0.04375 0.1015625
2 0.334375 0.27421875 0.03125 0.05
2 0.421875 0.1375 0.0203125 0.0328125
2 0.35390625 0.47421875 0.021875 0.0359375
2 0.371875 0.37890625 0.021875 0.0328125
2 0.33984375 0.565625 0.021875 0.034375
2 0.2703125 0.53828125 0.0171875 0.0265625