7 0.45546875 0.4953125 0.053125 0.1125
0 0.39375 0.79765625 0.05625 0.103125
10 0.49609375 0.76328125 0.05625 0.1109375
6 0.6515625 0.440625 0.046875 0.096875
9 0.77265625 0.7234375 0.0453125 0.08125
4 0.34921875 0.49765625 0.0515625 0.103125
5 0.30703125 0.58828125 0.05 0.0921875
9 0.67265625 0.5875 0.04375 0.078125
6 0.57890625 0.4078125 0.0453125 0.0953125
5 0.428125 0.62890625 0.0484375 0.090625
9 0.48828125 0.6296875 0.0421875 0.078125
9 0.54140625 0.52421875 0.0375 0.0703125
0 0.55 0.66796875 0.0515625 0.1
2 0.40078125 0.43984375 0.0453125 0.0921875
3 0.46015625 0.42265625 0.0375 0.075
1 0.59609375 0.57890625 0.05625 0.1171875
9 0.6703125 0.91484375 0.0484375 0.0890625
9 0.46953125 0.9390625 0.0484375 0.0875
3 0.640625 0.72890625 0.04375 0.0796875
8 0.5125 0.840625 0.0515625 0.0921875
8 0.53828125 0.93984375 0.05625 0.10625
3 0.80390625 0.89375 0.0484375 0.0875