9 0.671875 0.19140625 0.0296875 0.0796875
8 0.72421875 0.18671875 0.0375 0.09375
3 0.39765625 0.1671875 0.0296875 0.0734375
2 0.346875 0.15703125 0.034375 0.0765625
2 0.3453125 0.1171875 0.0328125 0.075
9 0.65859375 0.26875 0.03125 0.08125
6 0.715625 0.52890625 0.040625 0.096875
8 0.72265625 0.621875 0.0421875 0.090625
9 0.66328125 0.34453125 0.03125 0.0796875
11 0.73125 0.7265625 0.046875 0.1015625
5 0.2765625 0.68203125 0.0453125 0.09375
0 0.30546875 0.48203125 0.0390625 0.090625
9 0.65546875 0.52109375 0.034375 0.08125
1 0.3078125 0.3953125 0.0484375 0.11875
7 0.72421875 0.425 0.0453125 0.109375
9 0.6578125 0.61796875 0.034375 0.078125
2 0.2796875 0.584375 0.04375 0.090625
3 0.34765625 0.59375 0.034375 0.075
6 0.73046875 0.27109375 0.0359375 0.0921875
3 0.38515625 0.3265625 0.03125 0.075
4 0.325 0.315625 0.0453125 0.109375
9 0.653125 0.73515625 0.0359375 0.084375
9 0.65546875 0.4359375 0.0328125 0.08125
10 0.7234375 0.34140625 0.04375 0.10625
3 0.36640625 0.40703125 0.0328125 0.0734375
3 0.33984375 0.69140625 0.034375 0.0796875
3 0.35546875 0.503125 0.0328125 0.0765625
3 0.4015625 0.08359375 0.0296875 0.078125
3 0.39375 0.24140625 0.03125 0.0765625
11 0.72890625 0.11328125 0.0375 0.0984375
9 0.6765625 0.1234375 0.0296875 0.0828125
5 0.35703125 0.0734375 0.0375 0.0984375
0 0.34375 0.2234375 0.0375 0.1
2 0.31953125 0.2859375 0.028125 0.05
2 0.396875 0.14375 0.01875 0.03125
2 0.35234375 0.484375 0.0203125 0.034375
2 0.3640625 0.3875 0.0203125 0.0328125
2 0.3453125 0.5765625 0.01875 0.0328125
2 0.2734375 0.55390625 0.015625 0.025