9 0.64453125 0.178125 0.0265625 0.078125
8 0.69609375 0.16875 0.0328125 0.0921875
3 0.36953125 0.17734375 0.025 0.0734375
2 0.31796875 0.171875 0.0296875 0.075
2 0.3125 0.13203125 0.028125 0.0734375
9 0.63828125 0.25625 0.0265625 0.0796875
6 0.7171875 0.51015625 0.0359375 0.0953125
8 0.73203125 0.60234375 0.0375 0.0875
9 0.64921875 0.33125 0.028125 0.078125
11 0.75078125 0.70546875 0.0421875 0.0984375
5 0.29296875 0.70078125 0.040625 0.0921875
0 0.3046875 0.4984375 0.034375 0.0890625
9 0.65625 0.5078125 0.0296875 0.0796875
1 0.29921875 0.4125 0.0421875 0.1171875
7 0.7171875 0.40546875 0.040625 0.10625
9 0.6671875 0.60390625 0.0296875 0.0765625
2 0.2875 0.603125 0.0390625 0.0890625
3 0.35625 0.60625 0.0296875 0.0734375
6 0.709375 0.2515625 0.03125 0.090625
3 0.3703125 0.3375 0.0265625 0.0734375
4 0.309375 0.33125 0.0390625 0.1078125
9 0.6734375 0.72109375 0.03125 0.0828125
9 0.64921875 0.42265625 0.028125 0.0796875
10 0.70859375 0.32265625 0.0375 0.1046875
3 0.35859375 0.41875 0.028125 0.071875
3 0.3578125 0.7046875 0.03125 0.078125
3 0.35625 0.515625 0.0296875 0.075
3 0.365625 0.09375 0.025 0.078125
3 0.37109375 0.2515625 0.0265625 0.075
11 0.69453125 0.0953125 0.0328125 0.096875
9 0.64296875 0.109375 0.025 0.08125
5 0.3203125 0.0875 0.0328125 0.096875
0 0.3203125 0.23828125 0.0328125 0.0984375
2 0.3015625 0.30234375 0.025 0.0484375
2 0.365625 0.15390625 0.0171875 0.03125
2 0.3515625 0.496875 0.01875 0.034375
2 0.3546875 0.4 0.01875 0.03125
2 0.35234375 0.58984375 0.0171875 0.0328125
2 0.2796875 0.5734375 0.0140625 0.025