7 0.45546875 0.49375 0.05 0.1125
0 0.38359375 0.79375 0.053125 0.103125
10 0.48671875 0.76328125 0.053125 0.109375
6 0.65390625 0.4453125 0.04375 0.096875
9 0.76484375 0.7328125 0.0421875 0.08125
4 0.34921875 0.4921875 0.0484375 0.103125
5 0.30390625 0.58203125 0.046875 0.090625
9 0.66953125 0.59296875 0.040625 0.078125
6 0.58203125 0.41015625 0.0421875 0.0953125
5 0.4234375 0.62578125 0.0453125 0.090625
9 0.484375 0.62890625 0.040625 0.078125
9 0.540625 0.52578125 0.0359375 0.0703125
0 0.54453125 0.66953125 0.0484375 0.1
2 0.403125 0.4359375 0.04375 0.0921875
3 0.46328125 0.42109375 0.0359375 0.0734375
1 0.59296875 0.5828125 0.053125 0.1171875
9 0.65625 0.9203125 0.0453125 0.0875
9 0.4546875 0.9375 0.0453125 0.0859375
3 0.6328125 0.73359375 0.040625 0.078125
8 0.50078125 0.840625 0.0484375 0.0921875
8 0.5234375 0.940625 0.053125 0.1046875
3 0.78984375 0.90390625 0.0453125 0.0875