9 0.4234375 0.18359375 0.0328125 0.08125
9 0.346875 0.528125 0.0375 0.08125
6 0.421875 0.703125 0.0421875 0.1
9 0.4421875 0.34375 0.034375 0.08125
7 0.27890625 0.43203125 0.0515625 0.1203125
8 0.38046875 0.2671875 0.0390625 0.0890625
11 0.28203125 0.7390625 0.0484375 0.1015625
5 0.62109375 0.065625 0.0421875 0.0984375
2 0.50703125 0.40390625 0.040625 0.09375
10 0.39140625 0.415625 0.046875 0.115625
3 0.48671875 0.25859375 0.034375 0.08125
1 0.6875 0.3859375 0.05625 0.121875
3 0.484375 0.70859375 0.0375 0.0765625
3 0.57734375 0.07890625 0.034375 0.08125
8 0.4 0.51484375 0.0421875 0.09375
0 0.60625 0.69765625 0.0453125 0.103125
3 0.525 0.50390625 0.0359375 0.0796875
4 0.66640625 0.30703125 0.05 0.1109375
11 0.253125 0.12734375 0.0421875 0.0984375
6 0.259375 0.2859375 0.04375 0.1015625
9 0.44453125 0.43359375 0.0328125 0.0765625
0 0.6421875 0.21640625 0.040625 0.0984375
3 0.53984375 0.1625 0.034375 0.0796875
3 0.5703125 0.4046875 0.0359375 0.078125
5 0.53359375 0.5859375 0.0421875 0.0953125
9 0.3125 0.2015625 0.03125 0.078125
9 0.36015625 0.7546875 0.0359375 0.065625
5 0.725 0.57421875 0.0484375 0.0921875
9 0.303125 0.1296875 0.0328125 0.08125