9 0.4375 0.15234375 0.04375 0.08125
8 0.38984375 0.13125 0.053125 0.096875
3 0.7046875 0.21875 0.0421875 0.0765625
2 0.75625 0.22578125 0.046875 0.0796875
2 0.77109375 0.18828125 0.0453125 0.0765625
9 0.425 0.2296875 0.0453125 0.0828125
6 0.28671875 0.45703125 0.05625 0.1
8 0.25 0.54296875 0.0578125 0.09375
9 0.39609375 0.3 0.0453125 0.0828125
11 0.20703125 0.6390625 0.0640625 0.10625
5 0.65234375 0.74453125 0.0609375 0.0984375
0 0.68984375 0.54609375 0.0546875 0.09375
9 0.34609375 0.46953125 0.0484375 0.084375
1 0.715625 0.4640625 0.06875 0.1234375
7 0.3125 0.35546875 0.0640625 0.1125
9 0.3125 0.56015625 0.0484375 0.08125
2 0.68125 0.6515625 0.059375 0.0953125
3 0.61328125 0.63828125 0.046875 0.078125
6 0.35625 0.20859375 0.0515625 0.09375
3 0.66484375 0.3734375 0.04375 0.078125
4 0.72578125 0.3828125 0.0640625 0.1125
9 0.278125 0.67265625 0.0515625 0.0875
9 0.3734375 0.38828125 0.046875 0.084375
10 0.340625 0.27734375 0.0609375 0.109375
3 0.65703125 0.45546875 0.0453125 0.0765625
3 0.5890625 0.73359375 0.0484375 0.0828125
3 0.63515625 0.55 0.046875 0.0796875
3 0.72890625 0.13828125 0.04375 0.08125
3 0.68515625 0.28984375 0.04375 0.078125
11 0.409375 0.06015625 0.0546875 0.1
9 0.45546875 0.0859375 0.04375 0.084375
5 0.77421875 0.14296875 0.0546875 0.1015625
0 0.7375 0.28984375 0.0546875 0.1015625
2 0.740625 0.35625 0.0359375 0.0515625
2 0.7140625 0.196875 0.0234375 0.034375
2 0.64453125 0.5328125 0.0265625 0.0375
2 0.665625 0.43828125 0.025 0.034375
2 0.621875 0.6234375 0.025 0.0359375
2 0.69609375 0.62421875 0.0203125 0.0265625