7 0.37890625 0.3359375 0.059375 0.1203125
11 0.38125 0.43828125 0.0515625 0.0984375
10 0.54375 0.29375 0.059375 0.115625
6 0.2953125 0.278125 0.0515625 0.1015625
9 0.5875 0.68671875 0.046875 0.0828125
2 0.5109375 0.42421875 0.05 0.0953125
8 0.75078125 0.7984375 0.0546875 0.0875
0 0.36171875 0.26953125 0.0484375 0.096875
5 0.2890625 0.1375 0.05 0.0984375
5 0.52890625 0.48828125 0.053125 0.1
8 0.6546875 0.3078125 0.0515625 0.0921875
1 0.33828125 0.178125 0.0578125 0.1203125
9 0.68125 0.57421875 0.046875 0.0828125
3 0.38828125 0.7203125 0.0484375 0.0828125
4 0.503125 0.15703125 0.05625 0.1140625
9 0.6203125 0.39609375 0.046875 0.0828125
0 0.4921875 0.615625 0.053125 0.096875
6 0.30078125 0.54765625 0.0578125 0.1015625
3 0.440625 0.62890625 0.046875 0.0796875
3 0.2421875 0.28515625 0.0453125 0.08125
2 0.48203125 0.84609375 0.0546875 0.0953125
2 0.6875 0.9578125 0.0265625 0.0234375