0 0.390625 0.25859375 0.0390625 0.1
4 0.5453125 0.1625 0.04375 0.1125
1 0.4921875 0.1625 0.04375 0.1203125
5 0.33515625 0.11484375 0.0390625 0.0984375
2 0.4390625 0.246875 0.0390625 0.09375
6 0.47578125 0.41171875 0.040625 0.1
11 0.38984375 0.42265625 0.040625 0.0984375
0 0.4796875 0.61328125 0.04375 0.0984375
3 0.3609375 0.70390625 0.0390625 0.0796875
6 0.27421875 0.26953125 0.0453125 0.103125
8 0.58359375 0.50234375 0.040625 0.0875
7 0.578125 0.38359375 0.0484375 0.1203125
9 0.22265625 0.96640625 0.0484375 0.0671875
2 0.440625 0.84140625 0.0453125 0.09375
8 0.7125 0.82734375 0.0453125 0.0875
10 0.56796875 0.29765625 0.0453125 0.1140625
2 0.63046875 0.97734375 0.025 0.021875
9 0.50234375 0.9921875 0.0234375 0.015625