9 0.346875 0.50625 0.03125 0.0796875
5 0.6546875 0.7171875 0.040625 0.096875
6 0.4515625 0.51640625 0.0328125 0.0953125
9 0.46953125 0.34296875 0.028125 0.078125
4 0.5796875 0.3234375 0.0375 0.109375
0 0.4671875 0.09296875 0.0296875 0.103125
3 0.52578125 0.51328125 0.0296875 0.0765625
3 0.64140625 0.603125 0.0328125 0.0765625
0 0.5765625 0.7171875 0.0359375 0.096875
9 0.36640625 0.1078125 0.0265625 0.0796875
11 0.35546875 0.42578125 0.0359375 0.0953125
9 0.43125 0.1796875 0.028125 0.078125
11 0.41640625 0.3265625 0.034375 0.09375
6 0.528125 0.4109375 0.03125 0.0984375
7 0.52421875 0.24375 0.0359375 0.1125
3 0.4 0.60234375 0.03125 0.075
3 0.6453125 0.0984375 0.0265625 0.078125
9 0.4703125 0.32109375 0.01875 0.034375
5 0.69453125 0.234375 0.0359375 0.0921875
9 0.4453125 0.71328125 0.03125 0.0796875
3 0.5953125 0.17421875 0.0265625 0.075
9 0.43046875 0.1578125 0.0171875 0.0328125
9 0.3640625 0.08671875 0.0171875 0.034375
1 0.52734375 0.16015625 0.034375 0.1203125
3 0.596875 0.1546875 0.0171875 0.0328125
6 0.53125 0.38515625 0.0203125 0.04375
3 0.52734375 0.49453125 0.01875 0.034375
3 0.64609375 0.584375 0.01875 0.0328125
9 0.44375 0.69140625 0.01875 0.034375
3 0.5796875 0.69140625 0.021875 0.0453125
9 0.53046875 0.09609375 0.0171875 0.0421875
3 0.584375 0.29375 0.0234375 0.04375
3 0.7015625 0.209375 0.0203125 0.0359375