9 0.32265625 0.19453125 0.03125 0.0796875
8 0.2703125 0.190625 0.0390625 0.09375
3 0.59609375 0.165625 0.0296875 0.075
2 0.646875 0.1546875 0.0359375 0.0765625
2 0.6484375 0.11484375 0.0328125 0.075
9 0.3375 0.271875 0.03125 0.08125
6 0.28515625 0.5328125 0.0421875 0.096875
8 0.2796875 0.62578125 0.04375 0.090625
9 0.33359375 0.34765625 0.0328125 0.0796875
11 0.27265625 0.73125 0.0484375 0.1015625
5 0.7265625 0.678125 0.046875 0.09375
0 0.69453125 0.478125 0.040625 0.090625
9 0.3453125 0.5234375 0.0359375 0.08125
1 0.690625 0.3921875 0.05 0.11875
7 0.27421875 0.42890625 0.046875 0.109375
9 0.34453125 0.62109375 0.0359375 0.078125
2 0.721875 0.58046875 0.0453125 0.090625
3 0.65390625 0.590625 0.0359375 0.075
6 0.265625 0.275 0.0375 0.0921875
3 0.61171875 0.325 0.0328125 0.075
4 0.671875 0.3125 0.046875 0.109375
9 0.35078125 0.73828125 0.0375 0.084375
9 0.34296875 0.43828125 0.0328125 0.08125
10 0.27421875 0.3453125 0.0453125 0.10625
3 0.63203125 0.4046875 0.0328125 0.0734375
3 0.66328125 0.6890625 0.0359375 0.0796875
3 0.64453125 0.50078125 0.034375 0.0765625
3 0.59140625 0.08203125 0.03125 0.0796875
3 0.6015625 0.2390625 0.0328125 0.0765625
11 0.2640625 0.1171875 0.0390625 0.0984375
9 0.31640625 0.1265625 0.0296875 0.0828125
5 0.6359375 0.07109375 0.0390625 0.0984375
0 0.6515625 0.22109375 0.0390625 0.1
2 0.67734375 0.2828125 0.028125 0.05
2 0.59765625 0.14140625 0.01875 0.03125
2 0.64765625 0.48125 0.0203125 0.034375
2 0.634375 0.38515625 0.0203125 0.0328125
2 0.65625 0.57421875 0.0203125 0.0328125
2 0.72734375 0.55 0.015625 0.025