1 0.41640625 0.1578125 0.0453125 0.1203125
8 0.37265625 0.86796875 0.04375 0.0859375
10 0.38515625 0.32265625 0.0453125 0.1140625
9 0.48515625 0.70546875 0.0359375 0.0796875
5 0.5671875 0.08515625 0.0390625 0.0984375
6 0.61171875 0.21953125 0.040625 0.1
8 0.28671875 0.37734375 0.040625 0.0890625
3 0.68359375 0.665625 0.0390625 0.0796875
9 0.34921875 0.44765625 0.0375 0.08125
11 0.5015625 0.33125 0.040625 0.1
9 0.3578125 0.634375 0.0375 0.08125
7 0.53359375 0.14765625 0.0453125 0.1203125
5 0.584375 0.48359375 0.0421875 0.096875
11 0.32265625 0.115625 0.040625 0.0953125
4 0.2671875 0.18671875 0.046875 0.1125
6 0.703125 0.4734375 0.046875 0.1
0 0.4484375 0.48984375 0.040625 0.0984375
3 0.40546875 0.61875 0.0359375 0.0765625
0 0.4328125 0.25859375 0.0390625 0.1
3 0.6640625 0.20703125 0.0375 0.0796875
2 0.640625 0.81640625 0.0453125 0.09375
2 0.6203125 0.3046875 0.0421875 0.0984375
2 0.4890625 0.99140625 0.025 0.0171875