9 0.52421875 0.50625 0.0375 0.075
7 0.41484375 0.67109375 0.0578125 0.1203125
5 0.46328125 0.58046875 0.0453125 0.09375
9 0.6390625 0.4359375 0.0390625 0.078125
2 0.38828125 0.33828125 0.04375 0.09375
10 0.3390625 0.55078125 0.0546875 0.1109375
3 0.6171875 0.3625 0.0375 0.075
9 0.44296875 0.83515625 0.0453125 0.0859375
6 0.4609375 0.45859375 0.04375 0.0953125
3 0.6421875 0.646875 0.040625 0.0765625
8 0.640625 0.80625 0.0515625 0.1046875
8 0.72734375 0.540625 0.0453125 0.0890625
3 0.51171875 0.3875 0.0375 0.0734375