3 0.64453125 0.69921875 0.0375 0.0796875
7 0.3375 0.58359375 0.05 0.1171875
10 0.425 0.303125 0.0421875 0.1140625
0 0.525 0.6125 0.040625 0.096875
1 0.64453125 0.50625 0.0484375 0.115625
4 0.4421875 0.16328125 0.0390625 0.1109375
2 0.553125 0.24453125 0.0359375 0.090625
5 0.65234375 0.1109375 0.0359375 0.096875
8 0.4171875 0.5078125 0.0375 0.0859375
6 0.71796875 0.2609375 0.0421875 0.1015625
11 0.6078125 0.41875 0.0390625 0.096875
2 0.571875 0.8390625 0.0421875 0.09375
8 0.29921875 0.83359375 0.0421875 0.0859375
9 0.79375 0.96171875 0.0453125 0.0765625
9 0.515625 0.9921875 0.021875 0.015625
2 0.3859375 0.98203125 0.0234375 0.0203125