3 0.338323534375 0.3319769375 0.3456687828125 0.3842410859375 0.35533867343750003 0.3912973 0.3642358453125 0.3872418078125 0.36810500625000003 0.3754777265625 0.3653984 0.36183273125 0.35921015 0.3514821265625 0.3514759953125 0.3245183265625 0.347608225 0.31945175312499996 0.3400650515625 0.321914415625 0.338323534375 0.3319769375
3 0.3503032546875 0.473352203125 0.362488309375 0.4702371671875 0.36713111718749997 0.45836435781249996 0.364231215625 0.443343990625 0.346053984375 0.403822484375 0.335996575 0.40523596093750003 0.334835409375 0.4138143828125 0.342954303125 0.4659698 0.3503032546875 0.473352203125
3 0.37273114375 0.5655727734375 0.3760199546875 0.55529279375 0.373700403125 0.538788325 0.354749525 0.4993755484375 0.3435314140625 0.5037572265625 0.3477825359375 0.5508460734375 0.35571091250000003 0.5679648109375 0.37273114375 0.5655727734375
3 0.3727232734375 0.6609464843749999 0.383941384375 0.6565648046875 0.388390896875 0.643316621875 0.3827839234375 0.6202614796875 0.3671200046875 0.5930095953125 0.3562889484375 0.5945318 0.3551277828125 0.6031102203125001 0.36363373125 0.6524061671875 0.3727232734375 0.6609464843749999
3 0.5040416203125 0.7420711125 0.5168065625 0.7430821937500001 0.5237703109375 0.7308831953125 0.5218378140625 0.7115192546875 0.5152629734375 0.6984179046875 0.513523309375 0.6860395546875 0.5057882296875 0.6702961890625 0.4953437640625 0.6745691390624999 0.4943731171875 0.7181842421875 0.4994002015625 0.7371132671875 0.5040416203125 0.7420711125
3 0.4404509484375 0.2446918734375 0.4448976828125 0.26510500000000004 0.441028521875 0.27686908125 0.44547525468750004 0.297282209375 0.45166396718749996 0.30202259531250003 0.46384902187500004 0.298907559375 0.46694453593749996 0.28725220625 0.4642379296875 0.27360721250000003 0.45708273750000006 0.26198996406249997 0.4563104796875 0.2452680390625 0.45224987499999997 0.23321587500000002 0.44315987031250004 0.23028577656250002 0.4404509484375 0.2446918734375
3 0.3215072484375 0.20670932656250002 0.32324691250000004 0.21908767812500002 0.3311757515625 0.23059619687500002 0.3412331609375 0.2291827203125 0.34664961562499996 0.21720118125 0.341815828125 0.199647528125 0.3342735796875 0.190889753125 0.330794253125 0.1661330515625 0.3249925953125 0.1585331921875 0.32035071406250004 0.159185565625 0.3170619046875 0.1694655453125 0.3240224109375 0.1965380765625 0.3215072484375 0.20670932656250002
3 0.3151294078125 0.1501016046875 0.32673411093750004 0.1484706703125 0.33195680625 0.140723975 0.317842496875 0.08520354375 0.3089462515625 0.0780386 0.30333650156249997 0.088644765625 0.3093296015625 0.12006087031249998 0.3089411578125 0.13975100000000001 0.3151294078125 0.1501016046875
3 0.26484375 0.11328125 0.0015625 0.0015625
5 0.2681316296875 0.14127879062499998 0.281475534375 0.157636425 0.28766517343750003 0.1511563734375 0.2894066890625 0.1410938515625 0.275871340625 0.10091997187499999 0.2750990828125 0.0841980453125 0.27142507031249996 0.0748966265625 0.263302471875 0.0676229546875 0.253051303125 0.07327127812499999 0.252470025 0.085975815625 0.2681316296875 0.14127879062499998
5 0.30541135937499997 0.7265080875 0.30676350625 0.74735613125 0.3158521203125 0.767116884375 0.3309380046875 0.7678017781250001 0.3357736453125 0.7629145578125 0.340416915625 0.745431528125 0.3357768859375 0.7236430296874999 0.31411847656249997 0.6818056953125 0.305995415625 0.6801422406250001 0.296904484375 0.688432578125 0.296516503125 0.7025124890625001 0.30541135937499997 0.7265080875
2 0.2849511578125 0.227274871875 0.2888193921875 0.22673122656250003 0.29539654843749996 0.21178148437500002 0.2787675390625 0.160822084375 0.2621362140625 0.137913775 0.2580742203125 0.1426922671875 0.25555859375 0.1584737359375 0.27141303125 0.22076230312499998 0.2849511578125 0.227274871875
2 0.28221075 0.6231758109375 0.2994205734375 0.6670408906249999 0.30560928593750003 0.671781278125 0.31837469218750003 0.667182140625 0.32398490468749996 0.6509657546875001 0.321665353125 0.6344612859375001 0.30986920625000003 0.6122759765625 0.30619565625 0.5973643390625 0.2866621125 0.5874867546875 0.28201976875 0.5937493468749999 0.28221075 0.6231758109375
0 0.281853328125 0.266981315625 0.2806912375 0.286780171875 0.2845580828125 0.3030671828125 0.293647625 0.3116074984375 0.3035117390625 0.30881865 0.30950854375 0.295353009375 0.3073822890625 0.28022391406249997 0.29674591562499997 0.26629083750000004 0.287078803125 0.22557331249999998 0.2733469171875 0.2232955875 0.27257188125 0.240234971875 0.281853328125 0.266981315625
0 0.28802259375 0.50735086875 0.2938237875 0.5205609484375 0.29343534375 0.540251075 0.29710889375 0.5551627125 0.305618084375 0.56518713125 0.3158687890625 0.5651490265625 0.3249601828125 0.5512484703125 0.32418792500000004 0.53452654375 0.3102641328125 0.5140427921875 0.3000162046875 0.48041958749999997 0.293634196875 0.47430382812499994 0.284737025 0.4783593203125 0.28802259375 0.50735086875
4 0.26947173593749996 0.3079925078125 0.26598963124999997 0.316897115625 0.2675359984375 0.32790009375 0.2733367296875 0.346720390625 0.2810722734375 0.35685353750000004 0.27990971875000004 0.38226261250000004 0.28822468749999997 0.40213209375 0.300795871875 0.40737802187499994 0.3106604484375 0.398978953125 0.313562665625 0.385948228125 0.3110493546875 0.37367860625 0.3035075703125 0.3593106140625 0.2965452125 0.3546789578125 0.28649150625 0.31121068749999997 0.27933585 0.30520365781250003 0.26947173593749996 0.3079925078125
1 0.2671443140625 0.38686175 0.2655951671875 0.40952008125 0.27100930624999997 0.4255896328125 0.28164567812499997 0.439522709375 0.279129590625 0.4609143984375 0.2835763234375 0.4813275234375 0.28628385624999997 0.48375208281250004 0.2899592578125 0.47622284531250003 0.30310986562500003 0.4912051078125 0.3083320984375 0.48906863281249996 0.31490971874999996 0.4685086734375 0.3108495765625 0.45084629062500003 0.29518473125 0.4348148421875 0.2915121078125 0.40868277031250005 0.28145655 0.387655371875 0.27372054375 0.3831324453125 0.2671443140625 0.38686175
9 0.49112690625 0.21232414375 0.500603965625 0.21239476875 0.5073739546875 0.20443061562499998 0.4961609359375 0.1470998953125 0.4926802203125 0.1391738484375 0.48629774843750007 0.1386683078125 0.482234828125 0.1546672359375 0.48435830625 0.203457640625 0.49112690625 0.21232414375
9 0.53462405625 0.4544602953125 0.545648409375 0.45431346250000004 0.5526121578125001 0.4421144640625 0.5400446796875 0.3919867921875 0.53559701875 0.3827941015625 0.5305685453125 0.38069573125 0.524571740625 0.394161371875 0.5288223999999999 0.4468604359375 0.53462405625 0.4544602953125
9 0.6469901375 0.5130028015625 0.6522114453125 0.5220867640625 0.6663303859374999 0.5215050140625 0.671746840625 0.5095234750000001 0.664788184375 0.4600100703125 0.660533821875 0.452192753125 0.6531844062500001 0.45042056874999997 0.6479612484375 0.46377748125 0.6438969390625 0.49660706406250005 0.6469901375 0.5130028015625
9 0.67541298125 0.6141986046875 0.6875975734375 0.6166937875 0.6949479125 0.6072455328124999 0.6868294828125 0.549479896875 0.675225240625 0.5455006124999999 0.6709694890625 0.55451395 0.66555118125 0.5889363624999999 0.6696113234375 0.6065987453125 0.67541298125 0.6141986046875
9 0.7090562046875 0.7356988046875 0.71582665625 0.722124434375 0.7082881140625 0.6684849140625 0.7005525703125 0.6583517671875 0.690494696875 0.6653754625 0.687202646875 0.7149269703125001 0.6962912609374999 0.7346877234375 0.7090562046875 0.7356988046875
9 0.635592621875 0.3477025625 0.6429429609375 0.338254309375 0.6359847703125 0.28313068750000003 0.628442521875 0.2743729125 0.6214792375 0.2809616921875 0.61780059375 0.3277624546875 0.6234080296875 0.34520737968750004 0.635592621875 0.3477025625
9 0.6137497140625 0.197895709375 0.618972409375 0.1901490140625 0.6123994203125 0.1546067921875 0.6112410328125 0.129523903125 0.60331173125 0.123625603125 0.596541278125 0.13719997343749998 0.595956759375 0.1891760390625 0.605239596875 0.199091728125 0.6137497140625 0.197895709375
9 0.5843585390625 0.11226391718749999 0.5886124390624999 0.1256914546875 0.5940275046875 0.13054056875 0.60892101875 0.1186296546875 0.6035073421875 0.09694988437499999 0.6002222359375 0.06234811875 0.595387521875 0.0560149015625 0.58997199375 0.056776004687500006 0.5861028328125 0.0685400859375 0.5878415703125001 0.092138871875 0.5843585390625 0.11226391718749999
8 0.563262421875 0.28774099375 0.571966759375 0.2766999109375 0.5694557640625 0.23637919687500003 0.56500903125 0.2159660703125 0.5551463062499999 0.201924265625 0.5435402125000001 0.2203858546875 0.546823465625 0.27742849375 0.55281841875 0.286403725 0.563262421875 0.28774099375
8 0.7295687296875 0.60097735625 0.735756978125 0.6113279625 0.749682159375 0.6149810578125 0.75896685 0.6024558734375 0.7609039765625 0.5657176328125 0.7580045375 0.5450870484375 0.7487221625 0.529561140625 0.7299599515625 0.5476259203125 0.731699615625 0.5600042703125 0.727249178125 0.5844728890625001 0.7295687296875 0.60097735625
11 0.6375496593750001 0.0697249359375 0.6307778171875 0.100129959375 0.633291128125 0.11239958125 0.6381258421875 0.1187327984375 0.6487631406250001 0.1214454375 0.6580478296875001 0.1089202546875 0.6524408578124999 0.0858651125 0.6557310562499999 0.058754476562500005 0.6528320796875 0.0325136734375 0.645676425 0.0265066453125 0.6379399546875 0.027593934375 0.634264553125 0.03512316875 0.633296221875 0.050687181250000005 0.6375496593750001 0.0697249359375
11 0.764377284375 0.663407171875 0.7556724828125 0.6800584734374999 0.75876475625 0.7076746484374999 0.764759709375 0.7166498812500001 0.7796518328125 0.7215696203124999 0.7893231140625 0.7117951812500001 0.7889379125 0.6922137828125 0.7852639 0.6829123625 0.7930022203125 0.6593842000000001 0.7879756 0.63484495625 0.776371821875 0.6252554546875 0.7688286484375 0.627718115625 0.765153246875 0.6352473515625 0.7618639734375 0.65113755 0.764377284375 0.663407171875
6 0.7042395484374999 0.5105670765625 0.7117813328125 0.52493506875 0.72609356875 0.525728690625 0.7332506125 0.514905065625 0.72590721875 0.4402000453125 0.721072503125 0.43386682812500005 0.715656975 0.43462793125 0.7104342796875 0.44237462499999997 0.703080234375 0.4967046234375 0.7042395484374999 0.5105670765625
6 0.6673200171875 0.2478709625 0.668092275 0.2645928890625 0.67331358125 0.27367685 0.6767952234375 0.27038246093749996 0.6882103359375 0.22249440781250002 0.6870524125 0.1918013 0.6789298140625 0.184527628125 0.6723535843749999 0.1882569328125 0.669450440625 0.21250809375 0.67099588125 0.23473150937499998 0.6673200171875 0.2478709625
10 0.6796941999999999 0.2966232640625 0.672343396875 0.311681734375 0.6715683609374999 0.32862111875 0.6738883765625 0.33951536875 0.683364509375 0.35080642968750003 0.6912942734375 0.3510945125 0.69980670625 0.3218474015625 0.6947796203125 0.302918375 0.6996166500000001 0.2812005015625 0.6980721359375 0.24775665 0.6845340078125 0.24124407812499998 0.6773769640625 0.2520677046875 0.67892333125 0.2630706828125 0.676214409375 0.27747678124999997 0.6796941999999999 0.2966232640625
7 0.6976744296875 0.3796511421875 0.6905173859375 0.39047476875 0.688968703125 0.40752288124999997 0.695349321875 0.43046929375 0.699990740625 0.43542713906249997 0.7112083890625 0.436655678125 0.71971896875 0.42984944062499997 0.7224274281249999 0.42105356250000003 0.7135339609375 0.38022730781249997 0.7185638234375 0.3654950234375 0.7175991953125 0.336177290625 0.7094770609375 0.3232933984375 0.6988393 0.3261909765625 0.6947768421875 0.3365796859375 0.6936152156250001 0.350768325 0.6976744296875 0.3796511421875