10 0.54765625 0.58828125 0.0421875 0.10625
5 0.7078125 0.4625 0.0375 0.0890625
9 0.46171875 0.5 0.03125 0.075
9 0.35703125 0.4546875 0.0296875 0.0734375
9 0.58984375 0.45390625 0.03125 0.071875
6 0.40859375 0.66015625 0.0375 0.1
7 0.68125 0.815625 0.05 0.1234375
5 0.65546875 0.3765625 0.0390625 0.103125
3 0.4765625 0.38984375 0.0296875 0.071875
5 0.66015625 0.6046875 0.040625 0.1015625
9 0.74375 0.759375 0.04375 0.0953125
8 0.52734375 0.83828125 0.0421875 0.0984375
3 0.53203125 0.31875 0.028125 0.071875
8 0.5390625 0.73828125 0.0390625 0.0875
9 0.31328125 0.32890625 0.03125 0.071875
9 0.59375 0.828125 0.0375 0.0828125
2 0.5953125 0.32890625 0.0359375 0.090625
9 0.39453125 0.83046875 0.0375 0.0828125
3 0.26171875 0.8296875 0.0375 0.08125