0 0.5125 0.61484375 0.0484375 0.0984375
8 0.41640625 0.49921875 0.046875 0.090625
10 0.44609375 0.2953125 0.053125 0.115625
4 0.478125 0.159375 0.0515625 0.1125
2 0.5796875 0.2515625 0.0453125 0.09375
5 0.69140625 0.128125 0.0453125 0.0984375
11 0.61484375 0.43203125 0.0484375 0.0984375
6 0.74140625 0.28515625 0.0515625 0.1015625
3 0.74921875 0.828125 0.05 0.08125
9 0.74296875 0.97578125 0.0515625 0.0484375
2 0.63515625 0.99453125 0.0515625 0.0109375
8 0.265625 0.8109375 0.05 0.0875
2 0.5359375 0.84453125 0.0515625 0.0953125
2 0.33671875 0.9671875 0.025 0.021875
9 0.46328125 0.99140625 0.0234375 0.0171875