1 0.578125 0.15625 0.04375 0.1203125
8 0.63359375 0.865625 0.0421875 0.0859375
10 0.61171875 0.32109375 0.04375 0.1125
9 0.51875 0.70546875 0.0359375 0.0796875
5 0.42578125 0.0859375 0.0375 0.0984375
6 0.3828125 0.22109375 0.0390625 0.1
8 0.7109375 0.3734375 0.0390625 0.0890625
3 0.31953125 0.66875 0.0390625 0.0796875
9 0.64921875 0.4453125 0.0359375 0.08125
11 0.49609375 0.33125 0.0390625 0.1
9 0.64453125 0.63125 0.0375 0.08125
7 0.46015625 0.1484375 0.04375 0.1203125
5 0.41484375 0.48515625 0.040625 0.096875
11 0.6703125 0.1125 0.0390625 0.0953125
4 0.72734375 0.1828125 0.0453125 0.1109375
6 0.296875 0.47734375 0.0453125 0.1
0 0.5515625 0.4890625 0.0390625 0.0984375
3 0.596875 0.6171875 0.034375 0.0765625
0 0.56328125 0.2578125 0.0375 0.1
3 0.33125 0.209375 0.0359375 0.0796875
2 0.36484375 0.81875 0.04375 0.0921875
2 0.3765625 0.30703125 0.040625 0.0984375
2 0.51875 0.99140625 0.025 0.0171875