9 0.34609375 0.50078125 0.0328125 0.0796875
5 0.64765625 0.72265625 0.04375 0.096875
6 0.4515625 0.51484375 0.0359375 0.0953125
9 0.475 0.34140625 0.03125 0.078125
4 0.5859375 0.3265625 0.040625 0.1109375
0 0.48125 0.0921875 0.0328125 0.103125
3 0.52578125 0.5140625 0.0328125 0.0765625
3 0.63828125 0.60859375 0.034375 0.078125
0 0.56953125 0.71953125 0.0390625 0.0984375
9 0.38046875 0.103125 0.0296875 0.0796875
11 0.35859375 0.42109375 0.0390625 0.096875
9 0.44296875 0.17734375 0.0296875 0.078125
11 0.421875 0.32421875 0.0375 0.0953125
6 0.53125 0.4125 0.034375 0.0984375
7 0.53359375 0.24453125 0.0390625 0.1140625
3 0.396875 0.5984375 0.0328125 0.075
3 0.659375 0.10390625 0.0296875 0.078125
9 0.4765625 0.31953125 0.01875 0.034375
5 0.70390625 0.24140625 0.0390625 0.09375
9 0.43828125 0.7109375 0.034375 0.08125
3 0.60625 0.17734375 0.0296875 0.075
9 0.44296875 0.15546875 0.0171875 0.0328125
9 0.37890625 0.08203125 0.01875 0.034375
1 0.5390625 0.1609375 0.0375 0.1203125
3 0.609375 0.15859375 0.01875 0.0328125
6 0.53515625 0.38671875 0.021875 0.0453125
3 0.52734375 0.4953125 0.0203125 0.034375
3 0.64296875 0.5890625 0.01875 0.034375
9 0.4375 0.6890625 0.0203125 0.0359375
3 0.57265625 0.69375 0.0234375 0.0453125
9 0.54453125 0.09765625 0.01875 0.0421875
3 0.59140625 0.296875 0.025 0.04375
3 0.71171875 0.21640625 0.021875 0.0359375