7 0.5546875 0.30390625 0.0453125 0.11875
11 0.58828125 0.4 0.0421875 0.096875
10 0.38515625 0.32265625 0.0453125 0.1140625
6 0.61171875 0.21953125 0.040625 0.1
9 0.48515625 0.70546875 0.0375 0.08125
2 0.4625 0.4328125 0.0390625 0.09375
8 0.37265625 0.86796875 0.0453125 0.0859375
0 0.54609375 0.23515625 0.0375 0.0953125
5 0.5671875 0.0859375 0.0390625 0.096875
5 0.46875 0.49921875 0.0421875 0.0984375
8 0.28671875 0.37578125 0.0421875 0.090625
1 0.53515625 0.14140625 0.04375 0.11875
9 0.3578125 0.634375 0.0375 0.08125
3 0.68359375 0.665625 0.0390625 0.08125
4 0.37421875 0.18125 0.04375 0.1125
9 0.35 0.44609375 0.0375 0.08125
0 0.5484375 0.6046875 0.0421875 0.0953125
6 0.703125 0.4734375 0.046875 0.0984375
3 0.6015625 0.59921875 0.0375 0.078125
3 0.6640625 0.20703125 0.0375 0.0796875
2 0.640625 0.81640625 0.0453125 0.0921875
2 0.4890625 0.99140625 0.025 0.0171875