9 0.48828125 0.18125 0.03125 0.0625
9 0.6546875 0.484375 0.040625 0.08125
9 0.53515625 0.42421875 0.034375 0.06875
9 0.5125 0.33359375 0.0375 0.08125
11 0.63515625 0.0734375 0.0453125 0.0984375
11 0.77578125 0.67109375 0.0515625 0.1015625
7 0.69375 0.3734375 0.0546875 0.1203125
6 0.671875 0.22734375 0.046875 0.103125
10 0.58125 0.38984375 0.05 0.1140625
0 0.45234375 0.71953125 0.0484375 0.1046875
5 0.490625 0.59296875 0.04375 0.09375
2 0.303125 0.63125 0.0515625 0.0953125
3 0.47734375 0.5109375 0.0390625 0.08125
3 0.44609375 0.26484375 0.0375 0.08125
3 0.57109375 0.69609375 0.0390625 0.0796875
1 0.28828125 0.4421875 0.0609375 0.1234375
4 0.2875 0.359375 0.053125 0.1125
0 0.28515625 0.26640625 0.0453125 0.103125
5 0.26328125 0.115625 0.0453125 0.0984375
3 0.309375 0.11640625 0.0375 0.08125
6 0.63203125 0.6734375 0.0453125 0.1
8 0.6 0.48671875 0.04375 0.09375
8 0.55078125 0.24375 0.040625 0.0890625
2 0.46640625 0.4078125 0.04375 0.0953125
3 0.36796875 0.1859375 0.0359375 0.078125
3 0.40625 0.428125 0.0390625 0.078125
9 0.59921875 0.16171875 0.034375 0.0796875
9 0.70390625 0.70703125 0.0390625 0.0671875
9 0.58671875 0.090625 0.034375 0.078125