1 0.53515625 0.14921875 0.0328125 0.11875
8 0.67734375 0.846875 0.0359375 0.0828125
10 0.5890625 0.30859375 0.034375 0.1109375
9 0.54375 0.7015625 0.028125 0.078125
5 0.37578125 0.0984375 0.0296875 0.096875
6 0.35 0.2375 0.03125 0.096875
8 0.69453125 0.34921875 0.03125 0.0875
3 0.34140625 0.68984375 0.03125 0.0765625
9 0.64140625 0.42734375 0.0296875 0.0796875
11 0.475 0.33359375 0.03125 0.096875
9 0.66015625 0.6125 0.0296875 0.078125
7 0.4171875 0.15625 0.0328125 0.11875
5 0.4140625 0.4953125 0.0328125 0.0953125
11 0.621875 0.09453125 0.03125 0.09375
4 0.68671875 0.1578125 0.0359375 0.109375
6 0.2953125 0.50234375 0.0375 0.096875
0 0.55 0.4828125 0.03125 0.096875
3 0.61015625 0.6046875 0.028125 0.075
0 0.5328125 0.2515625 0.0296875 0.0984375
3 0.296875 0.23203125 0.0296875 0.0765625
2 0.4046875 0.8328125 0.0359375 0.090625
2 0.35390625 0.3234375 0.0328125 0.0953125
2 0.5796875 0.98828125 0.0234375 0.01875