9 0.47734375 0.18203125 0.034375 0.0640625
9 0.65390625 0.47890625 0.0421875 0.0828125
9 0.5328125 0.42265625 0.0359375 0.0703125
9 0.50625 0.3328125 0.0390625 0.0828125
11 0.6203125 0.06953125 0.0484375 0.1
11 0.78125 0.6609375 0.0546875 0.103125
7 0.6890625 0.3671875 0.059375 0.121875
6 0.6625 0.221875 0.05 0.103125
10 0.57734375 0.38671875 0.053125 0.115625
0 0.46015625 0.72109375 0.0515625 0.1046875
5 0.49375 0.59375 0.046875 0.09375
2 0.3078125 0.63828125 0.0546875 0.0953125
3 0.47734375 0.51171875 0.0421875 0.08125
3 0.43828125 0.2671875 0.0390625 0.0828125
3 0.578125 0.69296875 0.0421875 0.0796875
1 0.28671875 0.45 0.0640625 0.125
4 0.28203125 0.3671875 0.0578125 0.1125
0 0.27734375 0.27421875 0.0484375 0.103125
5 0.25 0.12421875 0.0484375 0.1
3 0.29609375 0.1234375 0.0390625 0.0828125
6 0.63828125 0.66875 0.0484375 0.1015625
8 0.59921875 0.4828125 0.046875 0.09375
8 0.5421875 0.2421875 0.04375 0.0890625
2 0.46328125 0.409375 0.046875 0.096875
3 0.35703125 0.19140625 0.0390625 0.0796875
3 0.40390625 0.43125 0.040625 0.078125
9 0.5875 0.15859375 0.0375 0.0796875
9 0.7109375 0.7 0.040625 0.0671875
9 0.57265625 0.08828125 0.0359375 0.078125