3 0.64140625 0.7015625 0.0390625 0.0796875
7 0.3359375 0.58125 0.0515625 0.1171875
10 0.428125 0.3015625 0.04375 0.1140625
0 0.52265625 0.61328125 0.0421875 0.096875
1 0.64453125 0.50859375 0.05 0.1171875
4 0.4484375 0.1625 0.0421875 0.1109375
2 0.55703125 0.2453125 0.0375 0.0921875
5 0.659375 0.1140625 0.0375 0.0984375
8 0.4171875 0.50625 0.0390625 0.0875
6 0.721875 0.26484375 0.04375 0.1015625
11 0.60859375 0.4203125 0.040625 0.096875
2 0.565625 0.83984375 0.04375 0.09375
8 0.29296875 0.83046875 0.0421875 0.0875
9 0.7859375 0.9640625 0.046875 0.071875
9 0.50703125 0.9921875 0.0234375 0.015625
2 0.37734375 0.9796875 0.025 0.0203125