9 0.42890625 0.18203125 0.03125 0.08125
9 0.34609375 0.52578125 0.0359375 0.08125
6 0.41796875 0.7015625 0.040625 0.1
9 0.4453125 0.3421875 0.0328125 0.08125
7 0.28046875 0.428125 0.05 0.1203125
8 0.384375 0.265625 0.0375 0.0890625
11 0.278125 0.73515625 0.046875 0.1015625
5 0.62890625 0.06796875 0.040625 0.0984375
2 0.50859375 0.40390625 0.0390625 0.09375
10 0.39296875 0.4140625 0.04375 0.1140625
3 0.49140625 0.2578125 0.0328125 0.08125
1 0.6890625 0.3890625 0.0546875 0.121875
3 0.48125 0.70859375 0.0359375 0.0765625
3 0.584375 0.08046875 0.0328125 0.08125
8 0.4 0.5125 0.040625 0.0921875
0 0.60234375 0.7 0.04375 0.103125
3 0.525 0.5046875 0.034375 0.0796875
4 0.66953125 0.31015625 0.0484375 0.1109375
11 0.259375 0.1234375 0.040625 0.0984375
6 0.26328125 0.28203125 0.040625 0.1015625
9 0.44609375 0.4328125 0.03125 0.0765625
0 0.646875 0.21875 0.0390625 0.0984375
3 0.5453125 0.16328125 0.0328125 0.078125
3 0.571875 0.40625 0.034375 0.078125
5 0.53203125 0.5859375 0.040625 0.0953125
9 0.3171875 0.1984375 0.03125 0.078125
9 0.35625 0.75234375 0.0359375 0.065625
5 0.7234375 0.578125 0.046875 0.0921875
9 0.31015625 0.1265625 0.03125 0.08125