11 0.6 0.596875 0.034375 0.090625
6 0.41875 0.6015625 0.0359375 0.0921875
0 0.4109375 0.24765625 0.03125 0.0984375
3 0.36328125 0.18046875 0.028125 0.078125
4 0.52421875 0.33125 0.034375 0.1109375
7 0.47578125 0.24453125 0.0359375 0.1171875
3 0.35859375 0.603125 0.03125 0.0765625
9 0.6328125 0.1078125 0.0265625 0.08125
1 0.571875 0.0828125 0.034375 0.1234375
3 0.534375 0.63046875 0.0296875 0.0765625
11 0.59140625 0.41875 0.034375 0.096875
5 0.48515625 0.59921875 0.034375 0.09375
9 0.4703125 0.11328125 0.025 0.0765625
9 0.65234375 0.5078125 0.03125 0.0765625
5 0.403125 0.4109375 0.034375 0.09375
9 0.56875 0.17734375 0.028125 0.08125
3 0.41171875 0.1046875 0.0265625 0.075
3 0.534375 0.41484375 0.028125 0.078125