1 0.55 0.0796875 0.040625 0.121875
5 0.490625 0.6 0.0390625 0.0953125
11 0.64140625 0.41875 0.040625 0.0984375
9 0.65390625 0.4984375 0.034375 0.078125
7 0.4609375 0.24609375 0.0421875 0.115625
4 0.41015625 0.328125 0.0421875 0.1109375
6 0.4671875 0.41328125 0.0375 0.1
9 0.6125 0.1015625 0.03125 0.0828125
11 0.57578125 0.32265625 0.0375 0.09375
3 0.5296875 0.41328125 0.0328125 0.078125
3 0.6046875 0.59609375 0.034375 0.075
9 0.5515625 0.175 0.0328125 0.0828125
3 0.3640625 0.6109375 0.0359375 0.078125
3 0.3921875 0.1078125 0.0296875 0.0765625
9 0.45078125 0.11640625 0.0296875 0.0796875
0 0.5125 0.09375 0.034375 0.1015625
5 0.2859375 0.421875 0.04375 0.09375
3 0.44765625 0.18125 0.028125 0.078125