9 0.653125 0.49765625 0.034375 0.0796875
11 0.64140625 0.41796875 0.040625 0.0984375
7 0.46171875 0.24453125 0.0421875 0.11875
5 0.35625 0.725 0.0453125 0.0984375
4 0.4109375 0.328125 0.04375 0.1125
1 0.2890625 0.4296875 0.053125 0.1234375
6 0.54921875 0.51328125 0.0375 0.096875
9 0.521875 0.340625 0.0328125 0.078125
9 0.6125 0.1015625 0.03125 0.08125
0 0.434375 0.72109375 0.040625 0.0984375
3 0.47421875 0.5140625 0.034375 0.0765625
0 0.51171875 0.09296875 0.034375 0.1046875
11 0.575 0.321875 0.0390625 0.096875
9 0.45 0.115625 0.0296875 0.0796875
3 0.3625 0.609375 0.0375 0.0796875
6 0.4671875 0.41328125 0.0359375 0.096875
9 0.5515625 0.17734375 0.03125 0.0796875
3 0.33359375 0.1078125 0.03125 0.0796875
3 0.60390625 0.59609375 0.034375 0.075
9 0.56640625 0.709375 0.034375 0.08125
3 0.3890625 0.18046875 0.03125 0.0765625
5 0.29140625 0.2453125 0.0421875 0.09375