3 0.559375 0.3359375 0.0390625 0.075
2 0.45234375 0.31015625 0.0453125 0.0921875
5 0.49609375 0.3921875 0.0453125 0.0890625
4 0.50625 0.48125 0.053125 0.1078125
9 0.228125 0.61796875 0.046875 0.0796875
8 0.71875 0.4328125 0.04375 0.084375
7 0.60859375 0.3859375 0.0546875 0.1140625
10 0.36171875 0.4109375 0.053125 0.10625
9 0.721875 0.36953125 0.040625 0.0765625
3 0.43359375 0.5953125 0.0421875 0.0765625
6 0.50703125 0.584375 0.0484375 0.096875
6 0.34296875 0.5 0.05 0.0984375
8 0.340625 0.69453125 0.0546875 0.0984375
9 0.4921875 0.67265625 0.0421875 0.078125
9 0.45 0.834375 0.0453125 0.0828125
0 0.64453125 0.47734375 0.0390625 0.0734375