3 0.6328125 0.127777778125 0.6390625 0.1166666671875 0.63515625 0.09444444375 0.63828125 0.0666666671875 0.6328125 0.055555556250000006 0.62578125 0.05694444375 0.62265625 0.0638888890625 0.62265625 0.08333333281250001 0.61640625 0.11944444375 0.6203125 0.1263888890625 0.6328125 0.127777778125
3 0.61640625 0.20694444375 0.62890625 0.20972222187499998 0.634375 0.20277777812500003 0.63671875 0.1888888890625 0.63203125 0.175 0.63515625 0.147222221875 0.63203125 0.13888888906250002 0.62578125 0.1375 0.6203125 0.15 0.62109375 0.1666666671875 0.6140625 0.184722221875 0.61328125 0.1986111109375 0.61640625 0.20694444375
3 0.63359375 0.2791666671875 0.6359375 0.26805555625 0.63515625 0.23055555625 0.63125 0.2138888890625 0.62265625 0.2166666671875 0.6125 0.25833333281250004 0.61171875 0.2708333328125 0.61640625 0.28194444375 0.6265625 0.28472222187499996 0.63359375 0.2791666671875
3 0.63515625 0.36666666718749996 0.63828125 0.3458333328125 0.634375 0.33055555625 0.63671875 0.3111111109375 0.63359375 0.3013888890625 0.6265625 0.3 0.621875 0.30694444375 0.6140625 0.3458333328125 0.6140625 0.3625 0.61875 0.36944444375 0.62890625 0.372222221875 0.63515625 0.36666666718749996
3 0.64765625 0.45 0.6515625 0.4375 0.65 0.384722221875 0.6390625 0.38333333281250004 0.6265625 0.425 0.62578125 0.4388888890625 0.63046875 0.45 0.6390625 0.45416666718750004 0.64765625 0.45
3 0.65234375 0.5458333328125 0.6578125 0.5263888890625 0.65546875 0.48333333281249996 0.65078125 0.477777778125 0.64375 0.4791666671875 0.6375 0.50555555625 0.63046875 0.51944444375 0.63046875 0.5361111109375 0.63515625 0.547222221875 0.64609375 0.55 0.65234375 0.5458333328125
3 0.653125 0.6375 0.6578125 0.6263888890625 0.6578125 0.58194444375 0.65546875 0.5736111109375 0.64453125 0.5736111109375 0.63203125 0.60555555625 0.63046875 0.6263888890625 0.63359375 0.6347222218749999 0.640625 0.6416666671875 0.653125 0.6375
3 0.6546875 0.7375 0.66015625 0.7166666671875 0.65703125 0.66944444375 0.65234375 0.665277778125 0.64453125 0.66805555625 0.63203125 0.7083333328125 0.63203125 0.7263888890625 0.6375 0.7375 0.64609375 0.7416666671875001 0.6546875 0.7375
11 0.29921875 0.140277778125 0.30703125 0.14444444375 0.3140625 0.1291666671875 0.30390625 0.0861111109375 0.303125 0.0625 0.29765625 0.052777778124999994 0.284375 0.05694444375 0.284375 0.084722221875 0.290625 0.0986111109375 0.28984375 0.1263888890625 0.29921875 0.140277778125
11 0.25390625 0.7583333328124999 0.2671875 0.752777778125 0.27265625 0.7416666671875001 0.27265625 0.7194444437499999 0.26171875 0.6944444437499999 0.25546875 0.66805555625 0.24296875 0.6625 0.23359375 0.6708333328125 0.23203125 0.69305555625 0.2421875 0.7208333328125 0.2421875 0.747222221875 0.25390625 0.7583333328124999
5 0.68515625 0.04305555625 0.67421875 0.0388888890625 0.66796875 0.0458333328125 0.66484375 0.05694444375 0.6671875 0.0791666671875 0.6609375 0.1 0.6609375 0.12222222187500001 0.66875 0.1291666671875 0.68671875 0.07083333281250001 0.68515625 0.04305555625
5 0.7203125 0.7375 0.72421875 0.727777778125 0.7234375 0.702777778125 0.72890625 0.68194444375 0.7265625 0.6569444437499999 0.71015625 0.652777778125 0.70234375 0.672222221875 0.7 0.690277778125 0.69296875 0.7041666671875 0.6921875 0.722222221875 0.69921875 0.7375 0.7046875 0.7416666671875001 0.7203125 0.7375
8 0.28046875 0.64444444375 0.2859375 0.6319444437499999 0.28671875 0.61944444375 0.27890625 0.577777778125 0.26328125 0.5638888890625 0.25859375 0.5625 0.25390625 0.5694444437499999 0.25078125 0.6013888890625 0.2578125 0.6361111109375 0.265625 0.647222221875 0.28046875 0.64444444375
8 0.309375 0.215277778125 0.3140625 0.1888888890625 0.30703125 0.1666666671875 0.30546875 0.147222221875 0.28984375 0.1291666671875 0.284375 0.1416666671875 0.28203125 0.1541666671875 0.28828125 0.20555555625 0.2953125 0.2166666671875 0.309375 0.215277778125
2 0.68828125 0.1666666671875 0.69453125 0.140277778125 0.6921875 0.11805555625 0.68828125 0.109722221875 0.68046875 0.10555555624999999 0.67109375 0.13194444375 0.67109375 0.14444444375 0.66328125 0.17361111093749998 0.66171875 0.184722221875 0.67109375 0.2 0.6875 0.190277778125 0.68828125 0.1666666671875
2 0.71953125 0.640277778125 0.72578125 0.627777778125 0.73203125 0.5930555562500001 0.73046875 0.56805555625 0.7265625 0.559722221875 0.7203125 0.5583333328125 0.7125 0.56805555625 0.70546875 0.5694444437499999 0.70390625 0.5875 0.69609375 0.60555555625 0.6953125 0.625 0.70078125 0.6375 0.70859375 0.64305555625 0.71953125 0.640277778125
0 0.6859375 0.2736111109375 0.684375 0.23611111093749998 0.6890625 0.2125 0.68671875 0.19444444375 0.68125 0.1916666671875 0.67265625 0.1986111109375 0.67109375 0.23472222187499997 0.6609375 0.252777778125 0.66015625 0.2708333328125 0.66796875 0.2833333328125 0.678125 0.28472222187499996 0.6859375 0.2736111109375
0 0.70703125 0.5305555562500001 0.71015625 0.51944444375 0.70703125 0.4916666671875 0.7109375 0.47361111093749997 0.709375 0.45 0.70546875 0.4458333328125 0.69609375 0.45277777812500003 0.69140625 0.46805555625000006 0.690625 0.48472222187499997 0.68046875 0.5041666671875 0.67890625 0.51944444375 0.684375 0.5333333328125 0.69921875 0.5388888890625 0.70703125 0.5305555562500001
4 0.69453125 0.3763888890625 0.70078125 0.3513888890625 0.696875 0.3291666671875 0.703125 0.315277778125 0.70625 0.2958333328125 0.70625 0.28611111093749997 0.70234375 0.2791666671875 0.6921875 0.27638888906250003 0.6859375 0.28194444375 0.68203125 0.30555555624999997 0.68359375 0.322222221875 0.6703125 0.34444444375 0.66875 0.3611111109375 0.6734375 0.3736111109375 0.6828125 0.38055555625 0.69453125 0.3763888890625
10 0.284375 0.3611111109375 0.28984375 0.3791666671875 0.29765625 0.377777778125 0.30390625 0.36944444375 0.30625 0.35 0.30390625 0.33888888906250003 0.29296875 0.32083333281250004 0.29453125 0.3 0.290625 0.28055555625 0.2796875 0.26805555625 0.26875 0.2791666671875 0.26875 0.29305555625 0.27890625 0.33194444375 0.27734375 0.3513888890625 0.284375 0.3611111109375
6 0.3015625 0.2888888890625 0.3015625 0.2736111109375 0.29375 0.259722221875 0.29296875 0.240277778125 0.2875 0.21805555625 0.28359375 0.2125 0.27265625 0.2166666671875 0.271875 0.23472222187499997 0.27578125 0.252777778125 0.29765625 0.3 0.3015625 0.2888888890625
6 0.27734375 0.5555555562500001 0.28984375 0.55694444375 0.296875 0.5458333328125 0.29765625 0.51944444375 0.2890625 0.5041666671875 0.2890625 0.4916666671875 0.28359375 0.47083333281249995 0.2765625 0.46388888906250003 0.26875 0.46805555625000006 0.2671875 0.49444444374999996 0.271875 0.5125 0.26953125 0.5416666671875 0.27734375 0.5555555562500001
7 0.27265625 0.4625 0.28203125 0.46666666718750005 0.29375 0.4625 0.3 0.43333333281249997 0.296875 0.41944444374999995 0.2859375 0.40416666718750005 0.28828125 0.3888888890625 0.28359375 0.3625 0.27109375 0.352777778125 0.26171875 0.36944444375 0.26484375 0.397222221875 0.27265625 0.4166666671875 0.26875 0.45416666718750004 0.27265625 0.4625
9 0.346875 0.627777778125 0.34765625 0.6138888890625 0.33828125 0.5791666671875 0.3296875 0.56805555625 0.32109375 0.577777778125 0.32728125 0.6167333328125 0.33046875 0.6416666671875 0.34140625 0.6388888890625 0.346875 0.627777778125
1 0.69609375 0.45416666718750004 0.70546875 0.4458333328125 0.71015625 0.45555555625000005 0.71328125 0.43055555625 0.7078125 0.41111111093749997 0.71640625 0.39444444375 0.7203125 0.3763888890625 0.7203125 0.36666666718749996 0.715625 0.35694444375 0.7078125 0.352777778125 0.7 0.3583333328125 0.69375 0.38055555625 0.69453125 0.3986111109375 0.69140625 0.41111111093749997 0.68046875 0.425 0.67890625 0.44166666718750003 0.68515625 0.459722221875 0.69296875 0.46388888906250003 0.69609375 0.45416666718750004
9 0.34453125 0.7375 0.33359375 0.6888888890625 0.3234375 0.684722221875 0.3171875 0.6958333328124999 0.3171875 0.75 0.3265625 0.7625 0.3375 0.7597222218749999 0.34453125 0.7375
9 0.35078125 0.54305555625 0.35625 0.5319444437499999 0.35625 0.5111111109375 0.34453125 0.475 0.3359375 0.47222222187499996 0.33359375 0.4763888890625 0.33125 0.48472222187499997 0.33125 0.5333333328125 0.3390625 0.54444444375 0.35078125 0.54305555625
9 0.3609375 0.4486111109375 0.35625 0.40555555625000006 0.34921875 0.39027777812500003 0.33984375 0.39444444375 0.3375 0.45416666718750004 0.34453125 0.4625 0.35390625 0.4625 0.3609375 0.4486111109375
9 0.34453125 0.36805555624999997 0.3546875 0.36666666718749996 0.359375 0.35555555625 0.359375 0.34444444375 0.35078125 0.3 0.34609375 0.29305555625 0.340625 0.29305555625 0.33515625 0.30555555624999997 0.3375 0.3263888890625 0.334375 0.34861111093749997 0.3359375 0.35972222187499997 0.34453125 0.36805555624999997
9 0.36953125 0.28194444375 0.3609375 0.23333333281250002 0.35234375 0.225 0.34609375 0.23611111093749998 0.3453125 0.2875 0.3515625 0.29722222187499997 0.3640625 0.2958333328125 0.36953125 0.28194444375
9 0.36015625 0.20833333281250002 0.3609375 0.19444444375 0.353125 0.15277777812499999 0.346875 0.1416666671875 0.34140625 0.1416666671875 0.3390625 0.147222221875 0.33828125 0.20416666718749998 0.34375 0.215277778125 0.35390625 0.2166666671875 0.36015625 0.20833333281250002
9 0.3546875 0.0861111109375 0.3484375 0.0736111109375 0.33984375 0.08055555625000001 0.33984375 0.140277778125 0.35625 0.147222221875 0.3625 0.1291666671875 0.3546875 0.0861111109375