3 0.6890625 0.65859375 0.0421875 0.08125
7 0.3625 0.6203125 0.0578125 0.11875
10 0.37890625 0.3265625 0.05 0.115625
0 0.5515625 0.603125 0.046875 0.096875
1 0.64140625 0.47109375 0.05625 0.1171875
4 0.3625 0.1875 0.046875 0.1125
2 0.48984375 0.2390625 0.0421875 0.0921875
5 0.55390625 0.0859375 0.0421875 0.0984375
8 0.42109375 0.52734375 0.04375 0.0875
6 0.653125 0.215625 0.0484375 0.103125
11 0.584375 0.39453125 0.0453125 0.0984375
2 0.6515625 0.81171875 0.0484375 0.0953125
8 0.3859375 0.87265625 0.046875 0.0875
9 0.896875 0.87734375 0.05 0.078125
9 0.634375 0.9765625 0.0234375 0.0203125
2 0.5046875 0.9921875 0.025 0.015625