2 0.53125 0.3763888890625 0.52109375 0.3625 0.50625 0.3888888890625 0.50390625 0.440277778125 0.51171875 0.45 0.5265625 0.447222221875 0.53203125 0.43055555625 0.53125 0.3763888890625
11 0.296875 0.0513888890625 0.28359375 0.058333332812500006 0.284375 0.08333333281250001 0.29140625 0.10833333281249999 0.28828125 0.1263888890625 0.28984375 0.1375 0.29609375 0.14444444375 0.3078125 0.14444444375 0.3140625 0.134722221875 0.3140625 0.1208333328125 0.303125 0.0888888890625 0.30546875 0.08055555625000001 0.303125 0.061111110937500004 0.296875 0.0513888890625
11 0.23359375 0.6736111109375 0.2328125 0.7 0.24296875 0.7166666671875 0.240625 0.7291666671875 0.24296875 0.7486111109375 0.25390625 0.7583333328124999 0.26796875 0.7513888890625 0.27265625 0.7375 0.27265625 0.7194444437499999 0.26484375 0.7041666671875 0.25546875 0.66805555625 0.24453125 0.6625 0.23359375 0.6736111109375
5 0.6671875 0.0791666671875 0.6578125 0.115277778125 0.66328125 0.127777778125 0.6765625 0.13055555624999998 0.684375 0.1166666671875 0.68125 0.08194444375 0.68671875 0.07083333281250001 0.68671875 0.047222221875 0.68203125 0.040277778125000004 0.67421875 0.0388888890625 0.66484375 0.05694444375 0.6671875 0.0791666671875
5 0.7 0.690277778125 0.69296875 0.702777778125 0.6921875 0.7208333328125 0.6984375 0.7375 0.7078125 0.7430555562500001 0.7203125 0.7375 0.725 0.725 0.7234375 0.702777778125 0.72890625 0.6833333328125 0.7296875 0.66944444375 0.7265625 0.6569444437499999 0.71640625 0.6513888890625 0.7078125 0.6555555562500001 0.7 0.690277778125
1 0.70078125 0.3583333328125 0.69375 0.38194444375000003 0.69453125 0.3986111109375 0.69140625 0.41111111093749997 0.6796875 0.427777778125 0.6796875 0.447222221875 0.68984375 0.46388888906250003 0.69453125 0.4625 0.70078125 0.45 0.7109375 0.45416666718750004 0.71328125 0.4291666671875 0.7078125 0.41111111093749997 0.7171875 0.39305555625 0.7203125 0.372222221875 0.71484375 0.35555555625 0.709375 0.352777778125 0.70078125 0.3583333328125
4 0.68359375 0.322222221875 0.6703125 0.34305555625 0.66875 0.3611111109375 0.6734375 0.3736111109375 0.6828125 0.38055555625 0.6953125 0.3763888890625 0.7015625 0.3513888890625 0.696875 0.3361111109375 0.70625 0.29722222187499997 0.70390625 0.28055555625 0.6921875 0.27638888906250003 0.68515625 0.2833333328125 0.68203125 0.30416666718749996 0.68359375 0.322222221875
7 0.271875 0.352777778125 0.26171875 0.36666666718749996 0.2640625 0.3958333328125 0.271875 0.4166666671875 0.26875 0.45416666718750004 0.271875 0.4611111109375 0.28203125 0.46666666718750005 0.29375 0.4625 0.29921875 0.447222221875 0.3 0.43333333281249997 0.29765625 0.42222222187499997 0.2890625 0.40972222187499996 0.28359375 0.3625 0.271875 0.352777778125
6 0.30078125 0.275 0.29296875 0.259722221875 0.2890625 0.225 0.2828125 0.2125 0.271875 0.21944444375 0.27421875 0.25 0.296875 0.3013888890625 0.30078125 0.290277778125 0.30078125 0.275
9 0.3375 0.2 0.3390625 0.20972222187499998 0.34609375 0.2166666671875 0.359375 0.2125 0.36171875 0.197222221875 0.3546875 0.175 0.35234375 0.14861111093749999 0.34140625 0.1416666671875 0.33828125 0.15277777812499999 0.340625 0.172222221875 0.3375 0.2
9 0.36171875 0.1291666671875 0.35546875 0.0875 0.34921875 0.0736111109375 0.34375 0.0736111109375 0.33984375 0.08055555625000001 0.3390625 0.1375 0.35625 0.14861111093749999 0.36015625 0.14305555625 0.36171875 0.1291666671875
9 0.45078125 0.20555555625 0.45546875 0.2138888890625 0.46875 0.2138888890625 0.47421875 0.20277777812500003 0.46953125 0.1541666671875 0.46328125 0.140277778125 0.4546875 0.1513888890625 0.45546875 0.175 0.4515625 0.1861111109375 0.45078125 0.20555555625
9 0.3359375 0.35972222187499997 0.34453125 0.36805555624999997 0.35546875 0.365277778125 0.36015625 0.34722222187499996 0.34921875 0.3 0.34296875 0.29305555625 0.33515625 0.30555555624999997 0.3375 0.325 0.334375 0.34722222187499996 0.3359375 0.35972222187499997
9 0.34140625 0.5458333328125 0.35234375 0.5416666671875 0.35625 0.5333333328125 0.35703125 0.51944444375 0.346875 0.4791666671875 0.33671875 0.47222222187499996 0.33125 0.4861111109375 0.33046875 0.5291666671875 0.3328125 0.5375 0.34140625 0.5458333328125
9 0.346875 0.627777778125 0.34765625 0.609722221875 0.33828125 0.5791666671875 0.33203125 0.5694444437499999 0.321875 0.575 0.321875 0.6319444437499999 0.3296875 0.6416666671875 0.3421875 0.6375 0.346875 0.627777778125
9 0.34296875 0.75 0.34375 0.7333333328125 0.334375 0.690277778125 0.325 0.684722221875 0.3171875 0.6958333328124999 0.31796875 0.752777778125 0.3265625 0.7625 0.33828125 0.7597222218749999 0.34296875 0.75
9 0.4484375 0.4611111109375 0.46015625 0.459722221875 0.4640625 0.4513888890625 0.4609375 0.397222221875 0.45625 0.3888888890625 0.45 0.3888888890625 0.4453125 0.40138888906250003 0.43984375 0.4375 0.440625 0.45277777812500003 0.4484375 0.4611111109375
8 0.4234375 0.28194444375 0.41875 0.23055555625 0.40546875 0.2138888890625 0.4 0.215277778125 0.3953125 0.23055555625 0.396875 0.28611111093749997 0.4046875 0.29722222187499997 0.41796875 0.2958333328125 0.4234375 0.28194444375
8 0.25078125 0.58194444375 0.25078125 0.6013888890625 0.25625 0.6180555562500001 0.2578125 0.6375 0.26953125 0.6486111109375 0.28125 0.64444444375 0.2859375 0.6347222218749999 0.28671875 0.6166666671875001 0.27890625 0.577777778125 0.26171875 0.5638888890625 0.25390625 0.5708333328124999 0.25078125 0.58194444375
6 0.27265625 0.5166666671875 0.26953125 0.54305555625 0.275 0.5541666671875001 0.28203125 0.5583333328125 0.29453125 0.5527777781250001 0.2984375 0.525 0.2828125 0.46944444374999994 0.27265625 0.46388888906250003 0.2671875 0.47361111093749997 0.26640625 0.490277778125 0.27265625 0.5166666671875
3 0.528125 0.5458333328125 0.53359375 0.540277778125 0.53671875 0.515277778125 0.5296875 0.475 0.52421875 0.47222222187499996 0.51796875 0.4791666671875 0.5109375 0.5138888890625 0.51015625 0.5333333328125 0.515625 0.54305555625 0.528125 0.5458333328125
3 0.51484375 0.7416666671875001 0.52578125 0.7430555562500001 0.53359375 0.734722221875 0.5359375 0.715277778125 0.528125 0.6708333328125 0.51875 0.66805555625 0.51484375 0.6736111109375 0.5125 0.6986111109375 0.5078125 0.7125 0.5078125 0.7291666671875 0.51484375 0.7416666671875001
3 0.65546875 0.6347222218749999 0.65859375 0.622222221875 0.65625 0.575 0.64453125 0.5736111109375 0.63203125 0.6041666671875 0.63046875 0.6263888890625 0.6359375 0.6388888890625 0.64765625 0.6416666671875 0.65546875 0.6347222218749999
3 0.57421875 0.4486111109375 0.58515625 0.45 0.59140625 0.44305555625000004 0.59375 0.42083333281249996 0.58828125 0.38055555625 0.58125 0.377777778125 0.5765625 0.38333333281250004 0.5734375 0.41111111093749997 0.56796875 0.4236111109375 0.5671875 0.4361111109375 0.57421875 0.4486111109375
3 0.6140625 0.3625 0.61953125 0.3708333328125 0.63046875 0.372222221875 0.63671875 0.3638888890625 0.6390625 0.3513888890625 0.63515625 0.3361111109375 0.63671875 0.3138888890625 0.63359375 0.3013888890625 0.6234375 0.302777778125 0.6203125 0.32777777812500003 0.6140625 0.3458333328125 0.6140625 0.3625
3 0.57578125 0.1416666671875 0.57578125 0.15972222187500001 0.56875 0.18055555625 0.56796875 0.19583333281249998 0.57578125 0.20555555625 0.58515625 0.20555555625 0.590625 0.1986111109375 0.5921875 0.1861111109375 0.58828125 0.172222221875 0.58984375 0.1416666671875 0.5859375 0.13333333281249998 0.5796875 0.13333333281249998 0.57578125 0.1416666671875
3 0.50859375 0.23472222187499997 0.51015625 0.25694444375000003 0.50390625 0.26944444375 0.503125 0.28611111093749997 0.5078125 0.2958333328125 0.521875 0.2958333328125 0.52734375 0.2833333328125 0.5265625 0.26805555625 0.521875 0.259722221875 0.52265625 0.23333333281250002 0.5203125 0.22638888906250001 0.51328125 0.225 0.50859375 0.23472222187499997
3 0.61640625 0.1041666671875 0.615625 0.11805555625 0.61953125 0.127777778125 0.63125 0.1291666671875 0.6375 0.12361111093749999 0.63984375 0.115277778125 0.63515625 0.0958333328125 0.6375 0.084722221875 0.63515625 0.058333332812500006 0.628125 0.055555556250000006 0.62421875 0.059722221875 0.62109375 0.09305555625 0.61640625 0.1041666671875
0 0.66015625 0.272222221875 0.66796875 0.2833333328125 0.67890625 0.28472222187499996 0.6859375 0.275 0.6859375 0.22916666718749998 0.6890625 0.2125 0.6859375 0.1916666671875 0.6796875 0.190277778125 0.6734375 0.1986111109375 0.67109375 0.23333333281250002 0.66015625 0.2541666671875 0.66015625 0.272222221875
0 0.68984375 0.4875 0.67890625 0.5097222218749999 0.68125 0.5291666671875 0.69140625 0.5388888890625 0.69921875 0.5388888890625 0.709375 0.525 0.71015625 0.5111111109375 0.70625 0.49305555625 0.7109375 0.4763888890625 0.709375 0.4513888890625 0.70234375 0.4486111109375 0.6953125 0.4583333328125 0.69140625 0.46805555625000006 0.68984375 0.4875
2 0.69609375 0.60555555625 0.6953125 0.6236111109375 0.70078125 0.6375 0.709375 0.64305555625 0.72109375 0.6375 0.7265625 0.625 0.73203125 0.5944444437499999 0.73046875 0.56805555625 0.72578125 0.559722221875 0.71953125 0.5583333328125 0.70546875 0.5694444437499999 0.70390625 0.584722221875 0.69609375 0.60555555625
10 0.29453125 0.302777778125 0.29140625 0.28472222187499996 0.28125 0.26944444375 0.27109375 0.2736111109375 0.26796875 0.2791666671875 0.26796875 0.29305555625 0.27890625 0.33888888906250003 0.27734375 0.352777778125 0.284375 0.3625 0.2890625 0.3791666671875 0.296875 0.377777778125 0.303125 0.36805555624999997 0.30546875 0.3513888890625 0.303125 0.33888888906250003 0.29296875 0.322222221875 0.29453125 0.302777778125