9 0.27265625 0.23046875 0.04375 0.08125
8 0.2203125 0.23515625 0.053125 0.096875
3 0.53671875 0.15390625 0.0421875 0.0765625
2 0.58515625 0.134375 0.046875 0.0796875
2 0.57890625 0.09453125 0.0453125 0.0765625
9 0.3 0.30390625 0.0453125 0.0828125
6 0.29375 0.56953125 0.05625 0.1
8 0.3046875 0.6625 0.0578125 0.09375
9 0.31015625 0.37890625 0.0453125 0.0828125
11 0.315625 0.7671875 0.0640625 0.10625
5 0.75390625 0.6359375 0.0609375 0.0984375
0 0.6875 0.44453125 0.0546875 0.09375
9 0.3515625 0.55 0.0484375 0.084375
1 0.66875 0.3609375 0.06875 0.1234375
7 0.265625 0.46875 0.0640625 0.1125
9 0.36796875 0.64609375 0.0484375 0.08125
2 0.7328125 0.540625 0.059375 0.0953125
3 0.6671875 0.5625 0.046875 0.078125
6 0.2296875 0.31953125 0.0515625 0.09375
3 0.5796875 0.3078125 0.04375 0.078125
4 0.63671875 0.28515625 0.0640625 0.1125
9 0.39453125 0.76015625 0.0515625 0.0875
9 0.33515625 0.46640625 0.046875 0.084375
10 0.25078125 0.3875 0.0609375 0.109375
3 0.61328125 0.3828125 0.0453125 0.0765625
3 0.69375 0.6578125 0.0484375 0.0828125
3 0.6421875 0.47578125 0.046875 0.0796875
3 0.5171875 0.07265625 0.04375 0.08125
3 0.55546875 0.22578125 0.04375 0.078125
11 0.2015625 0.1640625 0.0546875 0.1
9 0.2546875 0.1640625 0.04375 0.084375
5 0.559375 0.05390625 0.0546875 0.1015625
0 0.60078125 0.19921875 0.0546875 0.1015625
2 0.63671875 0.25546875 0.0359375 0.0515625
2 0.53359375 0.13046875 0.0234375 0.034375
2 0.6421875 0.45625 0.0265625 0.0375
2 0.6125 0.3640625 0.025 0.034375
2 0.66640625 0.54609375 0.025 0.0359375
2 0.73203125 0.509375 0.0203125 0.0265625