7 0.45546875 0.30078125 0.0515625 0.11875
11 0.4171875 0.3953125 0.046875 0.096875
10 0.6234375 0.32890625 0.0515625 0.115625
6 0.403125 0.2140625 0.0453125 0.1
9 0.50390625 0.70625 0.040625 0.08125
2 0.540625 0.43515625 0.04375 0.09375
8 0.6078125 0.87421875 0.0484375 0.0875
0 0.46796875 0.23359375 0.0421875 0.096875
5 0.4546875 0.0828125 0.04375 0.0984375
5 0.53125 0.50078125 0.046875 0.1
8 0.71953125 0.3875 0.0453125 0.090625
1 0.48359375 0.13984375 0.05 0.11875
9 0.63515625 0.64140625 0.040625 0.0828125
3 0.30859375 0.65546875 0.04375 0.08125
4 0.6421875 0.18828125 0.05 0.1140625
9 0.65234375 0.45390625 0.0421875 0.08125
0 0.44609375 0.60234375 0.046875 0.0953125
6 0.2984375 0.46328125 0.0515625 0.1
3 0.39296875 0.59375 0.0421875 0.078125
3 0.3515625 0.1984375 0.040625 0.08125
2 0.34296875 0.80859375 0.05 0.09375
2 0.484375 0.99140625 0.025 0.0171875