9 0.4125 0.19375 0.03125 0.0625
9 0.34765625 0.5328125 0.040625 0.08125
9 0.44296875 0.43828125 0.034375 0.06875
9 0.43671875 0.3453125 0.0375 0.08125
11 0.23984375 0.1359375 0.0453125 0.0984375
11 0.290625 0.74765625 0.0515625 0.1015625
7 0.2765625 0.43984375 0.0546875 0.1203125
6 0.25234375 0.29375 0.046875 0.103125
10 0.38828125 0.4203125 0.05 0.1140625
0 0.61328125 0.69375 0.0484375 0.1046875
5 0.53828125 0.5859375 0.04375 0.09375
2 0.72734375 0.5640625 0.0515625 0.0953125
3 0.525 0.503125 0.0390625 0.08125
3 0.47890625 0.26015625 0.0375 0.08125
3 0.49296875 0.70859375 0.0390625 0.0796875
1 0.68359375 0.3796875 0.0609375 0.1234375
4 0.659375 0.30078125 0.053125 0.1125
0 0.63203125 0.21171875 0.0453125 0.103125
5 0.60625 0.06171875 0.0453125 0.0984375
3 0.5625 0.0765625 0.0375 0.08125
6 0.428125 0.70625 0.0453125 0.1
8 0.40078125 0.51796875 0.04375 0.09375
8 0.371875 0.271875 0.040625 0.0890625
2 0.503125 0.40234375 0.04375 0.0953125
3 0.52890625 0.1609375 0.0359375 0.078125
3 0.5671875 0.40234375 0.0390625 0.078125
9 0.3015625 0.20859375 0.034375 0.0796875
9 0.3703125 0.76015625 0.0390625 0.0671875
9 0.290625 0.1375 0.034375 0.078125