3 0.5278163921875 0.10301235 0.533184684375 0.10890009375000001 0.5456767421875 0.107441496875 0.5492671 0.0952092203125 0.5404620546875 0.074435265625 0.5372583203125 0.046666459375000004 0.529430278125 0.0370703265625 0.5228916703125 0.0400053046875 0.5214089234375 0.0474747359375 0.525782971875 0.06642082031249999 0.5278163921875 0.10301235
3 0.5384960296875 0.13190605312499998 0.5430064406249999 0.14796981250000002 0.5402170171875 0.167144290625 0.5425801109374999 0.1808529515625 0.547499609375 0.1882697296875 0.5603040984375001 0.188164425 0.564070525 0.1801677671875 0.563229884375 0.16610762031249998 0.5555382046874999 0.153629159375 0.5523344703124999 0.125860353125 0.547414971875 0.118443575 0.541012728125 0.1184962265625 0.5384960296875 0.13190605312499998
3 0.5748917484375 0.261769409375 0.580493059375 0.25477455625 0.5802772828125 0.24342099374999998 0.5710803921875 0.20705785937500001 0.563525075 0.191697071875 0.555776446875 0.1963368296875 0.5552534609374999 0.239220240625 0.557304121875 0.251575609375 0.5643709375 0.261347484375 0.5748917484375 0.261769409375
3 0.580208315625 0.3403656359375 0.5863378359375 0.3460776359375 0.5968586453125 0.3464995609375 0.6016987296874999 0.3396804515625 0.60005715625 0.3186781015625 0.592814271875 0.3046706078125 0.590723903125 0.28519729374999997 0.585491971875 0.2764272234375 0.5783285 0.27665561875 0.5753233 0.2844765359375 0.57645913125 0.32412613437500004 0.580208315625 0.3403656359375
3 0.6326242765625001 0.41806606718749995 0.633618521875 0.4050077265625 0.6202236515624999 0.353934125 0.6092540468750001 0.35504123593750003 0.6064473828125 0.3984518765625 0.6088104765625 0.4121605375 0.6158772921875 0.4219324140625 0.6251880812499999 0.4240591171875 0.6326242765625001 0.41806606718749995
3 0.6423148921874999 0.515608378125 0.6535969296874999 0.515854559375 0.658749446875 0.5103887406250001 0.659703984375 0.4902124546875 0.6477349109375 0.44878763906249997 0.6419178234375 0.44442893124999994 0.6353792171875 0.44736390937500004 0.6352256125 0.47448239843750006 0.6314988921875 0.4895970015625 0.6352480765624999 0.5058365031250001 0.6423148921874999 0.515608378125
3 0.6688888562499999 0.6064020171875 0.6801311859375 0.599530253125 0.6821990890625 0.5876494625 0.672201265625 0.5443441250000001 0.66804299375 0.536751603125 0.6573858203125 0.53921200625 0.65239213125 0.5731496046875 0.6555561578125 0.5938004671875 0.66047565625 0.6012172453125 0.6688888562499999 0.6064020171875
3 0.6967125484375 0.7026088234375 0.7041487453124999 0.6966157734375 0.7047908515625 0.6750861968749999 0.69112325625 0.6297772484374999 0.6856186 0.6267718328125 0.6786311984375 0.631235846875 0.6755121 0.67329319375 0.6795737171875 0.6908859875 0.6874017593749999 0.7004821203125 0.6967125484375 0.7026088234375
11 0.2056984140625 0.15599780937500002 0.211185828125 0.1832393875 0.2234448671875 0.1946633890625 0.2319944296875 0.1969658328125 0.23540871718749998 0.1804979375 0.21582737812500002 0.1408305515625 0.2097548078125 0.11800033593749999 0.202239196875 0.10975749531250001 0.190235640625 0.116805 0.19648428125 0.1438708359375 0.2056984140625 0.15599780937500002
11 0.282327321875 0.7483874078125 0.298471909375 0.7731685828125 0.3044081171875 0.7988811265625 0.318325971875 0.8070713140624999 0.33001709687499997 0.7986705171875 0.33284622656249996 0.7866139828125001 0.3278473140625 0.7649613125 0.311566365625 0.7430624640625 0.29954034531249996 0.718755865625 0.286110990625 0.7161545859375 0.2788508625 0.7263832531250001 0.282327321875 0.7483874078125
5 0.585391665625 0.039830267187500004 0.5776205734375 0.01311591875 0.5660261046875 0.0115164453125 0.5614984515625 0.0196888484375 0.5609530015625 0.031218153125 0.56823559375 0.05234359374999999 0.5668322609375 0.0740489140625 0.5718311734375 0.09570158125 0.5810056 0.1007106109375 0.585391665625 0.039830267187500004
5 0.7339504812500001 0.655525365625 0.7372508703125 0.6732939 0.7475386625 0.6865984218750001 0.7538045437500001 0.6894280968750001 0.7680917796875 0.6818533609374999 0.7697108890625 0.6715016046875 0.7633258859375001 0.6473180953125001 0.7639679921875 0.6257885171875001 0.7560605359375 0.6019564953125001 0.73913748125 0.6015872234375 0.7358992625 0.6222907375 0.7376772 0.640410759375 0.7339504812500001 0.655525365625
8 0.2946380875 0.687102925 0.30474980937499996 0.6961718296875 0.3185882515625 0.690126128125 0.32110495 0.6767163015625 0.3190542875 0.6643609328125 0.30206906093749997 0.6255196109375001 0.28372020937500003 0.615501553125 0.27884041718749997 0.61520271875 0.2758352171875 0.6230236359375 0.2799762484375 0.6548523187499999 0.2946380875 0.687102925
8 0.2368224953125 0.2699731515625 0.2502121421875 0.26545648437499997 0.24884329374999997 0.2386894828125 0.23699334218749998 0.218618503125 0.23109684062500002 0.200023903125 0.21181069218749998 0.185945971875 0.20929399375000002 0.1993557984375 0.20982220156250003 0.212062653125 0.22747199999999998 0.2607285046875 0.2368224953125 0.2699731515625
2 0.586651840625 0.1564239671875 0.5992233125 0.16920126093750001 0.6130220468750001 0.15603761562500001 0.6084719296875 0.1328559125 0.6086255328125 0.10573742500000001 0.6013429421875001 0.0846119875 0.595662215625 0.07737095000000001 0.5871126546875 0.07506850625 0.5839141421875 0.10288996406249999 0.58672603125 0.115069590625 0.5856748374999999 0.1452461484375 0.586651840625 0.1564239671875
2 0.7183633625 0.5393884546875001 0.7148127140625 0.558738678125 0.718425534375 0.5778605046874999 0.726566009375 0.5888099296875 0.7354280046875 0.5924656671874999 0.7454603125 0.58729868125 0.7487382375 0.5737131109375 0.7470172500000001 0.5384748734375 0.7398710203125 0.5144671078124999 0.7341902953125 0.507226071875 0.72778805 0.5072787234375 0.7223628078125001 0.5185091984375 0.7158242 0.521444175 0.7183633625 0.5393884546875001
0 0.604500171875 0.2406795421875 0.6149243265625 0.25110173750000003 0.6251327046874999 0.2501703703125 0.6302455140625 0.23758660625 0.620287396875 0.20139921562500002 0.6195434125 0.1773387984375 0.613198115625 0.1602732328125 0.607244665625 0.1587968515625 0.6004333328125 0.1674964828125 0.6070341125 0.2030335546875 0.6011997828125 0.2229110078125 0.604500171875 0.2406795421875
0 0.6823025406250001 0.4422324953125 0.67678064375 0.463463240625 0.6786949421874999 0.47870093437500005 0.6871478484375 0.49100365156250003 0.7028608828125 0.49307770156249997 0.7085985578125 0.483200521875 0.7091440078125 0.4716712140625 0.6998504609375 0.4453083515625 0.6995949765625 0.42683684375000003 0.6927611796875001 0.4041823703125 0.68801775 0.40100120937500006 0.680445190625 0.40987658437499996 0.6793145843749999 0.42581725312499996 0.6823025406250001 0.4422324953125
4 0.63212010625 0.24570635625 0.6336253187499999 0.2695910328125 0.6388969546875 0.28547904687500003 0.630955015625 0.310119346875 0.633181746875 0.326710334375 0.6405609937500001 0.3378355015625 0.6512578734375001 0.3424930453125 0.6617389765625 0.3357970234375 0.6622050140625 0.31003182812499996 0.65339996875 0.289257875 0.6563654609375 0.2743190140625 0.65503631875 0.25466995625 0.6528492953125 0.24519691406250002 0.6474810015625 0.239309171875 0.6369601921875 0.238887246875 0.63212010625 0.24570635625
10 0.24662700937499998 0.3332790296875 0.2331579484375 0.32355980624999997 0.22500023125 0.3368465421875 0.22812455156250003 0.3503794609375 0.24676859375000001 0.38598696875 0.2496201890625 0.405284540625 0.258658253125 0.4131758953125 0.2680484546875 0.4295384875 0.2753482890625 0.426427765625 0.279563509375 0.4169020703125 0.27747314218749997 0.39742875781250003 0.27269000625 0.3871296515625 0.2579712171875 0.3719972609375 0.254807190625 0.3513463984375 0.24662700937499998 0.3332790296875
6 0.2259150625 0.30955231250000004 0.257852096875 0.35064342656249997 0.2591587734375 0.338938378125 0.2557220203125 0.32405216875 0.24498543437500003 0.31227668125 0.23985015937499998 0.2935063390625 0.22952266093749998 0.27308387343749996 0.2244668 0.2685494203125 0.2147469234375 0.2750696984375 0.21804731249999998 0.2928382328125 0.2259150625 0.30955231250000004
6 0.2674909859375 0.520894221875 0.27190474062500003 0.54695825 0.28053371718750003 0.5634965843749999 0.284811109375 0.5924429421874999 0.29554769687500004 0.6042184296875 0.308039753125 0.60275983125 0.3123913375 0.5903518109375 0.3072163546875 0.5644635234375001 0.2954061109375 0.5515104890625 0.292594221875 0.5393308625000001 0.28257915625 0.5202616859375 0.27416595625 0.515076915625 0.2674909859375 0.520894221875
7 0.24384280781249998 0.40804377656249996 0.23845727343749998 0.4263921921875 0.2477508203125 0.45275505625 0.259737134375 0.46994371093750004 0.264366665625 0.5073613031249999 0.270047390625 0.5146023390625001 0.28011940625 0.5165532984375 0.29060050937500004 0.5098572781249999 0.29012925 0.48003220625000004 0.28396002343750004 0.46720226093750006 0.2698660984375 0.45477645468750005 0.2687130265625 0.439363015625 0.2582094578125 0.4147049296875 0.24384280781249998 0.40804377656249996
9 0.37954332968750004 0.6589484718749999 0.3771802359375 0.6452398109375 0.360234715625 0.6135164343749999 0.3493617671875 0.6046232734375 0.3431752984375 0.6160294875 0.35796730625 0.6525947296875 0.366681890625 0.6761719937499999 0.3767142 0.6710050078124999 0.37954332968750004 0.6589484718749999
1 0.677918046875 0.3121058765625 0.669368484375 0.3098034328125 0.663005946875 0.3169740296875 0.661915046875 0.3400326421875 0.6667378890625 0.3574496921875 0.6665048703124999 0.3703322890625 0.65897201875 0.386325609375 0.66119875 0.40291659687500003 0.671350178125 0.4191034453125 0.679899740625 0.421405890625 0.6807576234375 0.4112298765625 0.68801775 0.40100120937500006 0.694772134375 0.40941979375 0.6921932640625 0.3843575703125 0.6824906296875 0.3666416859375 0.6871149375 0.3484690109375 0.6868594546875 0.3299975046875 0.68467243125 0.3205244625 0.677918046875 0.3121058765625
9 0.3803494859375 0.721480940625 0.36951624375000003 0.7197057234375001 0.3659258875 0.7319380015625 0.3781107359375 0.78471638125 0.39005734375 0.7947870906250001 0.4000896515625 0.7896201046875 0.40194177968749994 0.76638575 0.3803494859375 0.721480940625
9 0.35318514218749997 0.5795083953125 0.364291109375 0.5755189609375 0.3671202390625 0.5634624234375 0.362433759375 0.5431630484375 0.34289212812500003 0.5106136078125 0.3338937703125 0.509840196875 0.3325473875 0.5144273015625 0.3321383 0.52307428125 0.3430734203125 0.5704394921875 0.35318514218749997 0.5795083953125
9 0.3386889265625 0.44031287499999994 0.328401134375 0.427008353125 0.3202037109375 0.43317714374999994 0.3313546078125 0.49189591874999994 0.3400802390625 0.49843398125 0.34921495937499997 0.49632506562499995 0.352941678125 0.4812104609375 0.3386889265625 0.44031287499999994
9 0.3026108625 0.36739307656250003 0.3045648671875 0.3897487171875 0.3085867765625 0.4002235640625 0.31883486250000004 0.40641014374999995 0.3284183765625 0.4027721921875 0.3304862796875 0.3908914 0.32798682343749996 0.38006506406249996 0.30961550625 0.3386929015625 0.3034859859375 0.3329809015625 0.2981574 0.334211103125 0.2956407015625 0.3476209296875 0.3026108625 0.36739307656250003
9 0.304514715625 0.27145023749999997 0.2942666296875 0.2652636609375 0.2906762734375 0.2774959390625 0.30147503124999997 0.32774347812500004 0.30975186875 0.335810575 0.3216190625 0.3316453953125 0.323823328125 0.3168822765625 0.304514715625 0.27145023749999997
9 0.293914490625 0.256792425 0.29812971250000003 0.24726672968750002 0.29576661875 0.23355806875 0.27878139218750003 0.194716746875 0.2701921234375 0.1852963578125 0.2648635359375 0.1865265578125 0.263829584375 0.192466953125 0.2758780703125 0.248127659375 0.2837061140625 0.2577237921875 0.293914490625 0.256792425
9 0.249594075 0.1273332078125 0.2630286515625 0.185524753125 0.2805765703125 0.18860060781250002 0.2826047671875 0.169601871875 0.2653071078125 0.12940725625 0.25640540624999997 0.118633575 0.249594075 0.1273332078125