6 0.403125 0.21484375 0.0453125 0.1015625
5 0.4546875 0.0828125 0.04375 0.0984375
10 0.6234375 0.32890625 0.0515625 0.115625
11 0.4171875 0.3953125 0.046875 0.0984375
9 0.50390625 0.70625 0.040625 0.0828125
0 0.46796875 0.23359375 0.0421875 0.096875
2 0.540625 0.4359375 0.0453125 0.0953125
8 0.6078125 0.87421875 0.0484375 0.0875
8 0.7203125 0.38828125 0.0453125 0.090625
5 0.53125 0.50078125 0.046875 0.1
7 0.45546875 0.3 0.053125 0.1203125
1 0.48359375 0.13984375 0.05 0.1203125
0 0.44609375 0.60234375 0.0484375 0.096875
3 0.3078125 0.65546875 0.04375 0.08125
4 0.64296875 0.190625 0.05 0.1140625
6 0.29921875 0.4625 0.0515625 0.1
2 0.34296875 0.80859375 0.05 0.09375
2 0.484375 0.9921875 0.025 0.015625