9 0.3484375 0.52421875 0.034375 0.0796875
11 0.346875 0.44375 0.040625 0.0984375
7 0.49296875 0.2421875 0.0421875 0.11875
5 0.68046875 0.696875 0.0453125 0.0984375
4 0.5578125 0.315625 0.04375 0.1125
1 0.6953125 0.39453125 0.053125 0.1234375
6 0.45390625 0.52109375 0.0375 0.096875
9 0.45078125 0.346875 0.0328125 0.078125
9 0.31953125 0.1265625 0.03125 0.08125
0 0.603125 0.70703125 0.040625 0.0984375
3 0.52734375 0.509375 0.034375 0.0765625
0 0.41796875 0.10078125 0.034375 0.1046875
11 0.39453125 0.3375 0.0390625 0.096875
9 0.4828125 0.1125 0.0296875 0.0796875
3 0.6546875 0.58359375 0.0375 0.0796875
6 0.5171875 0.409375 0.0359375 0.096875
9 0.39296875 0.190625 0.03125 0.0796875
3 0.5953125 0.084375 0.03125 0.0796875
3 0.4140625 0.6125 0.034375 0.075
9 0.47109375 0.7171875 0.034375 0.08125
3 0.55390625 0.165625 0.03125 0.0765625
5 0.66171875 0.21328125 0.0421875 0.09375