4 0.45234375 0.33515625 0.0421875 0.1125
7 0.4890625 0.24375 0.04375 0.1171875
9 0.3140625 0.13046875 0.0328125 0.08125
3 0.6546875 0.5828125 0.0359375 0.078125
1 0.3703125 0.09765625 0.0421875 0.1234375
11 0.3984375 0.43203125 0.0421875 0.096875
3 0.484375 0.63359375 0.034375 0.078125
9 0.47578125 0.1140625 0.03125 0.0796875
5 0.5828125 0.3984375 0.040625 0.0953125
9 0.35 0.52890625 0.0359375 0.078125
5 0.528125 0.5953125 0.040625 0.0953125
3 0.59140625 0.1640625 0.03125 0.078125
3 0.53203125 0.0953125 0.03125 0.0765625
11 0.4140625 0.609375 0.040625 0.0921875
9 0.3875 0.18984375 0.0328125 0.08125
6 0.5953125 0.5890625 0.0421875 0.09375
0 0.553125 0.2375 0.0375 0.0984375
3 0.45390625 0.421875 0.0328125 0.078125