9 0.65859375 0.3390625 0.028125 0.0609375
9 0.65546875 0.515625 0.03125 0.078125
9 0.66171875 0.61171875 0.0328125 0.078125
9 0.66171875 0.72890625 0.0328125 0.084375
7 0.721875 0.415625 0.0421875 0.1109375
10 0.71640625 0.33515625 0.0375 0.1015625
6 0.72265625 0.26640625 0.0328125 0.096875
6 0.71640625 0.521875 0.0375 0.09375
8 0.7265625 0.6140625 0.040625 0.0890625
11 0.7390625 0.71875 0.04375 0.0984375
11 0.71484375 0.10546875 0.034375 0.096875
9 0.66328125 0.11484375 0.0265625 0.078125
3 0.47578125 0.50546875 0.0296875 0.0765625
3 0.47109375 0.7046875 0.03125 0.078125
2 0.484375 0.40234375 0.034375 0.09375
3 0.4921875 0.25859375 0.028125 0.078125
3 0.42109375 0.41015625 0.028125 0.0734375
3 0.37890625 0.33046875 0.028125 0.0765625
3 0.35078125 0.60078125 0.03125 0.075
2 0.2828125 0.59140625 0.040625 0.0890625
0 0.3046875 0.4875 0.0375 0.0921875
1 0.303125 0.4015625 0.0453125 0.11875
4 0.31875 0.32109375 0.040625 0.1125
0 0.334375 0.23046875 0.034375 0.1
5 0.34140625 0.07890625 0.0328125 0.0953125
5 0.2828125 0.6890625 0.0421875 0.0921875
3 0.3859375 0.08671875 0.028125 0.078125
3 0.43046875 0.1671875 0.0265625 0.075
9 0.54921875 0.42421875 0.028125 0.0796875
9 0.5484375 0.178125 0.0265625 0.0796875
9 0.6609375 0.184375 0.0265625 0.078125
9 0.6 0.25703125 0.03125 0.0890625