7 0.45546875 0.49765625 0.0578125 0.1140625
0 0.409375 0.80234375 0.0609375 0.1046875
10 0.51015625 0.76328125 0.0625 0.1109375
6 0.6484375 0.4328125 0.0515625 0.096875
9 0.78359375 0.70859375 0.0484375 0.0828125
4 0.34921875 0.50546875 0.05625 0.1046875
5 0.31171875 0.5984375 0.0546875 0.0921875
9 0.67734375 0.578125 0.046875 0.0796875
6 0.57421875 0.403125 0.05 0.0953125
5 0.434375 0.63203125 0.0515625 0.0921875
9 0.4953125 0.6296875 0.0453125 0.0796875
9 0.54296875 0.52265625 0.040625 0.071875
0 0.55859375 0.66484375 0.05625 0.1
2 0.39765625 0.4453125 0.05 0.0921875
3 0.45625 0.425 0.0421875 0.075
1 0.6 0.57421875 0.0609375 0.11875
9 0.6921875 0.90546875 0.0515625 0.0890625
9 0.49296875 0.93984375 0.053125 0.0875
3 0.65234375 0.72109375 0.046875 0.0796875
8 0.53046875 0.8390625 0.0546875 0.09375
8 0.56171875 0.9375 0.0609375 0.10625
3 0.82421875 0.87734375 0.0515625 0.0890625