0 0.5046875 0.615625 0.0546875 0.0984375
8 0.4171875 0.49296875 0.0515625 0.090625
10 0.46015625 0.2921875 0.0609375 0.115625
4 0.5015625 0.15859375 0.0578125 0.1125
2 0.596875 0.25703125 0.05 0.09375
5 0.7171875 0.1421875 0.0515625 0.1
11 0.61953125 0.43984375 0.053125 0.0984375
6 0.75625 0.30234375 0.0578125 0.103125
3 0.72578125 0.84453125 0.0546875 0.08125
9 0.7078125 0.9828125 0.05625 0.034375
8 0.24453125 0.79375 0.0546875 0.0890625
2 0.51171875 0.84609375 0.05625 0.096875
2 0.3046875 0.9546875 0.0265625 0.0234375
9 0.42890625 0.9890625 0.0234375 0.021875