6 0.47109375 0.45 0.0359375 0.0921875
9 0.521875 0.51171875 0.0328125 0.0734375
2 0.42734375 0.31875 0.0359375 0.090625
7 0.37734375 0.64765625 0.0484375 0.1171875
4 0.36171875 0.35859375 0.040625 0.103125
5 0.446875 0.56875 0.0375 0.0921875
9 0.5046875 0.68125 0.0359375 0.0796875
10 0.33125 0.51328125 0.046875 0.1078125
9 0.4171875 0.44296875 0.03125 0.0734375
9 0.65 0.46875 0.0328125 0.075
9 0.22890625 0.72734375 0.0453125 0.0984375
9 0.70625 0.353125 0.0328125 0.071875
9 0.36953125 0.8140625 0.0390625 0.0828125
3 0.6453125 0.39296875 0.03125 0.071875
0 0.50078125 0.83359375 0.04375 0.1046875
3 0.60625 0.67578125 0.034375 0.0765625
3 0.5375 0.39296875 0.03125 0.071875
8 0.56796875 0.83046875 0.04375 0.1015625
8 0.7125 0.590625 0.0390625 0.0875
3 0.70546875 0.771875 0.0375 0.0796875