9 0.58203125 0.18515625 0.034375 0.0828125
9 0.65234375 0.53125 0.0390625 0.08125
6 0.57421875 0.7046875 0.04375 0.1
9 0.56015625 0.34453125 0.0359375 0.08125
7 0.721875 0.4359375 0.053125 0.121875
8 0.62421875 0.26953125 0.0390625 0.0890625
11 0.71328125 0.74296875 0.0515625 0.103125
5 0.3859375 0.06328125 0.04375 0.0984375
2 0.49453125 0.40390625 0.0421875 0.0953125
10 0.61015625 0.41796875 0.0484375 0.115625
3 0.5171875 0.25859375 0.0359375 0.08125
1 0.31484375 0.3828125 0.0578125 0.1234375
3 0.51171875 0.709375 0.0375 0.078125
3 0.4296875 0.07734375 0.0359375 0.08125
8 0.59921875 0.51640625 0.04375 0.09375
0 0.390625 0.69609375 0.046875 0.103125
3 0.475 0.50390625 0.0375 0.0796875
4 0.3375 0.3046875 0.0515625 0.1109375
11 0.75390625 0.13203125 0.04375 0.0984375
6 0.74375 0.290625 0.0453125 0.1015625
9 0.55625 0.434375 0.034375 0.0765625
0 0.3625 0.2140625 0.0421875 0.0984375
3 0.46640625 0.16171875 0.0359375 0.0796875
3 0.43125 0.40390625 0.0375 0.078125
5 0.46484375 0.58515625 0.04375 0.0953125
9 0.69296875 0.20546875 0.0328125 0.0796875
9 0.63515625 0.75703125 0.0375 0.0671875
5 0.27421875 0.5703125 0.05 0.0921875
9 0.703125 0.13359375 0.0328125 0.08125