9 0.3359375 0.81328125 0.0453125 0.08125
4 0.63828125 0.4390625 0.053125 0.1046875
6 0.3375 0.50390625 0.046875 0.096875
7 0.53828125 0.478125 0.0546875 0.1125
10 0.60625 0.740625 0.0578125 0.1109375
0 0.7140625 0.73203125 0.0578125 0.1046875
9 0.375 0.6484375 0.04375 0.078125
5 0.71171875 0.50625 0.0515625 0.0921875
9 0.47109375 0.53984375 0.0390625 0.0703125
9 0.5609375 0.61328125 0.04375 0.0796875
6 0.39140625 0.44609375 0.046875 0.0953125
3 0.50546875 0.41328125 0.0390625 0.075
9 0.5046875 0.9484375 0.05 0.0890625
2 0.5671875 0.40625 0.0484375 0.0921875
9 0.6984375 0.8921875 0.05 0.0875
0 0.4421875 0.6109375 0.059375 0.1203125
8 0.63671875 0.91953125 0.0578125 0.10625
3 0.46015625 0.765625 0.04375 0.0796875
8 0.62109375 0.81796875 0.0515625 0.0921875
3 0.3734375 0.96875 0.05 0.0625