9 0.3484375 0.52265625 0.0328125 0.0796875
5 0.6765625 0.7 0.04375 0.096875
6 0.45390625 0.52109375 0.0359375 0.0953125
9 0.453125 0.346875 0.03125 0.078125
4 0.5609375 0.31640625 0.040625 0.1109375
0 0.425 0.0984375 0.0328125 0.103125
3 0.52734375 0.5109375 0.0328125 0.0765625
3 0.6515625 0.58828125 0.034375 0.078125
0 0.59921875 0.7078125 0.0390625 0.0984375
9 0.3265625 0.1234375 0.0296875 0.0796875
11 0.3484375 0.44140625 0.0390625 0.096875
9 0.3984375 0.18828125 0.0296875 0.078125
11 0.3984375 0.33671875 0.0375 0.0953125
6 0.51875 0.40859375 0.034375 0.0984375
7 0.49765625 0.2421875 0.0390625 0.1140625
3 0.41171875 0.61171875 0.0328125 0.075
3 0.60234375 0.0859375 0.0296875 0.078125
9 0.4515625 0.325 0.01875 0.034375
5 0.665625 0.215625 0.0390625 0.09375
9 0.46796875 0.71796875 0.034375 0.08125
3 0.56015625 0.16640625 0.0296875 0.075
9 0.3953125 0.16640625 0.0171875 0.0328125
9 0.321875 0.103125 0.01875 0.034375
1 0.4921875 0.159375 0.0375 0.1203125
3 0.5609375 0.14609375 0.01875 0.0328125
6 0.51953125 0.3828125 0.021875 0.0453125
3 0.5265625 0.4921875 0.0203125 0.034375
3 0.6546875 0.56796875 0.01875 0.034375
9 0.4640625 0.69609375 0.0203125 0.0359375
3 0.59921875 0.68203125 0.0234375 0.0453125
9 0.48828125 0.0953125 0.01875 0.0421875
3 0.5625 0.2859375 0.025 0.04375
3 0.6703125 0.18984375 0.021875 0.0359375