3 0.3665986390625 0.3087538078125 0.3656775390625 0.3615235484375 0.37412454375 0.37000559375000003 0.3835465953125 0.3673918546875 0.389208428125 0.3563778796875 0.388669690625 0.34247747031250003 0.3841768203125 0.33128624375000004 0.3807559546875 0.303444525 0.3777283890625 0.297835275 0.3698928390625 0.29908760624999997 0.3665986390625 0.3087538078125
3 0.3563149046875 0.45026255156249995 0.368837240625 0.4490920296875 0.375280203125 0.43809168906249996 0.37476570625 0.42280260312499995 0.36299479375 0.38092412656249997 0.352840090625 0.380746875 0.3503512609375 0.38903803593749997 0.35021129218749997 0.441821409375 0.3563149046875 0.45026255156249995
3 0.36404019375 0.544856228125 0.36889665625 0.5352172953125 0.3691875296875 0.518553165625 0.3566354859375 0.47666105625000005 0.3448700421875 0.47923389062500005 0.3417025078125 0.5264080171875001 0.3468553109375 0.5445562640625 0.36404019375 0.544856228125
3 0.3491126828125 0.6390544984375001 0.36087812812500003 0.6364816640625001 0.36734533125 0.6240926453125 0.3654140078125 0.6004442265625001 0.35420607187500003 0.57107748125 0.34327023749999996 0.5708865953125 0.3407814078125 0.5791777546875 0.34147105 0.629197409375 0.3491126828125 0.6390544984375001
3 0.466123596875 0.7397230640625 0.4785732140625 0.7427185749999999 0.4873595703125 0.7317591359375 0.488480053125 0.7123312890625 0.4840356625 0.69836270625 0.4842538171875 0.6858646109375 0.4790767734375 0.6691050390625 0.4680924609375 0.6716915078125 0.46031085781250003 0.71461779375 0.46231489843749995 0.73410018125 0.466123596875 0.7397230640625
3 0.4811230875 0.2385196171875 0.4823217578125 0.2593770453125 0.476659925 0.27039102187499997 0.47785859531249997 0.29124845312500003 0.483229553125 0.2968986046875 0.4957518890625 0.29572808125 0.500632590625 0.2847004703125 0.5000938546875 0.2708000625 0.49484409218750003 0.2582065234375 0.49669722812500006 0.241569665625 0.494571990625 0.229030665625 0.48605226718749994 0.22471465156249998 0.4811230875 0.2385196171875
3 0.36958555937500004 0.182397803125 0.3693674046875 0.1948959 0.3753982984375 0.2075030734375 0.3855530015625 0.20768032500000003 0.3927770953125 0.19669361875 0.39074881562499997 0.178599909375 0.38466944375 0.1687700890625 0.385105753125 0.143773896875 0.38056440468749997 0.135360025 0.37587761875000003 0.1352782171875 0.37102115625 0.14491715 0.37366089062499996 0.1727452359375 0.36958555937500004 0.182397803125
3 0.3721416390625 0.1254893015625 0.3838586046875 0.125693821875 0.39022885 0.1188595125 0.38497361875 0.061814664062500004 0.3773077453125 0.053346253125 0.370107890625 0.0629442828125 0.3711126453125 0.0949111296875 0.36764876874999997 0.114298075 0.3721416390625 0.1254893015625
3 0.328125 0.08125 0.0015625 0.0015625
5 0.327102675 0.10942303906249999 0.3377233953125 0.12766673125 0.3448505328125 0.1222347328125 0.34814473281249997 0.11256853124999999 0.34106060625 0.0707718625 0.34291374218750004 0.054135003125000004 0.340740025 0.0443733578125 0.3338552828125 0.0359185828125 0.3228467296875 0.039893729687500004 0.3202851828125 0.05235092031250001 0.327102675 0.10942303906249999
5 0.272373396875 0.6932790265625 0.27044754375 0.71408191875 0.276333 0.73502115625 0.291126009375 0.7380575703125001 0.29666664531250003 0.73398698125 0.3039876984375 0.7174455640625 0.3028132671875 0.6951994578125 0.287966309375 0.6504890890625 0.280203478125 0.6475753875 0.269927578125 0.6543415218749999 0.267341790625 0.6681873921875 0.272373396875 0.6932790265625
2 0.330262375 0.1969915203125 0.3341680296875 0.19705969375000001 0.34300286562500004 0.1833229015625 0.33455039375 0.1303895453125 0.3217074765625 0.10516156406249999 0.316947971875 0.1092457875 0.3119945515625 0.12443943125000001 0.31790971562500003 0.1884413015625 0.330262375 0.1969915203125
2 0.2656231546875 0.5875895671875 0.2757590875 0.6336068046875 0.28113004531249997 0.6392569578125 0.2944577515625 0.63671139375 0.30253569687500004 0.6215722890625 0.30282657031250004 0.6049081593750001 0.29464619999999997 0.5811506640624999 0.293350571875 0.5658479421875 0.2756027125 0.5530362484375 0.2700378375 0.558495515625 0.2656231546875 0.5875895671875
0 0.3209912296875 0.2357245046875 0.316746221875 0.2550978140625 0.31801761093750003 0.2717892125 0.3256592453125 0.2816463 0.3358381875 0.2804348734375 0.343867653125 0.2680731234375 0.3441342859375 0.252797675 0.3358084796875 0.23737224218750003 0.3326300078125 0.195643746875 0.3194234984375 0.19124592499999998 0.3160081015625 0.20785551406249997 0.3209912296875 0.2357245046875
0 0.28948245781250004 0.4740997953125 0.29314571875 0.4880547421875 0.2896818421875 0.5074416859374999 0.2909774703125 0.52274440625 0.29781373437499997 0.5339765375 0.30794419687499996 0.5355424671875 0.3190981859375 0.52323525625 0.32095132187500003 0.5065983968750001 0.31040331875 0.48418867343749994 0.3055413890625 0.44937629687499997 0.30019466875 0.4423374671875 0.29077261718749997 0.44495120468750005 0.28948245781250004 0.4740997953125
4 0.3023465109375 0.2742938734375 0.2975142890625 0.28254412812499996 0.2973203734375 0.293653546875 0.3001055453125 0.3131495703125 0.3061606765625 0.324368065625 0.30103758125 0.34928245 0.30614190625000004 0.370208053125 0.31773767343750003 0.3773559609375 0.32879470624999996 0.370603459375 0.333699646875 0.3581871703125 0.3331366703125 0.345675440625 0.3279353875 0.33030454531250003 0.32178329687499996 0.324640759375 0.3186533046875 0.28013490937499996 0.3125254546875 0.273082446875 0.3023465109375 0.2742938734375
1 0.287709875 0.351828015625 0.2826352578125 0.37396504531249997 0.2854689078125 0.3906837109375 0.293794715625 0.40610914375 0.28796320625 0.4268438625 0.28916187656250003 0.44770129062499997 0.29145679062499996 0.45051955 0.2962647734375 0.4436579703125 0.306909734375 0.4605129859375 0.312401890625 0.45921975000000004 0.322114815625 0.43994188437500004 0.32086766718750004 0.421861809375 0.307903553125 0.4035772125 0.3083641015625 0.37719234375 0.3017217546875 0.35485079375 0.2947885328125 0.34917337187499997 0.287709875 0.351828015625
9 0.5362385671875 0.214477853125 0.5455879 0.21603014687500002 0.5535204078125 0.20922310624999998 0.551413940625 0.15084411874999998 0.549215984375 0.1424711515625 0.5429911765625001 0.140973396875 0.53647549375 0.15613977031249998 0.5309403265625 0.20466166874999997 0.5362385671875 0.214477853125
9 0.54132175625 0.4604373609375 0.5522333515625 0.4620169234375 0.5610197078125 0.45105748593749995 0.5564486515625 0.39958098125 0.5534938031250001 0.3898057015625 0.5488554953125 0.3869465390625 0.5408260312500001 0.39930828749999997 0.5367804078125 0.4520234890625 0.54132175625 0.4604373609375
9 0.643146359375 0.5358370390625 0.6468823375 0.54562595625 0.66091845625 0.5472600562500001 0.6681425515625 0.53627335 0.669015171875 0.4862809640625 0.6660360843750001 0.4778943625 0.659054384375 0.47499429531250004 0.65180605 0.48736967968749995 0.6426561015625001 0.519159278125 0.643146359375 0.5358370390625
9 0.6553887578125 0.6402332656249999 0.6670330046874999 0.6446038187500001 0.6757708828125 0.6364217359375 0.6767889406250001 0.5780972875 0.6659500640625 0.572351690625 0.660336709375 0.5805883140625 0.649600259375 0.61373931875 0.6508474093750001 0.6318193937500001 0.6553887578125 0.6402332656249999
9 0.669610959375 0.76550055625 0.6784215546875 0.7531524421875 0.6793668937499999 0.698994025 0.6733117609375 0.687775528125 0.66227896875 0.6931393531250001 0.6512758859375001 0.741565809375 0.6571613421875 0.762505046875 0.669610959375 0.76550055625
9 0.65774781875 0.37078895625 0.6664856968749999 0.362606871875 0.6682364062499999 0.3070734140625 0.6621570343750001 0.29724359375 0.6542487671874999 0.30266195625000003 0.6432941609375 0.3483110578125 0.646103571875 0.366418403125 0.65774781875 0.37078895625
9 0.6596087890625 0.21940948906250002 0.6659790343750001 0.2125751796875 0.6650469984375 0.17644229843749998 0.6678267015625 0.1514870109375 0.66091771875 0.1444209125 0.6521071234375 0.1567690265625 0.643398953125 0.2080137421875 0.6510163484375 0.2192595078125 0.6596087890625 0.21940948906250002
9 0.64397523125 0.130234175 0.6460762296875 0.14416185312500002 0.6506660578125001 0.1497983703125 0.6672394859375 0.1403639578125 0.6652839234375 0.118104215625 0.667452171875 0.0834145515625 0.6636677140625 0.076402990625 0.658199796875 0.0763075484375 0.6525379640625 0.0873215234375 0.6505636328125 0.11090176874999999 0.64397523125 0.130234175
8 0.5956881796875 0.30025067656250004 0.606012559375 0.2907071875 0.609840028125 0.25049008281249996 0.6086413578125 0.229632653125 0.60109668125 0.21422085468750002 0.58674545 0.230639559375 0.5810648453125 0.287493521875 0.58558195625 0.297296071875 0.5956881796875 0.30025067656250004
8 0.71094601875 0.63564661875 0.7154388890625001 0.646837846875 0.7286211578125 0.6526243453125 0.7397509078125 0.6417058124999999 0.7474113124999999 0.6057229140625 0.7477749046875 0.5848927546875 0.7410355984375 0.5681059125 0.719678428125 0.583013228125 0.719460271875 0.5955113234375 0.7112368921875001 0.6189824921875 0.71094601875 0.63564661875
11 0.70316604375 0.09653984374999999 0.6917211812499999 0.12551118125 0.6922841578125001 0.1380229125 0.6960686140625 0.1450344734375 0.7061506 0.1493777546875 0.71728035 0.13845922187499998 0.7153490265625 0.114810803125 0.72283975625 0.0885486453125 0.7240814359375001 0.0621774109375 0.7179535859375 0.055124946875000004 0.710142275 0.0549886 0.7053342921875 0.061850178125 0.701943134375 0.077071090625 0.70316604375 0.09653984374999999
11 0.7355598484375 0.702753078125 0.7243573796875 0.7178376421875 0.723091459375 0.74559755625 0.72760856875 0.7554001046875001 0.7415477296875 0.7625889156250001 0.7526290015625 0.7544477374999999 0.755311746875 0.735047159375 0.7531380296875 0.7252855125 0.7644616953125001 0.7032575609375 0.76333574375 0.6782341 0.75337495625 0.6669474296875 0.74553940625 0.6681997609375 0.7407314234375 0.6750613375000001 0.734996871875 0.6902413468749999 0.7355598484375 0.702753078125
6 0.7000719656250001 0.5423870828124999 0.7052732484375 0.5577579765625 0.719285128125 0.5607807546875 0.7280472453125 0.5512099953125 0.7324807 0.47627595625 0.7286962421875 0.469264396875 0.723228325 0.46916895312499995 0.7168580796875 0.4760032625 0.701095490625 0.5285139437499999 0.7000719656250001 0.5423870828124999
6 0.7047017015625 0.2771497078125 0.702848565625 0.2937865671875 0.70658454375 0.30357548125 0.710538678125 0.3008663 0.72930459375 0.2553535453125 0.7329623859375001 0.22485718124999998 0.72607764375 0.21640240624999998 0.7189989859375 0.21905704843749998 0.712337865625 0.2425554859375 0.7103877734374999 0.264747053125 0.7047017015625 0.2771497078125
10 0.7092969984375 0.32723753437499997 0.69968103125 0.3409606921875 0.6962656328125 0.3575702828125 0.6968528484375 0.36869333593750003 0.7044460046875 0.381327778125 0.712233075 0.382852803125 0.725215959375 0.3552974109375 0.72321191875 0.3358150234375 0.7313868218749999 0.315121209375 0.7350930921875001 0.2818474921875 0.7227404328125 0.273297271875 0.713978315625 0.2828680328125 0.7137844 0.2939774515625 0.70885521875 0.3077824171875 0.7092969984375 0.32723753437499997
7 0.7140674390624999 0.41205592968750004 0.705305321875 0.42162669218750004 0.70110879375 0.4382226453125 0.703821246875 0.46188469843749996 0.70762994375 0.46750758281250004 0.7185172984375 0.47047582343750005 0.7279878296875 0.4650847296875 0.7320389203125 0.45682083906250004 0.72964158125 0.41510597968749996 0.7369141546875 0.4013419171875 0.74054770625 0.3722342328125 0.734541053125 0.35823838124999996 0.7235809796875 0.3594361734375 0.7179433859375 0.369061471875 0.7145764671875 0.3828937078125 0.7140674390624999 0.41205592968750004