7 0.540625 0.48046875 0.05 0.1125
0 0.7015625 0.74296875 0.053125 0.103125
10 0.59375 0.74609375 0.053125 0.109375
6 0.3375 0.49609375 0.04375 0.096875
9 0.3203125 0.803125 0.0421875 0.08125
4 0.640625 0.44609375 0.0484375 0.103125
5 0.71171875 0.5171875 0.046875 0.090625
9 0.3671875 0.64140625 0.040625 0.078125
6 0.39375 0.43984375 0.0421875 0.0953125
5 0.61171875 0.59609375 0.0453125 0.090625
9 0.5546875 0.61796875 0.040625 0.078125
9 0.46953125 0.5375 0.0359375 0.0703125
0 0.51015625 0.675 0.0484375 0.1
2 0.57265625 0.409375 0.04375 0.0921875
3 0.5109375 0.41328125 0.0359375 0.0734375
1 0.43671875 0.60703125 0.053125 0.1171875
9 0.48125 0.9484375 0.0453125 0.0875
9 0.678125 0.90234375 0.0453125 0.0859375
3 0.44609375 0.76328125 0.040625 0.078125
8 0.6046875 0.82421875 0.0484375 0.0921875
8 0.6140625 0.9265625 0.053125 0.1046875
3 0.34921875 0.96484375 0.0453125 0.0703125