1 0.46171875 0.15 0.05625 0.121875
8 0.7453125 0.80234375 0.0515625 0.0890625
10 0.546875 0.29453125 0.05625 0.1140625
9 0.584375 0.68828125 0.04375 0.08125
5 0.2953125 0.1328125 0.0484375 0.1
6 0.29921875 0.275 0.05 0.1015625
8 0.65859375 0.31171875 0.0484375 0.090625
3 0.384375 0.71796875 0.046875 0.08125
9 0.6234375 0.39921875 0.0453125 0.0828125
11 0.44140625 0.3421875 0.05 0.1015625
9 0.6796875 0.57734375 0.0453125 0.0828125
7 0.34765625 0.18046875 0.05625 0.121875
5 0.41484375 0.51328125 0.0515625 0.0984375
11 0.53515625 0.078125 0.0484375 0.096875
4 0.61171875 0.1265625 0.0578125 0.1140625
6 0.3 0.54453125 0.05625 0.103125
0 0.5453125 0.47265625 0.05 0.1
3 0.6296875 0.57890625 0.04375 0.078125
0 0.48046875 0.25 0.05 0.1015625
3 0.2453125 0.28046875 0.0453125 0.08125
2 0.4765625 0.8453125 0.053125 0.0953125
2 0.3203125 0.3578125 0.0515625 0.1
2 0.6796875 0.9609375 0.0265625 0.0234375