2 0.49179762031249996 0.4493043390625 0.5002692765625001 0.44015077187499996 0.5015159437500001 0.388723571875 0.48854914843749997 0.3613635171875 0.4774487984375 0.374510109375 0.47289097656249995 0.4284903328125 0.477183796875 0.44549787968750004 0.49179762031249996 0.4493043390625
11 0.7119338953125001 0.1347273078125 0.7109650546874999 0.1485823640625 0.7165216421875 0.15871688125 0.7282118468750001 0.159534340625 0.7349310421874999 0.15304279062499998 0.7372648078124999 0.142067740625 0.7354069109375 0.123838178125 0.7441649453125 0.0993895515625 0.7466882046875 0.074504946875 0.7339237265625 0.0666509671875 0.7270107640625 0.07591352812499999 0.723316346875 0.095147115625 0.7250730843750001 0.103623640625 0.7119338953125001 0.1347273078125
11 0.7102227890624999 0.7527801609375 0.71393003125 0.7669622 0.7274738562499999 0.774870678125 0.7390629 0.7659351 0.7427573171875 0.7467015140625 0.7412912328125 0.734068471875 0.75258535 0.7181508671875 0.7536467984375 0.6917717640625 0.7435110140625001 0.6799247578125 0.732212621875 0.68470381875 0.720341475 0.7200729984375001 0.71148228125 0.7347685859374999 0.7102227890624999 0.7527801609375
5 0.348353596875 0.07031944531249999 0.342814109375 0.1047390984375 0.3496387390625 0.1191391265625 0.3630814046875 0.11729456875 0.3694087890625 0.1052064984375 0.362575609375 0.06852938593749999 0.36646379375000004 0.0465247859375 0.3583711234375 0.027859246875 0.3504807703125 0.0286997796875 0.34532026875 0.035300323437499996 0.343673240625 0.058853920312499995 0.348353596875 0.07031944531249999
5 0.2590521609375 0.6530094953125001 0.2588626671875 0.6669190484375 0.2629617203125 0.686697609375 0.2598528828125 0.7087567046875 0.2636570078125 0.7215532390625 0.275739021875 0.7279672171875 0.285478721875 0.7230791609375 0.2928761046875 0.7068890718749999 0.29335625 0.6888230015625 0.2872140828125 0.6758629765624999 0.2818427140625 0.6406803640625001 0.27356055 0.6359243765625 0.263041503125 0.6407579343750001 0.2590521609375 0.6530094953125001
1 0.3014047296875 0.3385311421875 0.295755534375 0.3409206734375 0.289137496875 0.357165259375 0.290801625 0.3781658328125 0.298894296875 0.396831371875 0.2921793765625 0.41446146562499997 0.2927735046875 0.439564059375 0.3031956671875 0.43611600624999997 0.3085584859375 0.44902153437500003 0.313137684375 0.4507340234375 0.3244318015625 0.43481641875 0.32578817656250003 0.4154193421875 0.31526058125 0.3979758140625 0.31301515 0.385288275 0.3149571046875 0.3687167046875 0.3095900109375 0.344672634375 0.3014047296875 0.3385311421875
4 0.3118981265625 0.26686633125000003 0.30839747812499996 0.28332890625 0.3150368890625 0.3227770296875 0.3092950828125 0.337690609375 0.313785946875 0.3630656875 0.32596484531250003 0.3680941609375 0.335801428125 0.3618206 0.341349465625 0.3496780328125 0.3410502640625 0.331557465625 0.3292546265625 0.3098484265625 0.3320728109375 0.29194585 0.330408684375 0.270945275 0.32387898125 0.263527271875 0.3118981265625 0.26686633125000003
7 0.7041632421874999 0.4474470234375 0.7039737484375 0.461356578125 0.708363453125 0.47697862031250005 0.7197630046875 0.481952596875 0.73028205 0.47711903749999995 0.7338838578125 0.4704095 0.7333823390624999 0.4327828578125 0.7426290671875 0.4125452453125 0.747001671875 0.3836131203125 0.7378390015625 0.3690496 0.7254706109375 0.3779306796875 0.7167211265625 0.42465639062499994 0.7072763546874999 0.436526471875 0.7041632421874999 0.4474470234375
6 0.7133629453125 0.3046854484375 0.7164846078125 0.3160419796875 0.7426703765625 0.266358690625 0.747139865625 0.2360410578125 0.7367134281250001 0.2283505703125 0.729606696875 0.2403841421875 0.7232878625 0.274749296875 0.7144286703125 0.2894448859375 0.7133629453125 0.3046854484375
9 0.66033743125 0.2230098390625 0.6732956765625 0.2280928109375 0.68079421875 0.22165575624999997 0.6830311 0.2120662125 0.6818513921875 0.184138109375 0.685545809375 0.1649045234375 0.68320349375 0.153602490625 0.6718082171875001 0.15976705625 0.6676293796875 0.185928171875 0.6590651140625 0.2076057859375 0.66033743125 0.2230098390625
9 0.6644022828125 0.1536800625 0.6679114828125 0.1594945703125 0.6858321859375 0.1496094640625 0.6890250828125 0.0927492375 0.68561276875 0.085549221875 0.6801573390625 0.085167740625 0.672953725 0.0985868203125 0.6638124296875 0.1397160109375 0.6644022828125 0.1536800625
9 0.5643808765625 0.21769218437500001 0.5696382609375 0.20970613437500002 0.570215290625 0.1902545578125 0.5670936281250001 0.1788980265625 0.569520003125 0.155398928125 0.561722259375 0.1437154140625 0.55451864375 0.1571344921875 0.546451621875 0.20530020625 0.551131978125 0.21676573124999998 0.5643808765625 0.21769218437500001
9 0.664294015625 0.37922191875 0.673448134375 0.37150835312499997 0.675878784375 0.359147796875 0.674311540625 0.33676171875 0.6780059578125 0.31752813125 0.67108444375 0.304513609375 0.6643652484375 0.31100515781250004 0.6501603375 0.3573493875 0.6535769265625 0.3756879453125 0.664294015625 0.37922191875
9 0.644390046875 0.5518651484375 0.6550102515625 0.5567846265624999 0.664164371875 0.5490710625 0.6670837171875 0.5409215203125 0.6693077734374999 0.49791634843750004 0.664821184375 0.48367981093749995 0.6542052546875 0.4898988765625 0.641264109375 0.5293700734375 0.6410746171875 0.543279628125 0.644390046875 0.5518651484375
9 0.6478365609375001 0.6481735 0.6600154609375 0.6532019734375 0.6684871171875 0.64404840625 0.6724593609375 0.5872426749999999 0.6627153875 0.5809921874999999 0.6558024234375 0.5902547515625 0.6443188125 0.62008190625 0.6438386687500001 0.638147978125 0.6478365609375001 0.6481735
9 0.6432075046875 0.77037048125 0.6547039406249999 0.7739589515625 0.6639549453125 0.7648598828125001 0.6687065359375 0.7081086484375 0.6616881375 0.69647963125 0.6519484390625 0.7013676875 0.6395928718749999 0.74366439375 0.6392096109375001 0.760344959375 0.6432075046875 0.77037048125
9 0.542556328125 0.4625996953125 0.5541496484375 0.4648026609375 0.562524421875 0.45703459999999996 0.5643694921875 0.44184853437499994 0.5614330468750001 0.4054439078125 0.557628921875 0.3926473734375 0.551394146875 0.39221139531250004 0.5461367609375001 0.4001974453125 0.5392408984375 0.4540141765625 0.542556328125 0.4625996953125
8 0.5960733734375 0.3020528828125 0.6092253859375 0.3043648421875 0.617793928125 0.2938257703125 0.62322798125 0.238514540625 0.6196176234374999 0.22294699375000002 0.614259078125 0.2211800078125 0.5998475734375 0.2368796234375 0.591586784375 0.287816346875 0.5960733734375 0.3020528828125
8 0.7081412015625 0.6593518125 0.719540753125 0.6643257890625 0.732006028125 0.654059203125 0.7349210984375001 0.63477111875 0.741539134375 0.61852653125 0.7428955109375 0.599129453125 0.7405531937500001 0.58782741875 0.7332441453125 0.58035491875 0.7151296734375 0.5930110359375 0.7046234515625 0.6312602203125001 0.7041433078125 0.649326290625 0.7081412015625 0.6593518125
6 0.7133686609375001 0.5733959671875 0.7206734359375 0.5697299265625 0.7269039359375 0.5590273625 0.72562734375 0.532484765625 0.733702915625 0.5065961375 0.7340861765625 0.489915571875 0.7293089359375 0.4798355515625 0.718789890625 0.48466910937499996 0.6993275921875 0.538999390625 0.7012866468750001 0.5669819890625 0.7133686609375001 0.5733959671875
3 0.46367844687500004 0.5378362812499999 0.4687463390625 0.5437597843749999 0.48140965781249995 0.5418607296875 0.487543275 0.5325436703124999 0.488120303125 0.5130920953125 0.48352828125 0.47796397968750004 0.477777925 0.470600471875 0.4721287296875 0.47299000312499995 0.46230497187499997 0.5126791921875 0.46367844687500004 0.5378362812499999
3 0.4491330234375 0.7122464984375 0.4501146875 0.73180706875 0.457326853125 0.7406650765625 0.46833459375000003 0.7400425312500001 0.476220671875 0.72806345625 0.47738327968750005 0.7114373875 0.4736760390625 0.6972553484375 0.473081909375 0.6721527546875 0.4695727109375 0.666338246875 0.46002677968750005 0.6684552906250001 0.4491330234375 0.7122464984375
3 0.342821265625 0.6310215953125 0.3547052375 0.6290680421875 0.361032621875 0.616979971875 0.361024071875 0.5947028875 0.35068596875 0.5633498078125 0.33889888125 0.5639178546875 0.3332667859375 0.6108615546875 0.3355122171875 0.62354909375 0.342821265625 0.6310215953125
3 0.41200075781249995 0.414486509375 0.4127886546875 0.4368180921875 0.418539009375 0.44418159843750005 0.4295467515625 0.443559053125 0.4374328296875 0.431579978125 0.4375254375 0.41905592968749994 0.432941965625 0.4062048984375 0.43176225781250005 0.378276796875 0.4274737125 0.37240779218750003 0.420265821875 0.374688328125 0.41200075781249995 0.414486509375
3 0.3766052953125 0.3270823125 0.3716428359375 0.3420503890625 0.373108921875 0.35468343125 0.37876239218749996 0.36343244218750004 0.3897701328125 0.3628098984375 0.395806865625 0.3548783453125 0.3969694734375 0.3382522765625 0.391994190625 0.31980472656250003 0.3906207140625 0.2946476375 0.3805860890625 0.29255366718750003 0.3765967453125 0.304805228125 0.3766052953125 0.3270823125
3 0.429932846875 0.180445053125 0.43061958437500003 0.1930235984375 0.4355905921875 0.2003326078125 0.44494275468750005 0.200986575 0.45341441250000003 0.19183300781249998 0.45370078906250005 0.17653795 0.4481399265625 0.1552648890625 0.44939941875 0.137253315625 0.4460839890625 0.1286677953125 0.4398492125 0.1282318171875 0.43537117500000005 0.136272365625 0.4347984203125 0.1668624828125 0.429932846875 0.180445053125
3 0.48968183125 0.2667676546875 0.4878367609375 0.28195371874999997 0.4924202328125 0.29480475 0.506448478125 0.29578570000000004 0.511802746875 0.2864141453125 0.5121860078125 0.2697335796875 0.5068231890625 0.25682805000000003 0.5099320265625 0.23476895625 0.5059341328125 0.22474343281250003 0.4988231265625 0.2256384640625 0.496000665625 0.23240249999999998 0.4949392171875 0.258781603125 0.48968183125 0.2667676546875
3 0.39180325625 0.076142303125 0.39336622499999996 0.0873898390625 0.3873337671875 0.1064599359375 0.3890905046875 0.11493646093750001 0.39493774375 0.1209144609375 0.40672483125000003 0.12034641406249999 0.4112997546875 0.11092036093749999 0.411489246875 0.0970108078125 0.4075882375 0.0855997796875 0.40679606562500004 0.052129654687500006 0.40318998281249996 0.047700653125 0.39598209375 0.0499811875 0.39180325625 0.076142303125
0 0.3314530328125 0.20001200156249999 0.3334078125 0.21685605937500002 0.330210640625 0.26257774375 0.33654657499999996 0.27276675781250004 0.347554315625 0.2721442140625 0.3561228578125 0.2616051421875 0.3573823484375 0.2435935703125 0.3479247515625 0.22204802343750002 0.3480088109375 0.187246890625 0.3423553390625 0.1784978796875 0.3360236796875 0.1794474078125 0.3314530328125 0.20001200156249999
0 0.2945259671875 0.43690204218749995 0.2912233609375 0.4617321484375 0.294736834375 0.4786852 0.2895806078125 0.4964242859375 0.28939111562500003 0.5103338390625 0.298553784375 0.5248973609375 0.3063472546875 0.5254423328125 0.3171569515625 0.5164522578125 0.32085136875 0.4972186703125 0.31149065625 0.47428761875000003 0.3112883375 0.45478154687499994 0.308069790625 0.44481051875000005 0.30173385625 0.4346215046875 0.2945259671875 0.43690204218749995
2 0.2653453453125 0.5518130890624999 0.2619458546875 0.5780287000000001 0.2652698359375 0.6088913046875 0.2698533078125 0.6217423359375001 0.2811559765625 0.62810181875 0.290116328125 0.623159265625 0.296540596875 0.6096856890625 0.297020740625 0.5916196203124999 0.29068053125 0.5702920625 0.2901875625 0.5549425046875001 0.2769343890625 0.542877509375 0.2706027296875 0.5438270375 0.2653453453125 0.5518130890624999
10 0.707633965625 0.353014653125 0.70442396875 0.36532071250000003 0.7055994015625 0.382110271875 0.7111559890625 0.3922447890625 0.7188525734375 0.39417526718749996 0.7246912640625001 0.3778761828125 0.7323835734374999 0.36866811875 0.7317937203125 0.35470406875 0.7459017484375 0.30974534375 0.7468705875 0.2958902875 0.7441407359375 0.290130275 0.7342998781250001 0.28526529375 0.7231026453125 0.2997973921875 0.718725765625 0.3175909765625 0.7189280828125 0.33709705 0.707633965625 0.353014653125