9 0.35 0.18046875 0.025 0.078125
8 0.2984375 0.171875 0.03125 0.09140625
3 0.625 0.175 0.02421875 0.07265625
2 0.6765625 0.16875 0.02890625 0.075
2 0.68125 0.12890625 0.02734375 0.07265625
9 0.3578125 0.25859375 0.025 0.0796875
6 0.2828125 0.5140625 0.03359375 0.09453125
8 0.26953125 0.60625 0.03671875 0.0875
9 0.34765625 0.33359375 0.0265625 0.078125
11 0.253125 0.71015625 0.040625 0.0984375
5 0.71015625 0.696875 0.03828125 0.09140625
0 0.6953125 0.4953125 0.0328125 0.08828125
9 0.34375 0.51015625 0.02890625 0.07890625
1 0.69921875 0.409375 0.040625 0.11640625
7 0.28125 0.409375 0.03828125 0.10625
9 0.334375 0.60703125 0.02890625 0.0765625
2 0.7140625 0.59921875 0.0375 0.08828125
3 0.6453125 0.60390625 0.02890625 0.0734375
6 0.2859375 0.25546875 0.0296875 0.08984375
3 0.6265625 0.33515625 0.02578125 0.0734375
4 0.6875 0.328125 0.0375 0.10703125
9 0.33046875 0.72421875 0.03046875 0.0828125
9 0.34921875 0.425 0.0265625 0.0796875
10 0.28828125 0.3265625 0.0359375 0.10390625
3 0.63984375 0.41640625 0.02734375 0.071875
3 0.64609375 0.70234375 0.0296875 0.07734375
3 0.64375 0.51328125 0.028125 0.07421875
3 0.62734375 0.09140625 0.02421875 0.07734375
3 0.62421875 0.24921875 0.02578125 0.07421875
11 0.2984375 0.0984375 0.03046875 0.09609375
9 0.35 0.11171875 0.0234375 0.08125
5 0.67265625 0.084375 0.03046875 0.096875
0 0.675 0.23515625 0.03046875 0.09765625
2 0.6953125 0.29921875 0.02421875 0.04765625
2 0.628125 0.1515625 0.01640625 0.03046875
2 0.6484375 0.49453125 0.01796875 0.03359375
2 0.64375 0.39765625 0.01796875 0.03125
2 0.64921875 0.5875 0.0171875 0.03203125
2 0.721875 0.56953125 0.0140625 0.02421875