9 0.4796875 0.5140625 0.0390625 0.075
7 0.6359375 0.63359375 0.059375 0.1203125
5 0.56015625 0.5640625 0.046875 0.09375
9 0.34765625 0.48515625 0.0390625 0.078125
2 0.553125 0.3109375 0.0453125 0.09375
10 0.66875 0.4953125 0.05625 0.1109375
3 0.34453125 0.40859375 0.0390625 0.075
9 0.6625 0.7984375 0.046875 0.0859375
6 0.5234375 0.4484375 0.0453125 0.0953125
3 0.41328125 0.68515625 0.040625 0.0765625
8 0.46640625 0.83515625 0.053125 0.1046875
8 0.2984375 0.6125 0.046875 0.0890625
3 0.45234375 0.39765625 0.0390625 0.0734375