3 0.278125 0.7546875 0.03203125 0.0796875
6 0.53203125 0.45234375 0.0296875 0.08984375
9 0.478125 0.509375 0.02734375 0.071875
7 0.6140625 0.65390625 0.03984375 0.11484375
4 0.64921875 0.36796875 0.03359375 0.10078125
10 0.66953125 0.52421875 0.0390625 0.10546875
9 0.58828125 0.4484375 0.02734375 0.071875
3 0.47109375 0.3921875 0.02578125 0.06953125
9 0.75703125 0.7453125 0.03984375 0.09453125
3 0.52265625 0.3171875 0.025 0.0703125
9 0.48515625 0.6796875 0.0296875 0.078125
2 0.5859375 0.32421875 0.03046875 0.0890625
9 0.3546875 0.46328125 0.02578125 0.07265625
9 0.6109375 0.82265625 0.03359375 0.08125
0 0.54921875 0.57421875 0.0328125 0.08828125
3 0.41953125 0.3390625 0.02578125 0.071875
0 0.47890625 0.83515625 0.03671875 0.10078125
9 0.30390625 0.340625 0.02734375 0.07109375
8 0.41796875 0.6546875 0.03359375 0.08671875
8 0.41171875 0.8265625 0.03671875 0.0984375
3 0.35 0.634375 0.0296875 0.075
3 0.375 0.3828125 0.0265625 0.06875
3 0.33203125 0.85234375 0.03203125 0.08046875