0 0.4796875 0.61328125 0.0421875 0.096875
8 0.58359375 0.5046875 0.040625 0.0890625
10 0.56796875 0.29921875 0.046875 0.115625
4 0.54609375 0.16171875 0.04375 0.1109375
2 0.43828125 0.24609375 0.0390625 0.0921875
5 0.334375 0.115625 0.0390625 0.0984375
11 0.38984375 0.4234375 0.0421875 0.096875
6 0.27421875 0.26875 0.0453125 0.1015625
3 0.22890625 0.809375 0.0453125 0.0796875
9 0.2234375 0.9671875 0.046875 0.065625
2 0.328125 0.990625 0.05 0.01875
8 0.7125 0.8265625 0.04375 0.0859375
2 0.440625 0.84140625 0.0453125 0.09375
2 0.63046875 0.97734375 0.0234375 0.021875
9 0.5015625 0.9921875 0.021875 0.015625