9 0.478125 0.51171875 0.0328125 0.0734375
5 0.55390625 0.56953125 0.040625 0.0921875
7 0.625 0.6453125 0.05 0.1171875
9 0.34921875 0.471875 0.0328125 0.075
2 0.56953125 0.315625 0.0375 0.090625
3 0.353125 0.39453125 0.0328125 0.071875
10 0.66953125 0.51015625 0.0484375 0.1078125
9 0.6359375 0.81171875 0.0390625 0.084375
6 0.528125 0.45078125 0.0390625 0.09375
3 0.396875 0.678125 0.0359375 0.0765625
8 0.4375 0.83125 0.04375 0.1015625
3 0.46171875 0.39375 0.03125 0.071875
8 0.2890625 0.59375 0.0390625 0.0875