0 0.34765625 0.22265625 0.0390625 0.1
3 0.4078125 0.08203125 0.03125 0.0796875
7 0.71875 0.4234375 0.046875 0.1203125
9 0.565625 0.18125 0.0296875 0.0796875
3 0.475 0.50546875 0.0328125 0.078125
8 0.6 0.5109375 0.0390625 0.09375
8 0.61171875 0.26328125 0.0359375 0.0890625
10 0.60546875 0.4109375 0.0421875 0.115625
9 0.55234375 0.43671875 0.0296875 0.0671875
9 0.55234375 0.34140625 0.03125 0.0828125
4 0.32734375 0.31328125 0.046875 0.1109375
6 0.58515625 0.7 0.040625 0.1
0 0.40078125 0.7015625 0.0421875 0.1015625
3 0.5046875 0.2578125 0.03125 0.08125
9 0.65390625 0.521875 0.0359375 0.0796875
5 0.36328125 0.0703125 0.0390625 0.096875
3 0.521875 0.7078125 0.034375 0.0765625
11 0.72578125 0.73125 0.046875 0.1
1 0.3078125 0.39296875 0.053125 0.121875
2 0.490625 0.40234375 0.0375 0.09375
6 0.7328125 0.27734375 0.0390625 0.1015625
3 0.44765625 0.1640625 0.03125 0.078125
3 0.4265625 0.40703125 0.034375 0.0765625
2 0.27734375 0.58125 0.0453125 0.09375
9 0.67734375 0.1953125 0.0296875 0.0796875
5 0.46953125 0.5859375 0.0390625 0.0953125
9 0.6484375 0.75 0.034375 0.065625
11 0.73515625 0.11796875 0.0390625 0.1
9 0.68203125 0.12890625 0.028125 0.0734375