9 0.521875 0.18203125 0.025 0.0609375
9 0.65546875 0.50078125 0.0328125 0.0796875
9 0.54296875 0.428125 0.028125 0.0671875
9 0.5296875 0.3359375 0.0296875 0.0796875
11 0.67890625 0.08984375 0.0359375 0.096875
11 0.75625 0.6984375 0.0421875 0.1
7 0.70546875 0.39453125 0.04375 0.11875
6 0.69921875 0.246875 0.0359375 0.1
10 0.5921875 0.39921875 0.0390625 0.1125
0 0.4296875 0.71328125 0.0390625 0.1015625
5 0.48046875 0.59140625 0.034375 0.090625
2 0.290625 0.61015625 0.0421875 0.0921875
3 0.4765625 0.50859375 0.03125 0.078125
3 0.47109375 0.2609375 0.0296875 0.0796875
3 0.55078125 0.70234375 0.0328125 0.0765625
1 0.2953125 0.42109375 0.0484375 0.1203125
4 0.303125 0.33828125 0.04375 0.109375
0 0.3109375 0.2453125 0.0359375 0.1
5 0.3046875 0.09296875 0.0359375 0.096875
3 0.35078125 0.0984375 0.0296875 0.0796875
6 0.61328125 0.68671875 0.0359375 0.0984375
8 0.60078125 0.496875 0.034375 0.090625
8 0.57734375 0.25 0.0328125 0.0875
2 0.4765625 0.4046875 0.034375 0.09375
3 0.4015625 0.17421875 0.0296875 0.0765625
3 0.4140625 0.41875 0.03125 0.0765625
9 0.63359375 0.1734375 0.0265625 0.078125
9 0.68125 0.72734375 0.0328125 0.0640625
9 0.6296875 0.10234375 0.0265625 0.0765625