9 0.64921875 0.5375 0.040625 0.08125
11 0.6578125 0.45703125 0.0484375 0.1
7 0.5296875 0.24375 0.0515625 0.11875
5 0.303125 0.68046875 0.053125 0.1
4 0.45859375 0.3109375 0.0515625 0.1140625
1 0.31484375 0.37734375 0.0625 0.125
6 0.54375 0.525 0.0453125 0.0984375
9 0.5625 0.3515625 0.0390625 0.0796875
9 0.71171875 0.14375 0.0375 0.08125
0 0.3796875 0.696875 0.0484375 0.1
3 0.471875 0.50703125 0.040625 0.078125
0 0.61640625 0.109375 0.04375 0.1046875
11 0.61875 0.346875 0.046875 0.0984375
9 0.55078125 0.115625 0.0359375 0.08125
3 0.33828125 0.56953125 0.04375 0.08125
6 0.490625 0.4078125 0.04375 0.0984375
9 0.63359375 0.2015625 0.0375 0.08125
3 0.44140625 0.078125 0.0375 0.08125
3 0.57578125 0.61953125 0.040625 0.0765625
9 0.509375 0.71875 0.0421875 0.0828125
3 0.47578125 0.1625 0.0375 0.0765625
5 0.3640625 0.2 0.0484375 0.0953125