0 0.6890625 0.24609375 0.0359375 0.1
3 0.64921875 0.0984375 0.0296875 0.0796875
7 0.29453125 0.39375 0.04375 0.11875
9 0.4796875 0.175 0.028125 0.0796875
3 0.5234375 0.509375 0.03125 0.078125
8 0.39921875 0.496875 0.0359375 0.0921875
8 0.42265625 0.25 0.0328125 0.0875
10 0.4078125 0.39765625 0.0390625 0.1140625
9 0.45703125 0.4296875 0.028125 0.065625
9 0.4703125 0.3359375 0.0296875 0.08125
4 0.696875 0.3390625 0.04375 0.109375
6 0.3875 0.68671875 0.0375 0.0984375
0 0.5703125 0.71328125 0.0390625 0.1015625
3 0.52890625 0.26015625 0.0296875 0.08125
9 0.34453125 0.50078125 0.0328125 0.078125
5 0.6953125 0.09296875 0.0359375 0.096875
3 0.44921875 0.703125 0.03125 0.0765625
11 0.24375 0.69765625 0.04375 0.1
1 0.70546875 0.42109375 0.0484375 0.1203125
2 0.52265625 0.4046875 0.034375 0.09375
6 0.30078125 0.246875 0.0359375 0.1015625
3 0.5984375 0.17421875 0.0296875 0.078125
3 0.5859375 0.41875 0.03125 0.075
2 0.709375 0.6109375 0.04375 0.0921875
9 0.3671875 0.17421875 0.028125 0.078125
5 0.51796875 0.5890625 0.0359375 0.09375
9 0.31796875 0.7265625 0.0328125 0.0640625
11 0.3203125 0.0890625 0.0359375 0.0984375
9 0.37109375 0.10703125 0.0265625 0.0734375