4 0.47265625 0.33046875 0.0328125 0.109375
7 0.5203125 0.24375 0.034375 0.115625
9 0.3609375 0.1109375 0.025 0.0796875
3 0.64375 0.60078125 0.0296875 0.0765625
1 0.4203125 0.084375 0.0328125 0.121875
11 0.4078125 0.4203125 0.034375 0.0953125
3 0.46796875 0.63046875 0.028125 0.075
9 0.5234375 0.11328125 0.025 0.078125
5 0.59453125 0.409375 0.0328125 0.0921875
9 0.34765625 0.5109375 0.0296875 0.075
5 0.51640625 0.59765625 0.0328125 0.0921875
3 0.63125 0.178125 0.025 0.0765625
3 0.58125 0.10234375 0.025 0.075
11 0.4015625 0.5984375 0.034375 0.090625
9 0.42578125 0.178125 0.0265625 0.0796875
6 0.58359375 0.6 0.034375 0.0921875
0 0.58515625 0.24609375 0.0296875 0.096875
3 0.4640625 0.41640625 0.0265625 0.0765625