9 0.478125 0.340625 0.0328125 0.078125
0 0.48828125 0.0921875 0.034375 0.1046875
9 0.38828125 0.1015625 0.03125 0.0828125
5 0.64375 0.725 0.0453125 0.0984375
7 0.53828125 0.2453125 0.040625 0.11875
0 0.56484375 0.7203125 0.040625 0.1
3 0.52578125 0.51484375 0.034375 0.0765625
11 0.3375 0.08515625 0.040625 0.1
3 0.66640625 0.10703125 0.03125 0.0796875
9 0.4484375 0.1765625 0.03125 0.0828125
11 0.240625 0.6921875 0.05 0.1
9 0.31328125 0.72265625 0.034375 0.065625
6 0.31171875 0.24375 0.040625 0.1015625
9 0.346875 0.49765625 0.0359375 0.078125
9 0.55 0.115625 0.0296875 0.0796875
3 0.63671875 0.61171875 0.0359375 0.078125
6 0.5328125 0.4125 0.0375 0.0984375
3 0.3953125 0.59609375 0.034375 0.075
0 0.70859375 0.24609375 0.040625 0.0953125
3 0.6109375 0.18046875 0.03125 0.0765625
1 0.71015625 0.43046875 0.053125 0.1234375
0 0.7046875 0.34765625 0.046875 0.1109375