9 0.71796875 0.22265625 0.0421875 0.08125
8 0.7703125 0.22578125 0.0515625 0.0953125
3 0.4515625 0.15546875 0.040625 0.0765625
2 0.40234375 0.1375 0.0453125 0.0796875
2 0.40703125 0.09765625 0.04375 0.0765625
9 0.69296875 0.296875 0.0421875 0.0828125
6 0.70859375 0.5625 0.0546875 0.1
8 0.70078125 0.65546875 0.0546875 0.09375
9 0.6859375 0.371875 0.04375 0.0828125
11 0.69296875 0.76015625 0.0625 0.1046875
5 0.25078125 0.64453125 0.0578125 0.0984375
0 0.3109375 0.4515625 0.0515625 0.09375
9 0.65 0.5453125 0.0453125 0.0828125
1 0.3265625 0.3671875 0.065625 0.121875
7 0.73359375 0.4609375 0.0609375 0.1125
9 0.6375 0.64140625 0.0453125 0.08125
2 0.26875 0.5484375 0.05625 0.09375
3 0.33515625 0.56875 0.0453125 0.078125
6 0.76328125 0.31015625 0.0484375 0.09375
3 0.4140625 0.3109375 0.0421875 0.078125
4 0.35625 0.290625 0.0609375 0.1125
9 0.61484375 0.75625 0.0484375 0.0875
9 0.6640625 0.4609375 0.04375 0.084375
10 0.7453125 0.37890625 0.0578125 0.109375
3 0.3828125 0.38671875 0.0421875 0.0765625
3 0.3125 0.6640625 0.046875 0.0828125
3 0.35703125 0.48046875 0.04375 0.078125
3 0.46796875 0.0734375 0.040625 0.08125
3 0.43515625 0.22734375 0.0421875 0.078125
11 0.78671875 0.15390625 0.0515625 0.1
9 0.73359375 0.15546875 0.040625 0.084375
5 0.425 0.05625 0.0515625 0.1015625
0 0.3890625 0.20234375 0.0515625 0.1015625
2 0.3546875 0.26015625 0.034375 0.0515625
2 0.45390625 0.13203125 0.0234375 0.0328125
2 0.35625 0.4609375 0.025 0.0375
2 0.3828125 0.36796875 0.025 0.034375
2 0.33515625 0.5515625 0.0234375 0.034375
2 0.26796875 0.51796875 0.01875 0.0265625